--------------------
id : 1019317569
explain variance ratio : 0.31889154172862566
Weight :
Term_Premium : -0.419199966319441
Stock_Market_Volatility : -0.1893698146969156
Current_Account_Balance_over_GDP : -0.5657533741903905
Current_Account_Balance_change_yryr% : -0.06886477865652933
Broad_Money_mo12m%_change : -0.5623545690530685
Foreign_Exchange_Reserve_change_yryr% : -0.3838600813282735
--------------------

