--------------------
id : 1020290827
explain variance ratio : 0.3574058901403208
Weight :
Term_Premium : -0.19455748142770896
Stock_Prices_mom24mma%_change : -0.5894822616184738
One-Day_Repo_Rate_AVG : -0.036735833596531264
Current_Account_Balance_over_GDP : -0.5464015791464674
Current_Account_Balance_change_yryr% : -0.13171789171116632
Foreign_Exchange_Reserve_change_yryr% : -0.5453478151574978
--------------------

