--------------------
id : 1020922406
explain variance ratio : 0.32551162688633833
Weight :
Term_Premium : -0.12212119639720487
Risk_Premium : -0.3206620290511508
Stock_Prices_mom%_change : -0.26741959581519503
Stock_Prices_mom24mma%_change : -0.5255480797695969
Current_Account_Balance_change_yryr% : -0.18574112213779578
Current_Account_Balance_over_GDP : -0.5503263424657033
Foreign_Exchange_Reserve_over_GDP : -0.44406013610225714
--------------------

