--------------------
id : 1040368835
explain variance ratio : 0.38390551533098244
Weight :
Term_Premium : -0.1971574884295161
Stock_Prices_mom24mma%_change : -0.46934374523729483
Current_Account_Balance_over_GDP : -0.48628476909445995
One-Day_Repo_Rate_EOP : -0.013952416407000706
Foreign_Exchange_Reserve_change_yryr% : -0.4841953243319098
Broad_Money_mo12m%_change : -0.28993223995964834
Foreign_Exchange_Reserve_over_GDP : -0.4308967522656055
--------------------

