--------------------
id : 1073904836
explain variance ratio : 0.35593001349268794
Weight :
Term_Premium : -0.25179705170180156
Stock_Prices_mom%_change : -0.31423002849308757
Stock_Prices_mom24mma%_change : -0.5107108996196255
Current_Account_Balance_over_GDP : -0.5105204654543857
Current_Account_Balance_change_yryr% : -0.08576244410729639
Broad_Money_mo12m%_change : -0.3350403531330684
Foreign_Exchange_Reserve_change_yryr% : -0.4436143936603901
--------------------

