--------------------
id : 1102586878
explain variance ratio : 0.2760140459329544
Weight :
Risk_Premium : -0.23373788759031525
Stock_Prices_mom%_change : -0.38945486222001524
Stock_Market_Volatility : -0.06708007699058022
Current_Account_Balance_change_yryr% : -0.24636267705042028
Current_Account_Balance_over_GDP : -0.6674986967228379
Foreign_Exchange_Reserve_change_yryr% : -0.5319235797544675
--------------------

