--------------------
id : 1104975021
explain variance ratio : 0.29400424714148093
Weight :
Term_Premium : -0.4605996303110715
Stock_Market_Volatility : -0.19229818730510329
Current_Account_Balance_change_yryr% : -0.04790694359198465
Broad_Money_mo12m%_change : -0.6413666067897068
Portfolio_Flows : -0.497330185503698
Foreign_Exchange_Reserve_over_GDP : -0.2998097309195712
--------------------

