--------------------
id : 1109966554
explain variance ratio : 0.4843847305617399
Weight :
Term_Premium : -0.19754609207082896
Stock_Prices_mom24mma%_change : -0.5486370714295488
Current_Account_Balance_over_GDP : -0.5007605290928934
Portfolio_Flows : -0.41777719865201557
Foreign_Exchange_Reserve_change_yryr% : -0.48443163619837204
--------------------

