--------------------
id : 1126142431
explain variance ratio : 0.3186608044957571
Weight :
Term_Premium : -0.2809143796286171
Stock_Prices_mom24mma%_change : -0.47364476615096074
Stock_Market_Volatility : -0.08082727431977252
Current_Account_Balance_over_GDP : -0.5711755856979839
Current_Account_Balance_change_yryr% : -0.1347770610440394
Broad_Money_mo12m%_change : -0.4166281911823209
Foreign_Exchange_Reserve_over_GDP : -0.41500511198387907
--------------------

