--------------------
id : 1136102942
explain variance ratio : 0.33650346083930854
Weight :
Term_Premium : -0.3330328479954662
Risk_Premium : -0.23820009463595182
Stock_Prices_mom%_change : -0.4262038281071644
Current_Account_Balance_over_GDP : -0.6104907225492795
Portfolio_Flows : -0.5272582020789331
--------------------

