--------------------
id : 1139525323
explain variance ratio : 0.263135926786973
Weight :
Term_Premium : -0.2588220426368758
Risk_Premium : -0.1345071607676952
Stock_Market_Volatility : -0.030085654082306956
Current_Account_Balance_change_yryr% : -0.16012656057927
Current_Account_Balance_over_GDP : -0.6097029531995302
Portfolio_Flows : -0.49726887814418363
Foreign_Exchange_Reserve_change_yryr% : -0.5189983464828933
--------------------

