--------------------
id : 1159285453
explain variance ratio : 0.2277442105725722
Weight :
Term_Premium : -0.3546996010002176
Stock_Prices_mom%_change : -0.18381326808720677
Stock_Market_Volatility : -0.017640911270070198
REER : -0.1789504965614877
Policy_Rate_&_Fed_Funds_Rate_Differential_EOP : -0.5505651960679866
Current_Account_Balance_change_yryr% : -0.11791006527771422
Portfolio_Flows : -0.4135276757386605
Foreign_Exchange_Reserve_change_yryr% : -0.5657176295099449
--------------------

