--------------------
id : 1181623919
explain variance ratio : 0.2812833766842905
Weight :
Term_Premium : -0.3130021733639744
Stock_Prices_mom24mma%_change : -0.5332779724749533
Stock_Market_Volatility : -0.054546011450859536
Current_Account_Balance_change_yryr% : -0.12191077381542931
REER : -0.15491041895882346
One-Day_Repo_Rate_EOP : -0.4834208499914305
Foreign_Exchange_Reserve_change_yryr% : -0.5352713025710607
Broad_Money_mo12m%_change : -0.23579316347257162
--------------------

