--------------------
id : 1190242886
explain variance ratio : 0.281967057612053
Weight :
Term_Premium : -0.13630731051577366
Stock_Prices_mom%_change : -0.1423152718975561
One-Day_Repo_Rate_AVG : -0.6217124826118136
REER : -0.11773815835090212
Policy_Rate_&_Fed_Funds_Rate_Differential_AVG : -0.6066307424221118
Foreign_Exchange_Reserve_change_yryr% : -0.41485905743233376
Portfolio_Flows : -0.13768915460772585
Foreign_Exchange_Reserve_over_GDP : -0.0413617823073168
--------------------

