--------------------
id : 1198389185
explain variance ratio : 0.2887640603975764
Weight :
Term_Premium : -0.40126890335652776
Risk_Premium : -0.07934448293381102
Stock_Market_Volatility : -0.19477786807557923
Current_Account_Balance_over_GDP : -0.5103565047807458
Current_Account_Balance_change_yryr% : -0.0619502370536309
Broad_Money_mo12m%_change : -0.57828623718077
Portfolio_Flows : -0.4427558428516039
--------------------

