--------------------
id : 1199446464
explain variance ratio : 0.4662037211733639
Weight :
Risk_Premium : -0.3000875406076124
Stock_Prices_mom24mma%_change : -0.522998714969679
Current_Account_Balance_over_GDP : -0.5375450621237505
Portfolio_Flows : -0.3834139656638729
Foreign_Exchange_Reserve_over_GDP : -0.44772631063230384
--------------------

