--------------------
id : 1208230522
explain variance ratio : 0.2875301901513818
Weight :
Term_Premium : -0.22880561063976257
Stock_Prices_mom%_change : -0.05016019053797521
REER : -0.3931481534000857
Current_Account_Balance_change_yryr% : -0.1426643274572585
One-Day_Repo_Rate_EOP : -0.6920839247039189
Foreign_Exchange_Reserve_change_yryr% : -0.5396602710415613
--------------------

