--------------------
id : 1224595402
explain variance ratio : 0.3753927398575226
Weight :
Term_Premium : -0.18140244182081194
Risk_Premium : -0.10809564917278602
Stock_Prices_mom24mma%_change : -0.4487543054208358
Current_Account_Balance_over_GDP : -0.4588117796758474
Broad_Money_mo12m%_change : -0.28746234297438256
Portfolio_Flows : -0.3549719239724582
Foreign_Exchange_Reserve_change_yryr% : -0.4268651578520792
Foreign_Exchange_Reserve_over_GDP : -0.3907253261604575
--------------------

