--------------------
id : 1229591222
explain variance ratio : 0.21819256289811348
Weight :
Risk_Premium : -0.753657055363881
Stock_Prices_mom%_change : -0.017466635734147973
Current_Account_Balance_over_GDP : -0.3157520039220316
REER : -0.2699652319877359
Foreign_Exchange_Reserve_change_yryr% : -0.3244946533305629
Velocity_of_Money_mo12m%_change : -0.39219717621788397
--------------------

