--------------------
id : 1242809071
explain variance ratio : 0.25419872147097833
Weight :
Term_Premium : -0.2575760108749502
Risk_Premium : -0.05961979238864784
Stock_Market_Volatility : -0.09284162516161726
Current_Account_Balance_change_yryr% : -0.17817688237740426
Foreign_Exchange_Reserve_change_yryr% : -0.5878696704364236
Broad_Money_mo12m%_change : -0.3995414827125302
Foreign_Exchange_Reserve_over_GDP : -0.6200881908033283
--------------------

