--------------------
id : 1259391811
explain variance ratio : 0.31681124897872703
Weight :
Term_Premium : -0.35575379999021756
Stock_Prices_mom24mma%_change : -0.5301955114032674
Stock_Market_Volatility : -0.07097781420524714
Current_Account_Balance_change_yryr% : -0.11120965147097589
One-Day_Repo_Rate_AVG : -0.43947494098650725
Foreign_Exchange_Reserve_change_yryr% : -0.5433336852498503
Broad_Money_mo12m%_change : -0.29423935751088925
--------------------

