--------------------
id : 1267709261
explain variance ratio : 0.2973225690796916
Weight :
Term_Premium : -0.5060599280714585
Stock_Prices_mom%_change : -0.1857158850202273
Current_Account_Balance_change_yryr% : -0.06453890988800993
One-Day_Repo_Rate_EOP : -0.48933171631907
Broad_Money_mo12m%_change : -0.4285789668481333
Foreign_Exchange_Reserve_change_yryr% : -0.5311517946327136
--------------------

