--------------------
id : 1281331713
explain variance ratio : 0.2710369344155777
Weight :
Term_Premium : -0.29530346928372264
Stock_Prices_mom%_change : -0.2635300789407079
Current_Account_Balance_change_yryr% : -0.07521388793385839
One-Day_Repo_Rate_EOP : -0.26430029694718493
Foreign_Exchange_Reserve_change_yryr% : -0.6166095289998866
Broad_Money_mo12m%_change : -0.3695192090667251
Foreign_Exchange_Reserve_over_GDP : -0.5010830524925435
--------------------

