--------------------
id : 1285783619
explain variance ratio : 0.31239518437130787
Weight :
Term_Premium : 0.3089358985567347
Stock_Prices_mom24mma%_change : 0.5128686924139717
Current_Account_Balance_change_yryr% : 0.1058651080463874
One-Day_Repo_Rate_AVG : 0.36846538159726455
REER : 0.06601209276698938
Foreign_Exchange_Reserve_change_yryr% : 0.4971382601841416
Broad_Money_mo12m%_change : 0.2924075820390739
Portfolio_Flows : 0.39691802204347315
--------------------

