--------------------
id : 1287416484
explain variance ratio : 0.3233545960842359
Weight :
Term_Premium : -0.19233165129509483
Stock_Prices_mom%_change : -0.39925261485208796
Stock_Prices_mom24mma%_change : -0.5987318588064068
Current_Account_Balance_change_yryr% : -0.14809894957889536
Portfolio_Flows : -0.514027658841885
Foreign_Exchange_Reserve_over_GDP : -0.39870830662685786
--------------------

