--------------------
id : 1287793483
explain variance ratio : 0.36863964094831964
Weight :
Term_Premium : -0.35304859701587293
Stock_Prices_mom24mma%_change : -0.5358691235598748
Current_Account_Balance_change_yryr% : -0.11298272935970692
One-Day_Repo_Rate_AVG : -0.44376161026325295
Foreign_Exchange_Reserve_change_yryr% : -0.548085447502779
Broad_Money_mo12m%_change : -0.27948854881545554
--------------------

