--------------------
id : 1297889615
explain variance ratio : 0.35322545202594874
Weight :
Term_Premium : -0.23393288401785903
Stock_Prices_mom24mma%_change : -0.3757896744417566
Stock_Market_Volatility : -0.1220772873271348
Policy_Rate_&_Fed_Funds_Rate_Differential_EOP : -0.5192951206862579
One-Day_Repo_Rate_AVG : -0.528354966641038
REER : -0.27666885865206436
Foreign_Exchange_Reserve_change_yryr% : -0.3376298015820667
Portfolio_Flows : -0.2231338810443288
--------------------

