--------------------
id : 1303954165
explain variance ratio : 0.2544338916307238
Weight :
Term_Premium : -0.3649222170297126
Stock_Prices_mom%_change : -0.23508159696855035
Stock_Market_Volatility : -0.23007359310442654
One-Day_Repo_Rate_AVG : -0.5885184102560026
REER : -0.2737104639466432
Foreign_Exchange_Reserve_change_yryr% : -0.42840362619569083
Portfolio_Flows : -0.39221621055114225
--------------------

