--------------------
id : 1305454516
explain variance ratio : 0.26271603812868466
Weight :
Term_Premium : -0.22642928540136448
Risk_Premium : -0.28765468490369916
Stock_Market_Volatility : -0.12009480054514346
Current_Account_Balance_over_GDP : -0.7185864241065539
Current_Account_Balance_change_yryr% : -0.2672491629410789
Foreign_Exchange_Reserve_change_yryr% : -0.5135885861705382
--------------------

