--------------------
id : 1314059898
explain variance ratio : 0.37235669339146377
Weight :
Term_Premium : -0.14871941032567845
Risk_Premium : -0.30919632622110504
Stock_Prices_mom%_change : -0.28591240118821903
Stock_Prices_mom24mma%_change : -0.538525369637133
Current_Account_Balance_over_GDP : -0.5623260833987986
Foreign_Exchange_Reserve_over_GDP : -0.440810696191799
--------------------

