--------------------
id : 1324534794
explain variance ratio : 0.3883350785399699
Weight :
Term_Premium : -0.18069033282342772
Risk_Premium : -0.13801087423927177
Stock_Prices_mom24mma%_change : -0.4688526098757777
Current_Account_Balance_over_GDP : -0.4965893893739016
Broad_Money_mo12m%_change : -0.27221544882232546
Foreign_Exchange_Reserve_over_GDP : -0.44093662143637474
Foreign_Exchange_Reserve_change_yryr% : -0.46190243135161424
--------------------

