--------------------
id : 1335693914
explain variance ratio : 0.30872621228590885
Weight :
Term_Premium : -0.32986580525503045
Risk_Premium : -0.15007393002969172
Stock_Prices_mom%_change : -0.34264069018885057
Stock_Prices_mom24mma%_change : -0.49668582909877923
Stock_Market_Volatility : -0.04931657263367169
Current_Account_Balance_over_GDP : -0.5682165701387994
Broad_Money_mo12m%_change : -0.4233966411435334
--------------------

