--------------------
id : 1346539304
explain variance ratio : 0.2486364080282881
Weight :
Risk_Premium : -0.7170015621306001
Stock_Prices_mom24mma%_change : -0.3551668279772151
Current_Account_Balance_over_GDP : -0.09036774290741612
REER : -0.4452311737632597
Velocity_of_Money_mo12m%_change : -0.3913091086206357
Portfolio_Flows : -0.015663290478505426
--------------------

