--------------------
id : 1352641956
explain variance ratio : 0.30976561129620983
Weight :
Term_Premium : -0.2900295694096235
Stock_Prices_mom%_change : -0.2749116403555051
One-Day_Repo_Rate_AVG : -0.17529775703199127
Foreign_Exchange_Reserve_change_yryr% : -0.5225412613833611
Broad_Money_mo12m%_change : -0.4048200050058689
Portfolio_Flows : -0.44487434293413625
Foreign_Exchange_Reserve_over_GDP : -0.4180135738735308
--------------------

