--------------------
id : 1356037497
explain variance ratio : 0.2616302356953624
Weight :
Term_Premium : 0.2871066686465667
Stock_Market_Volatility : 0.002351832531094833
One-Day_Repo_Rate_EOP : 0.2774424360049678
Current_Account_Balance_change_yryr% : 0.09220142916810593
Broad_Money_mo12m%_change : 0.36220172617610424
Foreign_Exchange_Reserve_change_yryr% : 0.6364701540000763
Foreign_Exchange_Reserve_over_GDP : 0.5438790982264112
--------------------

