--------------------
id : 1361661629
explain variance ratio : 0.2690475168660343
Weight :
Term_Premium : -0.6558994542042303
Stock_Market_Volatility : -0.083094471201696
Current_Account_Balance_change_yryr% : -0.1208201735696633
One-Day_Repo_Rate_EOP : -0.5592023119552925
Portfolio_Flows : -0.48537251136910814
--------------------

