--------------------
id : 1361713102
explain variance ratio : 0.2923383786416643
Weight :
Risk_Premium : -0.1593213915650689
Stock_Market_Volatility : -0.2582807325838862
Current_Account_Balance_change_yryr% : -0.20296712907104428
Current_Account_Balance_over_GDP : -0.6624225201840391
Foreign_Exchange_Reserve_change_yryr% : -0.42948234289593845
Broad_Money_mo12m%_change : -0.4934099956182494
--------------------

