--------------------
id : 1367634605
explain variance ratio : 0.4176156742805926
Weight :
Risk_Premium : -0.13844782580126103
Stock_Prices_mom%_change : -0.24487709696365567
Stock_Prices_mom24mma%_change : -0.48582623211561987
Current_Account_Balance_over_GDP : -0.4500140271879071
Foreign_Exchange_Reserve_change_yryr% : -0.45077374024024613
Portfolio_Flows : -0.34047964768362116
Foreign_Exchange_Reserve_over_GDP : -0.40398551837791663
--------------------

