--------------------
id : 1367798230
explain variance ratio : 0.2955949297332188
Weight :
Risk_Premium : -0.3499541084520348
Stock_Prices_mom%_change : -0.33664576808737756
Stock_Prices_mom24mma%_change : -0.5813212226651558
Current_Account_Balance_change_yryr% : -0.2775183123973252
Broad_Money_mo12m%_change : -0.23429818950173367
Foreign_Exchange_Reserve_over_GDP : -0.542545232737179
--------------------

