--------------------
id : 1367449544
explain variance ratio : 0.3567903765187191
Weight :
Risk_Premium : -0.2653524677861667
Stock_Prices_mom%_change : -0.27073540184422995
Stock_Prices_mom24mma%_change : -0.5158895692624034
Current_Account_Balance_over_GDP : -0.5082543104155841
Current_Account_Balance_change_yryr% : -0.16609788088139865
Portfolio_Flows : -0.3741621462076705
Foreign_Exchange_Reserve_over_GDP : -0.40526546930406515
--------------------

