--------------------
id : 1368984216
explain variance ratio : 0.39239286433951803
Weight :
Risk_Premium : 0.13041024163766804
Stock_Prices_mom24mma%_change : 0.5200552304684269
Current_Account_Balance_change_yryr% : 0.1686605431275699
Foreign_Exchange_Reserve_change_yryr% : 0.5354329749438356
Portfolio_Flows : 0.3837560993546266
Foreign_Exchange_Reserve_over_GDP : 0.5001321154267798
--------------------

