--------------------
id : 1374098772
explain variance ratio : 0.2231993218525566
Weight :
Risk_Premium : -0.6786650608243119
Stock_Prices_mom%_change : -0.020616470124544595
Stock_Prices_mom24mma%_change : -0.3629549413646345
Current_Account_Balance_change_yryr% : -0.36157311336853837
REER : -0.4239627200777373
Velocity_of_Money_mo12m%_change : -0.30104081924276815
Portfolio_Flows : -0.07840489613438206
--------------------

