--------------------
id : 1379586943
explain variance ratio : 0.34468858187293616
Weight :
Risk_Premium : -0.11261357682118601
Stock_Market_Volatility : -0.2644152285188812
Current_Account_Balance_over_GDP : -0.6653705320116656
Foreign_Exchange_Reserve_change_yryr% : -0.44360436610205733
Broad_Money_mo12m%_change : -0.5271622053491232
--------------------

