--------------------
id : 1383482179
explain variance ratio : 0.4016301353999026
Weight :
Term_Premium : -0.2546769785741245
Stock_Prices_mom24mma%_change : -0.5914073977186816
Current_Account_Balance_change_yryr% : -0.13181234069297493
Current_Account_Balance_over_GDP : -0.5700929513553407
Portfolio_Flows : -0.4929467112822321
--------------------

