--------------------
id : 1392113935
explain variance ratio : 0.23763156256047688
Weight :
Term_Premium : -0.48706611902529995
Stock_Prices_mom%_change : -0.006348541676847785
REER : -0.38903144680109153
Current_Account_Balance_change_yryr% : -0.11761713645290342
One-Day_Repo_Rate_EOP : -0.7228412632862651
Broad_Money_mo12m%_change : -0.27394806518644066
--------------------

