--------------------
id : 1392245623
explain variance ratio : 0.3313841179698781
Weight :
Term_Premium : -0.2584302820553435
Stock_Prices_mom%_change : -0.37299050517461363
Current_Account_Balance_over_GDP : -0.5414873708681427
Current_Account_Balance_change_yryr% : -0.10133088241456883
Portfolio_Flows : -0.4820068343363044
Foreign_Exchange_Reserve_change_yryr% : -0.5082172404384452
--------------------

