--------------------
id : 1404442822
explain variance ratio : 0.32574100973180337
Weight :
Term_Premium : -0.39405330246616965
Stock_Prices_mom%_change : -0.16408350559599183
One-Day_Repo_Rate_AVG : -0.630539821832632
Current_Account_Balance_change_yryr% : -0.11119508445947922
Foreign_Exchange_Reserve_change_yryr% : -0.6386343118578559
--------------------

