--------------------
id : 1408584365
explain variance ratio : 0.3364415770691065
Weight :
Term_Premium : -0.3451082277387504
Risk_Premium : -0.20690989067710208
Stock_Prices_mom24mma%_change : -0.5047693425608399
Current_Account_Balance_change_yryr% : -0.1259912625141834
Current_Account_Balance_over_GDP : -0.6104200443516155
Broad_Money_mo12m%_change : -0.44137296056913083
--------------------

