--------------------
id : 1426862300
explain variance ratio : 0.3117301980256101
Weight :
Term_Premium : -0.41304096743127267
Stock_Prices_mom%_change : -0.3408642983974718
Stock_Prices_mom24mma%_change : -0.5797012310039082
One-Day_Repo_Rate_EOP : -0.3799629550496336
Broad_Money_mo12m%_change : -0.04823550683982045
Portfolio_Flows : -0.48005901797992234
--------------------

