--------------------
id : 1430764767
explain variance ratio : 0.2911860829384
Weight :
Term_Premium : -0.41674580418013213
Stock_Prices_mom24mma%_change : -0.5577344912967188
One-Day_Repo_Rate_AVG : -0.5770446716919951
REER : -0.28625067368747265
Current_Account_Balance_change_yryr% : -0.1613987709812752
Broad_Money_mo12m%_change : -0.27255386133262594
--------------------

