--------------------
id : 1441344577
explain variance ratio : 0.26787799628960424
Weight :
Term_Premium : 0.17749552529151524
Stock_Prices_mom%_change : 0.4665807049122558
Stock_Prices_mom24mma%_change : 0.6702391455478118
Current_Account_Balance_change_yryr% : 0.224667839650945
One-Day_Repo_Rate_AVG : 0.021204484477290175
Foreign_Exchange_Reserve_over_GDP : 0.5006515791896007
--------------------

