--------------------
id : 1443768161
explain variance ratio : 0.3537536231077975
Weight :
Term_Premium : -0.23330776735567427
Stock_Prices_mom24mma%_change : -0.37490647217593276
Stock_Market_Volatility : -0.12195109513718644
REER : -0.2769445712942149
Policy_Rate_&_Fed_Funds_Rate_Differential_AVG : -0.5188661895336484
One-Day_Repo_Rate_EOP : -0.5302403262890194
Foreign_Exchange_Reserve_change_yryr% : -0.3370626206439556
Portfolio_Flows : -0.22238282563630313
--------------------

