--------------------
id : 1455725966
explain variance ratio : 0.32458673894306317
Weight :
Term_Premium : -0.3467225291507284
Stock_Prices_mom%_change : -0.196972573112825
Stock_Prices_mom24mma%_change : -0.5355444483589258
Current_Account_Balance_change_yryr% : -0.10398051502880429
One-Day_Repo_Rate_EOP : -0.4210650118232723
Broad_Money_mo12m%_change : -0.28310803701647713
Foreign_Exchange_Reserve_change_yryr% : -0.5347144889956301
--------------------

