--------------------
id : 1470957759
explain variance ratio : 0.2198807948380653
Weight :
Term_Premium : 0.2535091731781866
Risk_Premium : 0.012304989382264542
Stock_Prices_mom24mma%_change : 0.623859312514913
Policy_Rate_&_Fed_Funds_Rate_Differential_EOP : 0.13140730981659365
Current_Account_Balance_change_yryr% : 0.1385091971357442
One-Day_Repo_Rate_EOP : 0.15582816608209477
Portfolio_Flows : 0.5457737002607851
Foreign_Exchange_Reserve_over_GDP : 0.43333268574382205
--------------------

