--------------------
id : 1481562198
explain variance ratio : 0.4006779111910791
Weight :
Term_Premium : -0.37314481374393893
Risk_Premium : -0.18221081329010524
Stock_Prices_mom24mma%_change : -0.4980442741319743
Current_Account_Balance_over_GDP : -0.6064292962855014
Broad_Money_mo12m%_change : -0.4601712475885323
--------------------

