--------------------
id : 1485049378
explain variance ratio : 0.3259110612068946
Weight :
Term_Premium : -0.23982396194431982
Stock_Prices_mom24mma%_change : -0.5587657116068829
One-Day_Repo_Rate_AVG : -0.3703292147427715
REER : -0.05211868316315904
Broad_Money_mo12m%_change : -0.22173625176439193
Portfolio_Flows : -0.3724061007495807
Foreign_Exchange_Reserve_change_yryr% : -0.55004726447924
--------------------

