--------------------
id : 1489269974
explain variance ratio : 0.2710168616716615
Weight :
Term_Premium : -0.2868153509438931
Stock_Prices_mom%_change : -0.2638210390862523
Current_Account_Balance_change_yryr% : -0.07781995427984312
One-Day_Repo_Rate_AVG : -0.26379840711350155
Foreign_Exchange_Reserve_change_yryr% : -0.6197231506873325
Broad_Money_mo12m%_change : -0.3648043706608709
Foreign_Exchange_Reserve_over_GDP : -0.5053225272709855
--------------------

