--------------------
id : 1490023951
explain variance ratio : 0.35336075128226485
Weight :
Term_Premium : -0.23278686395799644
Stock_Prices_mom%_change : -0.12485029588232666
Stock_Prices_mom24mma%_change : -0.3962340007853872
One-Day_Repo_Rate_AVG : -0.5173405751541631
REER : -0.2574837552001742
Policy_Rate_&_Fed_Funds_Rate_Differential_EOP : -0.5053306128505106
Portfolio_Flows : -0.23598913379351455
Foreign_Exchange_Reserve_change_yryr% : -0.3580952970411552
--------------------

