--------------------
id : 1507877576
explain variance ratio : 0.31501479779759844
Weight :
Term_Premium : -0.5568992794272845
Stock_Prices_mom%_change : -0.37204458678516683
Stock_Market_Volatility : -0.4157985033617717
One-Day_Repo_Rate_EOP : -0.4240899301371633
Portfolio_Flows : -0.4457637869719706
--------------------

