--------------------
id : 1514541870
explain variance ratio : 0.3264326039143778
Weight :
Term_Premium : -0.2449718896721785
Stock_Prices_mom24mma%_change : -0.5584610762021002
REER : -0.05177063089720868
One-Day_Repo_Rate_EOP : -0.3733681393141718
Broad_Money_mo12m%_change : -0.21915254674436546
Portfolio_Flows : -0.37186100330372573
Foreign_Exchange_Reserve_change_yryr% : -0.5474646924109516
--------------------

