--------------------
id : 1564838185
explain variance ratio : 0.3312636801936035
Weight :
Term_Premium : -0.21247562300859307
Risk_Premium : -0.2734318537592346
Stock_Prices_mom24mma%_change : -0.47994418675660117
Current_Account_Balance_over_GDP : -0.566174258648271
Current_Account_Balance_change_yryr% : -0.16586836476115063
Broad_Money_mo12m%_change : -0.32742477814608084
Foreign_Exchange_Reserve_over_GDP : -0.4409876615586602
--------------------

