--------------------
id : 1584123348
explain variance ratio : 0.2608046375901195
Weight :
Term_Premium : -0.4527125810205526
Stock_Prices_mom%_change : -0.31456540251886367
One-Day_Repo_Rate_AVG : -0.01915728709937739
Current_Account_Balance_change_yryr% : -0.02642812982478776
Broad_Money_mo12m%_change : -0.5895073317777517
Portfolio_Flows : -0.5225774357677205
Foreign_Exchange_Reserve_over_GDP : -0.27281570379199177
--------------------

