--------------------
id : 1594111709
explain variance ratio : 0.32540487127451306
Weight :
Term_Premium : -0.20889266066918916
Stock_Prices_mom24mma%_change : -0.38488040487396225
Stock_Market_Volatility : -0.003565178861447825
Current_Account_Balance_change_yryr% : -0.07581488275742826
Policy_Rate_&_Fed_Funds_Rate_Differential_EOP : -0.5767930251806979
One-Day_Repo_Rate_AVG : -0.5668488297141373
REER : -0.34251551113376394
Portfolio_Flows : -0.17648132564708763
--------------------

