--------------------
id : 1596431221
explain variance ratio : 0.3462044111500864
Weight :
Term_Premium : -0.28133034462659956
Stock_Market_Volatility : -0.1224322030810433
Current_Account_Balance_over_GDP : -0.6267403977787318
Portfolio_Flows : -0.4942234042826197
Foreign_Exchange_Reserve_over_GDP : -0.518462431900765
--------------------

