--------------------
id : 1604145659
explain variance ratio : 0.314264968039316
Weight :
Term_Premium : 0.1665254578612013
Risk_Premium : 0.1070200252504348
Stock_Prices_mom24mma%_change : 0.5162528643170137
Current_Account_Balance_change_yryr% : 0.16282794891842786
Foreign_Exchange_Reserve_change_yryr% : 0.5628544129781929
Broad_Money_mo12m%_change : 0.252999434444109
Foreign_Exchange_Reserve_over_GDP : 0.5356978823711598
--------------------

