--------------------
id : 1611056017
explain variance ratio : 0.30958228985048547
Weight :
Term_Premium : -0.47930069591598395
Stock_Prices_mom%_change : -0.2557354811092819
Stock_Market_Volatility : -0.22074238864778456
One-Day_Repo_Rate_AVG : -0.6372297940515921
Foreign_Exchange_Reserve_change_yryr% : -0.5000811874318938
--------------------

