--------------------
id : 1612158541
explain variance ratio : 0.3744577672916565
Weight :
Risk_Premium : -0.19535367378271737
Stock_Prices_mom%_change : -0.274184783812505
Stock_Prices_mom24mma%_change : -0.4861963152424611
Current_Account_Balance_over_GDP : -0.506459438015076
Broad_Money_mo12m%_change : -0.31031991633107986
Portfolio_Flows : -0.3999465143646443
Foreign_Exchange_Reserve_over_GDP : -0.37083144733319906
--------------------

