--------------------
id : 1624051439
explain variance ratio : 0.2840642198879431
Weight :
Term_Premium : -0.25976335713123616
Stock_Prices_mom%_change : -0.3733053222016901
One-Day_Repo_Rate_EOP : -0.013892862299130893
Current_Account_Balance_change_yryr% : -0.09915736118666219
Current_Account_Balance_over_GDP : -0.5376990957031639
Portfolio_Flows : -0.48169880344749166
Foreign_Exchange_Reserve_change_yryr% : -0.511846545406622
--------------------

