--------------------
id : 1624858644
explain variance ratio : 0.2937097942429033
Weight :
Term_Premium : -0.20019494026961776
Stock_Market_Volatility : -0.023495449321438044
Policy_Rate_&_Fed_Funds_Rate_Differential_AVG : -0.6302580331614445
REER : -0.39286209174067177
Current_Account_Balance_change_yryr% : -0.04822518227477362
One-Day_Repo_Rate_EOP : -0.6271972169153631
Broad_Money_mo12m%_change : -0.048552201749426344
Portfolio_Flows : -0.09871577813960988
--------------------

