--------------------
id : 1633612317
explain variance ratio : 0.4250365078020511
Weight :
Term_Premium : -0.29910305256208647
Stock_Prices_mom24mma%_change : -0.5610057858896018
Current_Account_Balance_change_yryr% : -0.13215436717876156
One-Day_Repo_Rate_EOP : -0.4928167448281585
Foreign_Exchange_Reserve_change_yryr% : -0.5792035491940555
--------------------

