--------------------
id : 1658091062
explain variance ratio : 0.3332336471250269
Weight :
Term_Premium : -0.21121809407874256
Stock_Prices_mom%_change : -0.2889493765896941
Stock_Prices_mom24mma%_change : -0.504797535349448
One-Day_Repo_Rate_EOP : -0.18852453517867385
Broad_Money_mo12m%_change : -0.2683353097895148
Foreign_Exchange_Reserve_change_yryr% : -0.5649394343656694
Foreign_Exchange_Reserve_over_GDP : -0.4363172234300642
--------------------

