--------------------
id : 1668609266
explain variance ratio : 0.3675457554130039
Weight :
Term_Premium : 0.12323963813169128
Stock_Prices_mom24mma%_change : 0.4982365694371027
One-Day_Repo_Rate_AVG : 0.010479340611098675
Current_Account_Balance_over_GDP : 0.4795088798155267
Current_Account_Balance_change_yryr% : 0.13939995544623246
Foreign_Exchange_Reserve_over_GDP : 0.46647826711444984
Foreign_Exchange_Reserve_change_yryr% : 0.519133324685116
--------------------

