--------------------
id : 1670840742
explain variance ratio : 0.3108957063479906
Weight :
Term_Premium : -0.33183779433178373
Stock_Market_Volatility : -0.17309237602884175
Current_Account_Balance_over_GDP : -0.5158431339040394
Current_Account_Balance_change_yryr% : -0.09864287488851964
Broad_Money_mo12m%_change : -0.5245391990527316
Portfolio_Flows : -0.4259938644445219
Foreign_Exchange_Reserve_over_GDP : -0.3570518284006332
--------------------

