--------------------
id : 1706315054
explain variance ratio : 0.39413625058191615
Weight :
Term_Premium : 0.1424378313130591
Stock_Prices_mom24mma%_change : 0.5123878418009072
One-Day_Repo_Rate_AVG : 0.17335616133198395
Portfolio_Flows : 0.3866720723523024
Foreign_Exchange_Reserve_over_GDP : 0.4555436945069454
Foreign_Exchange_Reserve_change_yryr% : 0.5745280288823329
--------------------

