--------------------
id : 1715677751
explain variance ratio : 0.31520663550910644
Weight :
Term_Premium : -0.3850637393969043
Stock_Prices_mom%_change : -0.36418915300090926
Current_Account_Balance_change_yryr% : -0.14612128224691645
Foreign_Exchange_Reserve_change_yryr% : -0.5817742925589647
Portfolio_Flows : -0.5993992165745522
--------------------

