--------------------
id : 1720500276
explain variance ratio : 0.3327855639807208
Weight :
Term_Premium : -0.2768787270901142
Stock_Prices_mom24mma%_change : -0.5178621224728814
One-Day_Repo_Rate_AVG : -0.01354289943192541
Current_Account_Balance_over_GDP : -0.5401391063126243
Current_Account_Balance_change_yryr% : -0.09886256648871072
Broad_Money_mo12m%_change : -0.3635164707458139
Foreign_Exchange_Reserve_change_yryr% : -0.47043096915848304
--------------------

