--------------------
id : 1736707334
explain variance ratio : 0.3061550533570254
Weight :
Term_Premium : -0.3470466344657117
Stock_Prices_mom%_change : -0.3501175532504923
Stock_Prices_mom24mma%_change : -0.49088670454439076
Stock_Market_Volatility : -0.05044962510713631
Current_Account_Balance_over_GDP : -0.5537721877146345
Current_Account_Balance_change_yryr% : -0.07575499287984663
Broad_Money_mo12m%_change : -0.44839598148013315
--------------------

