--------------------
id : 1743929590
explain variance ratio : 0.2746327319086782
Weight :
Term_Premium : -0.4658334951194796
Stock_Prices_mom24mma%_change : -0.5067153817743745
One-Day_Repo_Rate_EOP : -0.04979123247895692
Current_Account_Balance_change_yryr% : -0.12224419634347461
Broad_Money_mo12m%_change : -0.549814463074662
Foreign_Exchange_Reserve_over_GDP : -0.454444630863326
--------------------

