--------------------
id : 1744021305
explain variance ratio : 0.297892412187376
Weight :
Term_Premium : 0.12777062875115214
Risk_Premium : 0.02353664832429425
Stock_Prices_mom24mma%_change : 0.5139084131901764
Current_Account_Balance_change_yryr% : 0.1265336397758216
One-Day_Repo_Rate_EOP : 0.13655262317669783
Foreign_Exchange_Reserve_change_yryr% : 0.564517088230098
Portfolio_Flows : 0.3849561147607611
Foreign_Exchange_Reserve_over_GDP : 0.46635898338051296
--------------------

