--------------------
id : 1749558071
explain variance ratio : 0.24160825599920563
Weight :
Term_Premium : -0.2344139976796546
Risk_Premium : -0.04121710503609588
Stock_Prices_mom%_change : -0.41461337516205876
Stock_Prices_mom24mma%_change : -0.6030135746336915
Policy_Rate_&_Fed_Funds_Rate_Differential_AVG : -0.08856072313186772
One-Day_Repo_Rate_EOP : -0.09397108585882416
Portfolio_Flows : -0.5127889522738245
Foreign_Exchange_Reserve_over_GDP : -0.3580440331234376
--------------------

