--------------------
id : 1763296614
explain variance ratio : 0.2627099242149382
Weight :
Term_Premium : -0.3857150880639618
Stock_Prices_mom%_change : -0.363083225837299
Stock_Market_Volatility : -0.019860741842878005
Current_Account_Balance_change_yryr% : -0.1461183214019673
Foreign_Exchange_Reserve_change_yryr% : -0.5816793510693239
Portfolio_Flows : -0.5994151829734401
--------------------

