--------------------
id : 1764194822
explain variance ratio : 0.27103693441557747
Weight :
Term_Premium : -0.2953034692837213
Stock_Prices_mom%_change : -0.2635300789407079
Current_Account_Balance_change_yryr% : -0.07521388793385902
One-Day_Repo_Rate_EOP : -0.2643002969471849
Broad_Money_mo12m%_change : -0.36951920906672386
Foreign_Exchange_Reserve_over_GDP : -0.5010830524925441
Foreign_Exchange_Reserve_change_yryr% : -0.6166095289998874
--------------------

