--------------------
id : 1769684105
explain variance ratio : 0.38183172980940433
Weight :
Term_Premium : -0.4301919966577661
Stock_Market_Volatility : -0.1874947535296515
Current_Account_Balance_over_GDP : -0.5612083699113939
Foreign_Exchange_Reserve_change_yryr% : -0.37912222251516453
Broad_Money_mo12m%_change : -0.5666498648610248
--------------------

