--------------------
id : 1769956798
explain variance ratio : 0.2859697267927116
Weight :
Term_Premium : -0.31272720566055534
Stock_Prices_mom%_change : -0.17952198121942597
Stock_Prices_mom24mma%_change : -0.5399648132645594
REER : -0.12600692547205622
Current_Account_Balance_change_yryr% : -0.11405572055520599
One-Day_Repo_Rate_EOP : -0.45590362305765886
Broad_Money_mo12m%_change : -0.23986831906588568
Foreign_Exchange_Reserve_change_yryr% : -0.5330480061571201
--------------------

