--------------------
id : 1770060665
explain variance ratio : 0.2852574546969405
Weight :
Term_Premium : -0.39594912790761544
Risk_Premium : -0.005801007757569643
Stock_Prices_mom%_change : -0.3234164733278686
Current_Account_Balance_over_GDP : -0.5534577767328717
Current_Account_Balance_change_yryr% : -0.058249437215913163
Broad_Money_mo12m%_change : -0.5016170177932403
Foreign_Exchange_Reserve_change_yryr% : -0.42102764885041966
--------------------

