--------------------
id : 1799566505
explain variance ratio : 0.26163023569536253
Weight :
Term_Premium : 0.28710666864656664
Stock_Market_Volatility : 0.0023518325310942223
Current_Account_Balance_change_yryr% : 0.09220142916810689
One-Day_Repo_Rate_EOP : 0.2774424360049678
Foreign_Exchange_Reserve_change_yryr% : 0.6364701540000761
Broad_Money_mo12m%_change : 0.36220172617610413
Foreign_Exchange_Reserve_over_GDP : 0.5438790982264111
--------------------

