--------------------
id : 1810486129
explain variance ratio : 0.2925838840449244
Weight :
Term_Premium : -0.43049320151926335
Stock_Prices_mom%_change : -0.2082506471986988
Current_Account_Balance_change_yryr% : -0.06835749362314443
One-Day_Repo_Rate_EOP : -0.3542368659793964
Foreign_Exchange_Reserve_change_yryr% : -0.48143304898910166
Broad_Money_mo12m%_change : -0.44704184168726635
Portfolio_Flows : -0.45774073268127313
--------------------

