--------------------
id : 1821604799
explain variance ratio : 0.2575505061366477
Weight :
Term_Premium : -0.4442942806534301
Stock_Prices_mom%_change : -0.21510859819944705
Stock_Market_Volatility : -0.12136603087190884
One-Day_Repo_Rate_AVG : -0.635563855373886
Foreign_Exchange_Reserve_change_yryr% : -0.5754929283184949
Broad_Money_mo12m%_change : -0.0804216693895632
--------------------

