--------------------
id : 1841308542
explain variance ratio : 0.32096645675159474
Weight :
Term_Premium : -0.3084075931156107
Stock_Prices_mom24mma%_change : -0.5366220546251117
Current_Account_Balance_change_yryr% : -0.12348121794329052
REER : -0.16104765536206672
One-Day_Repo_Rate_EOP : -0.48745314761050673
Foreign_Exchange_Reserve_change_yryr% : -0.5375147463093932
Broad_Money_mo12m%_change : -0.22182176381216434
--------------------

