--------------------
id : 1851970168
explain variance ratio : 0.385694710865181
Weight :
Term_Premium : -0.12539255165674867
Risk_Premium : -0.15700591350532134
Stock_Prices_mom%_change : -0.2473901776514212
Stock_Prices_mom24mma%_change : -0.4994273266103598
Current_Account_Balance_over_GDP : -0.4812786339771167
Foreign_Exchange_Reserve_change_yryr% : -0.4756014046567313
Foreign_Exchange_Reserve_over_GDP : -0.43723046201684135
--------------------

