--------------------
id : 1851529864
explain variance ratio : 0.2734493386585206
Weight :
Term_Premium : -0.41396902846306344
Risk_Premium : -0.03254643359714504
Stock_Market_Volatility : -0.1920126538397241
Current_Account_Balance_over_GDP : -0.5732140002906945
Current_Account_Balance_change_yryr% : -0.07600169985935387
Broad_Money_mo12m%_change : -0.5584671156916722
Foreign_Exchange_Reserve_change_yryr% : -0.38008610350699945
--------------------

