--------------------
id : 1855244836
explain variance ratio : 0.33755368233735356
Weight :
Term_Premium : 0.15761495084866572
Stock_Market_Volatility : 0.03683490526277422
Current_Account_Balance_over_GDP : 0.531498893751388
One-Day_Repo_Rate_EOP : 0.0038711764370736035
Foreign_Exchange_Reserve_over_GDP : 0.5819344508643485
Foreign_Exchange_Reserve_change_yryr% : 0.5938408472431896
--------------------

