--------------------
id : 1856405264
explain variance ratio : 0.3882151290351498
Weight :
Term_Premium : -0.27622845770808646
Stock_Prices_mom24mma%_change : -0.5174285137546407
Current_Account_Balance_over_GDP : -0.5431097539906208
Current_Account_Balance_change_yryr% : -0.1002904450704504
Broad_Money_mo12m%_change : -0.3640167818309344
Foreign_Exchange_Reserve_change_yryr% : -0.467365998548401
--------------------

