--------------------
id : 1871224930
explain variance ratio : 0.3125505653952675
Weight :
Risk_Premium : -0.49564538856468504
Stock_Market_Volatility : -0.21431600640876292
Current_Account_Balance_over_GDP : -0.6500512735331854
Current_Account_Balance_change_yryr% : -0.33539937410079196
Portfolio_Flows : -0.4163470905653631
--------------------

