--------------------
id : 1879341191
explain variance ratio : 0.4131708495509582
Weight :
Term_Premium : -0.29722741201173036
Stock_Prices_mom%_change : -0.3186950679874907
Stock_Prices_mom24mma%_change : -0.4670853910894579
Current_Account_Balance_over_GDP : -0.48308858229786156
Broad_Money_mo12m%_change : -0.41038439848732056
Portfolio_Flows : -0.43603970432944417
--------------------

