--------------------
id : 1888642394
explain variance ratio : 0.28073626979685473
Weight :
Risk_Premium : -0.3510280163405822
Stock_Prices_mom%_change : -0.1948629253454428
Stock_Market_Volatility : -0.22793179078841014
Current_Account_Balance_over_GDP : -0.5943869840140272
Current_Account_Balance_change_yryr% : -0.22858461817342193
Broad_Money_mo12m%_change : -0.37316708174517904
Foreign_Exchange_Reserve_over_GDP : -0.49199022905826834
--------------------

