--------------------
id : 1889851285
explain variance ratio : 0.2937097942429034
Weight :
Term_Premium : -0.2001949402696179
Stock_Market_Volatility : -0.023495449321438322
Current_Account_Balance_change_yryr% : -0.04822518227477369
REER : -0.39286209174067155
Policy_Rate_&_Fed_Funds_Rate_Differential_AVG : -0.6302580331614444
One-Day_Repo_Rate_EOP : -0.6271972169153629
Broad_Money_mo12m%_change : -0.04855220174942704
Portfolio_Flows : -0.0987157781396103
--------------------

