--------------------
id : 1896970850
explain variance ratio : 0.2828474528354692
Weight :
Risk_Premium : 0.07407254685106032
Stock_Market_Volatility : 0.06089091013034573
Current_Account_Balance_change_yryr% : 0.18346186149783136
Broad_Money_mo12m%_change : 0.35369943807828674
Portfolio_Flows : 0.452470990082023
Foreign_Exchange_Reserve_change_yryr% : 0.5533801129389282
Foreign_Exchange_Reserve_over_GDP : 0.56664315180124
--------------------

