--------------------
id : 1943669745
explain variance ratio : 0.3112163924390166
Weight :
Term_Premium : -0.49207682531304014
Stock_Prices_mom%_change : -0.2507360345525056
Stock_Market_Volatility : -0.22422910449713823
One-Day_Repo_Rate_EOP : -0.6374777029107241
Foreign_Exchange_Reserve_change_yryr% : -0.488195991334221
--------------------

