--------------------
id : 1945324003
explain variance ratio : 0.2998249469116794
Weight :
Term_Premium : -0.4941312076084096
Risk_Premium : -0.0664960535056286
Stock_Prices_mom%_change : -0.3168682309767965
Current_Account_Balance_change_yryr% : -0.02810448313543168
Current_Account_Balance_over_GDP : -0.5463289231198019
Broad_Money_mo12m%_change : -0.5930784050390934
--------------------

