--------------------
id : 1975861147
explain variance ratio : 0.3737066285259405
Weight :
Term_Premium : -0.41718107000973925
Stock_Prices_mom%_change : -0.34673855585688185
Stock_Prices_mom24mma%_change : -0.5722835157649794
One-Day_Repo_Rate_EOP : -0.38686521756682424
Portfolio_Flows : -0.47807866479112054
--------------------

