--------------------
id : 1975442359
explain variance ratio : 0.28440130612941
Weight :
Term_Premium : -0.15316751766427003
Risk_Premium : -0.3591782636912969
Stock_Prices_mom%_change : -0.25566852312689214
Current_Account_Balance_over_GDP : -0.5762475943837871
Current_Account_Balance_change_yryr% : -0.2136876972949127
Portfolio_Flows : -0.40285069770313786
Foreign_Exchange_Reserve_over_GDP : -0.49208930699434594
--------------------

