--------------------
id : 1985688812
explain variance ratio : 0.26677146155827125
Weight :
Term_Premium : -0.24169694318309592
Stock_Prices_mom%_change : -0.3295437275322911
Stock_Market_Volatility : -0.08416169255006081
Current_Account_Balance_change_yryr% : -0.16993295821380927
Current_Account_Balance_over_GDP : -0.5913860521017126
Portfolio_Flows : -0.48295333558716486
Foreign_Exchange_Reserve_over_GDP : -0.462646443350282
--------------------

