--------------------
id : 1997738465
explain variance ratio : 0.398348476155753
Weight :
Risk_Premium : -0.09724429763119388
Stock_Prices_mom%_change : -0.33069512037159116
Stock_Prices_mom24mma%_change : -0.5466274372644041
Current_Account_Balance_over_GDP : -0.5351333974020019
Broad_Money_mo12m%_change : -0.2851782970085321
Foreign_Exchange_Reserve_change_yryr% : -0.46334470394155636
--------------------

