--------------------
id : 2004767336
explain variance ratio : 0.367694116415871
Weight :
Term_Premium : -0.2817049829398215
Stock_Prices_mom%_change : -0.35504586877043764
Current_Account_Balance_over_GDP : -0.5882137541296633
Portfolio_Flows : -0.5009048520491028
Foreign_Exchange_Reserve_over_GDP : -0.44461628659134267
--------------------

