--------------------
id : 2024326424
explain variance ratio : 0.2890093267069291
Weight :
Term_Premium : -0.0461911964218011
Risk_Premium : -0.41053321516273567
Stock_Prices_mom%_change : -0.31447874233614664
Stock_Prices_mom24mma%_change : -0.5814709260670771
Current_Account_Balance_change_yryr% : -0.29927330168200206
Foreign_Exchange_Reserve_over_GDP : -0.5502354280478441
--------------------

