--------------------
id : 2026277327
explain variance ratio : 0.4134359791175734
Weight :
Term_Premium : -0.26144322665191533
Stock_Prices_mom%_change : -0.3172969962418656
Stock_Prices_mom24mma%_change : -0.5092989380183225
Current_Account_Balance_over_GDP : -0.5098100128942864
Broad_Money_mo12m%_change : -0.3399638038128155
Foreign_Exchange_Reserve_change_yryr% : -0.4428351950748529
--------------------

