--------------------
id : 2028874906
explain variance ratio : 0.362116568167599
Weight :
Risk_Premium : 0.49112319742743055
Stock_Prices_mom%_change : 0.17664620191087277
Current_Account_Balance_over_GDP : 0.5755214419815795
Current_Account_Balance_change_yryr% : 0.2963519646854976
Foreign_Exchange_Reserve_over_GDP : 0.5554680073106
--------------------

