--------------------
id : 2035685086
explain variance ratio : 0.33768600772281
Weight :
Term_Premium : -0.16019274525355076
Stock_Prices_mom%_change : -0.25479213189070016
Current_Account_Balance_change_yryr% : -0.13298279566865118
Current_Account_Balance_over_GDP : -0.49016448517732014
Portfolio_Flows : -0.38569199171471685
Foreign_Exchange_Reserve_change_yryr% : -0.5245039211296934
Foreign_Exchange_Reserve_over_GDP : -0.4770858745220167
--------------------

