--------------------
id : 2036133474
explain variance ratio : 0.4179196547388893
Weight :
Term_Premium : -0.286239344032701
Stock_Prices_mom24mma%_change : -0.5987111127767308
Current_Account_Balance_change_yryr% : -0.1560736110222519
Foreign_Exchange_Reserve_change_yryr% : -0.5539082462837921
Portfolio_Flows : -0.47795263782792036
--------------------

