--------------------
id : 2050884812
explain variance ratio : 0.3486963081996246
Weight :
Term_Premium : -0.18694775364520733
Stock_Prices_mom24mma%_change : -0.5473964742690293
Current_Account_Balance_over_GDP : -0.4951271057158234
Current_Account_Balance_change_yryr% : -0.11050163795979195
One-Day_Repo_Rate_EOP : -0.021687742849158975
Portfolio_Flows : -0.41350152523196515
Foreign_Exchange_Reserve_change_yryr% : -0.4864075503109182
--------------------

