--------------------
id : 2053202588
explain variance ratio : 0.4048374400231764
Weight :
Term_Premium : -0.13054229451547894
Risk_Premium : -0.14642082985325544
Stock_Prices_mom24mma%_change : -0.4831222791591939
Current_Account_Balance_over_GDP : -0.46459259485278026
Portfolio_Flows : -0.34341600927218485
Foreign_Exchange_Reserve_change_yryr% : -0.460864710292199
Foreign_Exchange_Reserve_over_GDP : -0.42653885813435444
--------------------

