--------------------
id : 2056672872
explain variance ratio : 0.2812833766842903
Weight :
Term_Premium : -0.31300217336397423
Stock_Prices_mom24mma%_change : -0.5332779724749536
Stock_Market_Volatility : -0.05454601145085933
REER : -0.15491041895882346
One-Day_Repo_Rate_EOP : -0.48342084999143065
Current_Account_Balance_change_yryr% : -0.12191077381542934
Broad_Money_mo12m%_change : -0.23579316347257184
Foreign_Exchange_Reserve_change_yryr% : -0.5352713025710605
--------------------

