--------------------
id : 2056097361
explain variance ratio : 0.3203509605063867
Weight :
Term_Premium : -0.2035721854606072
Stock_Prices_mom%_change : -0.0358975371642653
Stock_Prices_mom24mma%_change : -0.3620162637779857
Policy_Rate_&_Fed_Funds_Rate_Differential_AVG : -0.5918213147258363
One-Day_Repo_Rate_AVG : -0.5841216217516084
REER : -0.35567300809789915
Current_Account_Balance_change_yryr% : -0.06858773100519952
Broad_Money_mo12m%_change : -0.05963098017947116
--------------------

