--------------------
id : 2065665957
explain variance ratio : 0.42580335765226296
Weight :
Term_Premium : -0.1914391006313096
Stock_Prices_mom24mma%_change : -0.44775877503064976
Current_Account_Balance_over_GDP : -0.45174550703216637
Broad_Money_mo12m%_change : -0.2994249338277244
Portfolio_Flows : -0.3608769558801327
Foreign_Exchange_Reserve_over_GDP : -0.3822306041300913
Foreign_Exchange_Reserve_change_yryr% : -0.4390916122998424
--------------------

