--------------------
id : 2066462020
explain variance ratio : 0.29561992735979087
Weight :
Term_Premium : -0.5016509568444001
Stock_Prices_mom%_change : -0.19189496652139482
Current_Account_Balance_change_yryr% : -0.06554851992491158
One-Day_Repo_Rate_AVG : -0.4845050238310113
Foreign_Exchange_Reserve_change_yryr% : -0.5371153604721912
Broad_Money_mo12m%_change : -0.42893822665255943
--------------------

