--------------------
id : 2066971402
explain variance ratio : 0.2934672948631502
Weight :
Term_Premium : -0.28434686762257094
Stock_Market_Volatility : -0.06117840492854065
Current_Account_Balance_change_yryr% : -0.1137914217683914
Broad_Money_mo12m%_change : -0.441332442513587
Portfolio_Flows : -0.46090709556307474
Foreign_Exchange_Reserve_over_GDP : -0.48478861181759225
Foreign_Exchange_Reserve_change_yryr% : -0.5101234167063226
--------------------

