--------------------
id : 2072068430
explain variance ratio : 0.32432016772716543
Weight :
Term_Premium : -0.19768948923033747
Risk_Premium : -0.3371151096165992
Stock_Prices_mom%_change : -0.2831737757026395
Current_Account_Balance_over_GDP : -0.5911774722785866
Portfolio_Flows : -0.4277459796244512
Foreign_Exchange_Reserve_over_GDP : -0.4843835821492783
--------------------

