--------------------
id : 2074299499
explain variance ratio : 0.3563470309020117
Weight :
Term_Premium : -0.16082628080932776
Risk_Premium : -0.23568581016527612
Stock_Prices_mom%_change : -0.28610333723585085
Stock_Prices_mom24mma%_change : -0.5205834746627038
Current_Account_Balance_over_GDP : -0.5143805480443558
Portfolio_Flows : -0.38867545691604877
Foreign_Exchange_Reserve_over_GDP : -0.38738723985577994
--------------------

