--------------------
id : 2085833042
explain variance ratio : 0.3095712128444061
Weight :
Term_Premium : -0.31774027650683084
Stock_Prices_mom%_change : -0.34523009309878117
Stock_Prices_mom24mma%_change : -0.4913333665974421
One-Day_Repo_Rate_EOP : -0.033475073420626555
Broad_Money_mo12m%_change : -0.43230641849414686
Portfolio_Flows : -0.49877790604553796
Foreign_Exchange_Reserve_over_GDP : -0.3188416578828273
--------------------

