--------------------
id : 2093868821
explain variance ratio : 0.3501491030063597
Weight :
Term_Premium : -0.43831524037576036
Stock_Prices_mom24mma%_change : -0.6022642750679607
One-Day_Repo_Rate_AVG : -0.42492958109227513
Broad_Money_mo12m%_change : -0.11461852044485461
Portfolio_Flows : -0.5014528282051849
--------------------

