--------------------
id : 2099134430
explain variance ratio : 0.28969597879185366
Weight :
Term_Premium : -0.3427982771348797
Risk_Premium : -0.20455513986027452
Stock_Prices_mom24mma%_change : -0.48142082374125017
Stock_Market_Volatility : -0.09914526258828066
Current_Account_Balance_change_yryr% : -0.12643514545559364
Current_Account_Balance_over_GDP : -0.6109956443130815
Broad_Money_mo12m%_change : -0.45798386428864923
--------------------

