--------------------
id : 2100841205
explain variance ratio : 0.3106149134293868
Weight :
Term_Premium : -0.35128048623906666
Stock_Prices_mom%_change : -0.12613908968381393
One-Day_Repo_Rate_AVG : -0.5762682315689557
Broad_Money_mo12m%_change : -0.277296532794645
Foreign_Exchange_Reserve_change_yryr% : -0.6720956094380026
--------------------

