--------------------
id : 2124964422
explain variance ratio : 0.21435001491314853
Weight :
Risk_Premium : 0.7219536994675035
Stock_Prices_mom%_change : 0.07297212432780675
REER : 0.20787113053892536
Portfolio_Flows : 0.34364634366050595
Foreign_Exchange_Reserve_over_GDP : 0.5221002215389718
Velocity_of_Money_mo12m%_change : 0.1989122096364719
--------------------

