--------------------
id : 2163769357
explain variance ratio : 0.32133937049935296
Weight :
Term_Premium : -0.2313391818413349
Stock_Prices_mom%_change : -0.07944882721198754
Stock_Market_Volatility : -0.16228240723157009
One-Day_Repo_Rate_AVG : -0.590329540658841
REER : -0.3513410481047663
Policy_Rate_&_Fed_Funds_Rate_Differential_AVG : -0.590471426331807
Foreign_Exchange_Reserve_change_yryr% : -0.256930475508408
Portfolio_Flows : -0.1650309482661328
--------------------

