--------------------
id : 2173358451
explain variance ratio : 0.34640708014095817
Weight :
Risk_Premium : 0.18695487433051422
Stock_Prices_mom%_change : 0.20925694506718118
Current_Account_Balance_change_yryr% : 0.26510239593631685
Foreign_Exchange_Reserve_change_yryr% : 0.6230509160238299
Foreign_Exchange_Reserve_over_GDP : 0.6802850002873083
--------------------

