--------------------
id : 2177341242
explain variance ratio : 0.3186678064663798
Weight :
Risk_Premium : -0.3178675823788533
Stock_Prices_mom%_change : -0.3691370968859183
Current_Account_Balance_over_GDP : -0.6878908259931259
Current_Account_Balance_change_yryr% : -0.22606137300565507
Broad_Money_mo12m%_change : -0.48826270687464235
--------------------

