--------------------
id : 2194277800
explain variance ratio : 0.4048374400231763
Weight :
Term_Premium : -0.130542294515479
Risk_Premium : -0.14642082985325533
Stock_Prices_mom24mma%_change : -0.48312227915919354
Current_Account_Balance_over_GDP : -0.46459259485278037
Foreign_Exchange_Reserve_change_yryr% : -0.4608647102921989
Portfolio_Flows : -0.34341600927218485
Foreign_Exchange_Reserve_over_GDP : -0.4265388581343543
--------------------

