--------------------
id : 2205421643
explain variance ratio : 0.29640194763244154
Weight :
Term_Premium : -0.30378191539600635
Stock_Market_Volatility : -0.018779680057126047
One-Day_Repo_Rate_EOP : -0.18582299380518658
Broad_Money_mo12m%_change : -0.4222396010369377
Portfolio_Flows : -0.4427659789745635
Foreign_Exchange_Reserve_over_GDP : -0.4551299888701031
Foreign_Exchange_Reserve_change_yryr% : -0.5397799430124534
--------------------

