--------------------
id : 2209523864
explain variance ratio : 0.20116414076143688
Weight :
Risk_Premium : 0.8354666232981749
Stock_Prices_mom%_change : 0.14494131138321026
Stock_Market_Volatility : 0.012705704416658806
REER : 0.14267152438136033
Current_Account_Balance_over_GDP : 0.4824171298103954
Velocity_of_Money_mo12m%_change : 0.16656725872972722
--------------------

