--------------------
id : 2210729278
explain variance ratio : 0.38677521256114417
Weight :
Risk_Premium : -0.2678700788287603
Stock_Prices_mom%_change : -0.2809007820417274
Stock_Prices_mom24mma%_change : -0.5134450645357951
Current_Account_Balance_over_GDP : -0.5641420350555002
Broad_Money_mo12m%_change : -0.28743049746276117
Foreign_Exchange_Reserve_over_GDP : -0.4299325652148266
--------------------

