--------------------
id : 2230375346
explain variance ratio : 0.4413903348658254
Weight :
Risk_Premium : -0.3308935509143477
Stock_Prices_mom%_change : -0.28086950632547314
Stock_Prices_mom24mma%_change : -0.5395774630346586
Current_Account_Balance_over_GDP : -0.5598739593496831
Foreign_Exchange_Reserve_over_GDP : -0.45499350479646455
--------------------

