--------------------
id : 2265777605
explain variance ratio : 0.2687100428840814
Weight :
Term_Premium : -0.2173922396542183
Stock_Prices_mom%_change : -0.303258829257002
Stock_Market_Volatility : -0.17741176677889695
Current_Account_Balance_over_GDP : -0.6676343489998732
Current_Account_Balance_change_yryr% : -0.2535847915916513
Foreign_Exchange_Reserve_over_GDP : -0.5650299913572017
--------------------

