--------------------
id : 2276065873
explain variance ratio : 0.2916499310766669
Weight :
Term_Premium : -0.24327181603814405
Risk_Premium : -0.12192127265619701
Stock_Prices_mom%_change : -0.22993731299017783
Stock_Market_Volatility : -0.09932176108977644
Current_Account_Balance_over_GDP : -0.5333972585536522
Broad_Money_mo12m%_change : -0.3773051321455851
Foreign_Exchange_Reserve_over_GDP : -0.4702170346504244
Foreign_Exchange_Reserve_change_yryr% : -0.4639420101832677
--------------------

