--------------------
id : 2278370171
explain variance ratio : 0.36954471788104093
Weight :
Term_Premium : 0.29319694067268204
Stock_Prices_mom24mma%_change : 0.5584265058807031
Stock_Market_Volatility : 0.06795160294571245
One-Day_Repo_Rate_EOP : 0.4091922059572958
Portfolio_Flows : 0.39569950293219336
Foreign_Exchange_Reserve_change_yryr% : 0.5230311779714235
--------------------

