--------------------
id : 2295058161
explain variance ratio : 0.2631280762286158
Weight :
Term_Premium : -0.43652246524926636
Stock_Prices_mom%_change : -0.2952235815895279
Stock_Market_Volatility : -0.14317292391148478
Current_Account_Balance_change_yryr% : -0.038536314247504144
Broad_Money_mo12m%_change : -0.6043175165086752
Portfolio_Flows : -0.5081467380219877
Foreign_Exchange_Reserve_over_GDP : -0.27729924707328074
--------------------

