--------------------
id : 2298413018
explain variance ratio : 0.27799034711544035
Weight :
Term_Premium : -0.43751335343591247
Stock_Prices_mom%_change : -0.24256059390079476
Stock_Market_Volatility : -0.18087814940538693
Current_Account_Balance_change_yryr% : -0.05900969255076549
Foreign_Exchange_Reserve_change_yryr% : -0.39397738864770115
Broad_Money_mo12m%_change : -0.552960673110497
Portfolio_Flows : -0.502557147329562
--------------------

