--------------------
id : 2307118827
explain variance ratio : 0.36932152849812744
Weight :
Risk_Premium : -0.11470716859489256
Stock_Prices_mom%_change : -0.31091934713516606
Stock_Prices_mom24mma%_change : -0.5404828586770019
Current_Account_Balance_change_yryr% : -0.12187048819019053
Current_Account_Balance_over_GDP : -0.4812893687216826
Foreign_Exchange_Reserve_change_yryr% : -0.4448852333646169
Portfolio_Flows : -0.39196295912267126
--------------------

