--------------------
id : 2323616520
explain variance ratio : 0.38039966617441107
Weight :
Term_Premium : 0.27774564889172015
Stock_Prices_mom%_change : 0.23812781247889692
Stock_Prices_mom24mma%_change : 0.5585833697383336
One-Day_Repo_Rate_AVG : 0.37312181181472975
Foreign_Exchange_Reserve_change_yryr% : 0.507941980083977
Portfolio_Flows : 0.39612141688371555
--------------------

