--------------------
id : 2358373736
explain variance ratio : 0.388955359892247
Weight :
Risk_Premium : 0.002167121720949381
Stock_Prices_mom24mma%_change : 0.5165887537401136
One-Day_Repo_Rate_EOP : 0.16082474613392705
Portfolio_Flows : 0.38398245753056537
Foreign_Exchange_Reserve_over_GDP : 0.4700577791596071
Foreign_Exchange_Reserve_change_yryr% : 0.5821253479139755
--------------------

