--------------------
id : 2363821880
explain variance ratio : 0.21988079483806516
Weight :
Term_Premium : 0.2535091731781871
Risk_Premium : 0.012304989382263987
Stock_Prices_mom24mma%_change : 0.6238593125149132
Current_Account_Balance_change_yryr% : 0.13850919713574397
Policy_Rate_&_Fed_Funds_Rate_Differential_EOP : 0.13140730981659393
One-Day_Repo_Rate_EOP : 0.15582816608209527
Portfolio_Flows : 0.545773700260785
Foreign_Exchange_Reserve_over_GDP : 0.43333268574382183
--------------------

