--------------------
id : 2368906812
explain variance ratio : 0.3288095958985241
Weight :
Term_Premium : -0.38651684534376
Stock_Prices_mom%_change : -0.2507161157885537
Stock_Market_Volatility : -0.21476221577314586
Current_Account_Balance_over_GDP : -0.5552188890384171
Broad_Money_mo12m%_change : -0.5546601527257763
Foreign_Exchange_Reserve_over_GDP : -0.3545524622094468
--------------------

