--------------------
id : 2369179331
explain variance ratio : 0.3062147244925475
Weight :
Term_Premium : -0.14037042394392266
Risk_Premium : -0.20309972931686948
Stock_Prices_mom%_change : -0.23206469357891996
Stock_Market_Volatility : -0.037641190043104816
Current_Account_Balance_over_GDP : -0.5432606392025963
Foreign_Exchange_Reserve_change_yryr% : -0.5303894059539798
Foreign_Exchange_Reserve_over_GDP : -0.5543741685761066
--------------------

