--------------------
id : 2400034435
explain variance ratio : 0.26192090839111454
Weight :
Risk_Premium : -0.667620893169856
Stock_Prices_mom24mma%_change : -0.2980162312275594
Current_Account_Balance_over_GDP : -0.05244249127530631
REER : -0.4537196747302914
Current_Account_Balance_change_yryr% : -0.3441628627262032
Velocity_of_Money_mo12m%_change : -0.37203337850196705
--------------------

