--------------------
id : 2400182556
explain variance ratio : 0.25501716700029664
Weight :
Term_Premium : -0.37773371322112664
Stock_Prices_mom%_change : -0.2338559116130462
Stock_Market_Volatility : -0.23103935943352755
REER : -0.26548676377315894
One-Day_Repo_Rate_EOP : -0.5870615079125445
Portfolio_Flows : -0.392597822400864
Foreign_Exchange_Reserve_change_yryr% : -0.42425462039577105
--------------------

