--------------------
id : 2415586360
explain variance ratio : 0.28495579875957755
Weight :
Term_Premium : -0.24781850520550278
Risk_Premium : -0.08552575441454902
Stock_Prices_mom%_change : -0.3673928445886977
Current_Account_Balance_change_yryr% : -0.11640860070538683
Current_Account_Balance_over_GDP : -0.5562915253065557
Foreign_Exchange_Reserve_change_yryr% : -0.4942889022009278
Portfolio_Flows : -0.4784987871139058
--------------------

