--------------------
id : 2419402442
explain variance ratio : 0.32452060783070785
Weight :
Risk_Premium : -0.31874299780687526
Stock_Prices_mom24mma%_change : -0.47712901240767225
Stock_Market_Volatility : -0.07547902527652002
Current_Account_Balance_over_GDP : -0.5697052743124469
Current_Account_Balance_change_yryr% : -0.20251841230775097
Broad_Money_mo12m%_change : -0.2809396566839655
Foreign_Exchange_Reserve_over_GDP : -0.4696262620536615
--------------------

