--------------------
id : 2423469988
explain variance ratio : 0.2629572820269192
Weight :
Risk_Premium : -0.6425964063021818
Stock_Prices_mom24mma%_change : -0.2533297809962459
Current_Account_Balance_change_yryr% : -0.32873651431598
REER : -0.48895415308110113
Velocity_of_Money_mo12m%_change : -0.4152736399490795
Foreign_Exchange_Reserve_change_yryr% : -0.05742669215164751
--------------------

