--------------------
id : 2444614341
explain variance ratio : 0.3994150384428008
Weight :
Term_Premium : -0.14285728541072085
Stock_Prices_mom24mma%_change : -0.48688510347543756
One-Day_Repo_Rate_AVG : -0.015918182444170204
Current_Account_Balance_over_GDP : -0.45385332920250443
Portfolio_Flows : -0.3528180452238725
Foreign_Exchange_Reserve_over_GDP : -0.41838566661998994
Foreign_Exchange_Reserve_change_yryr% : -0.48659153300239644
--------------------

