--------------------
id : 2458866363
explain variance ratio : 0.30908149436905336
Weight :
Risk_Premium : -0.25069430758505973
Stock_Prices_mom%_change : -0.255103573282712
Current_Account_Balance_over_GDP : -0.5544244323310072
Current_Account_Balance_change_yryr% : -0.17404867733319096
Broad_Money_mo12m%_change : -0.3971542922667263
Portfolio_Flows : -0.43187202290733884
Foreign_Exchange_Reserve_over_GDP : -0.43606210768637665
--------------------

