--------------------
id : 2460047073
explain variance ratio : 0.320309199586037
Weight :
Term_Premium : -0.21433606975342412
Stock_Prices_mom%_change : -0.03609860638741813
Stock_Prices_mom24mma%_change : -0.36571046518008665
Current_Account_Balance_change_yryr% : -0.06858245150863344
Policy_Rate_&_Fed_Funds_Rate_Differential_EOP : -0.5913255256613551
One-Day_Repo_Rate_AVG : -0.5816002271816935
REER : -0.34904405443847253
Broad_Money_mo12m%_change : -0.06747436051604527
--------------------

