--------------------
id : 2466804904
explain variance ratio : 0.3596778857476596
Weight :
Term_Premium : -0.49913353489179174
Risk_Premium : -0.05793349655732549
Stock_Prices_mom%_change : -0.3169556200855
Current_Account_Balance_over_GDP : -0.5413945211259701
Broad_Money_mo12m%_change : -0.59492901401265
--------------------

