--------------------
id : 2474542973
explain variance ratio : 0.3486963081996246
Weight :
Term_Premium : -0.18694775364520733
Stock_Prices_mom24mma%_change : -0.5473964742690293
Current_Account_Balance_change_yryr% : -0.11050163795979157
Current_Account_Balance_over_GDP : -0.49512710571582363
One-Day_Repo_Rate_EOP : -0.021687742849159086
Foreign_Exchange_Reserve_change_yryr% : -0.48640755031091826
Portfolio_Flows : -0.4135015252319651
--------------------

