--------------------
id : 2475736399
explain variance ratio : 0.3282744526387733
Weight :
Term_Premium : 0.1782882129842826
Stock_Prices_mom%_change : 0.28511907874917064
One-Day_Repo_Rate_AVG : 0.24791131203673694
Portfolio_Flows : 0.4150675659211799
Foreign_Exchange_Reserve_over_GDP : 0.49875844440824807
Foreign_Exchange_Reserve_change_yryr% : 0.6359397261219417
--------------------

