--------------------
id : 2476298527
explain variance ratio : 0.28037390498455583
Weight :
Term_Premium : -0.15970813463908257
Stock_Prices_mom%_change : -0.1507625915430434
One-Day_Repo_Rate_AVG : -0.6146371200935832
REER : -0.09034835139853725
Policy_Rate_&_Fed_Funds_Rate_Differential_EOP : -0.5970112602967605
Portfolio_Flows : -0.1514514182941031
Foreign_Exchange_Reserve_over_GDP : -0.055278414654139005
Foreign_Exchange_Reserve_change_yryr% : -0.42826003616128583
--------------------

