--------------------
id : 2478754152
explain variance ratio : 0.3021888351519046
Weight :
Term_Premium : 0.04010833141296067
Risk_Premium : 0.4974225779792142
Stock_Market_Volatility : 0.176468886361001
Current_Account_Balance_over_GDP : 0.5677182219771203
Current_Account_Balance_change_yryr% : 0.3002464282989744
Foreign_Exchange_Reserve_over_GDP : 0.5544086358843398
--------------------

