--------------------
id : 2490797479
explain variance ratio : 0.3691681462281116
Weight :
Term_Premium : 0.2097573219115514
Stock_Prices_mom24mma%_change : 0.4977881679389021
One-Day_Repo_Rate_AVG : 0.20912552636453832
Foreign_Exchange_Reserve_change_yryr% : 0.59833406709986
Broad_Money_mo12m%_change : 0.2684154200878632
Foreign_Exchange_Reserve_over_GDP : 0.4841743760197107
--------------------

