--------------------
id : 2492186981
explain variance ratio : 0.26300640027274824
Weight :
Term_Premium : -0.3114182004936139
Stock_Prices_mom%_change : -0.1603618130408334
Current_Account_Balance_change_yryr% : -0.12983284173075058
REER : -0.20995838435157022
One-Day_Repo_Rate_EOP : -0.5710453629517067
Foreign_Exchange_Reserve_change_yryr% : -0.5861643281022157
Portfolio_Flows : -0.3829912235025812
--------------------

