--------------------
id : 2492193413
explain variance ratio : 0.26256837007944733
Weight :
Term_Premium : -0.28639410763134093
Risk_Premium : -0.008692386601479585
Stock_Prices_mom%_change : -0.27315908099970365
Current_Account_Balance_change_yryr% : -0.1342927320973981
Broad_Money_mo12m%_change : -0.40085153874867224
Foreign_Exchange_Reserve_over_GDP : -0.5606845948680251
Foreign_Exchange_Reserve_change_yryr% : -0.5917797437078529
--------------------

