--------------------
id : 2514448344
explain variance ratio : 0.36754575541300394
Weight :
Term_Premium : 0.12323963813169149
Stock_Prices_mom24mma%_change : 0.4982365694371025
Current_Account_Balance_change_yryr% : 0.13939995544623263
Current_Account_Balance_over_GDP : 0.4795088798155264
One-Day_Repo_Rate_AVG : 0.010479340611098953
Foreign_Exchange_Reserve_change_yryr% : 0.5191333246851157
Foreign_Exchange_Reserve_over_GDP : 0.46647826711444973
--------------------

