--------------------
id : 2516464052
explain variance ratio : 0.3994150384428007
Weight :
Term_Premium : -0.14285728541072068
Stock_Prices_mom24mma%_change : -0.4868851034754371
Current_Account_Balance_over_GDP : -0.45385332920250454
One-Day_Repo_Rate_AVG : -0.01591818244417037
Foreign_Exchange_Reserve_change_yryr% : -0.4865915330023963
Portfolio_Flows : -0.3528180452238724
Foreign_Exchange_Reserve_over_GDP : -0.41838566661998977
--------------------

