--------------------
id : 2529466903
explain variance ratio : 0.36858545203062415
Weight :
Risk_Premium : -0.2373316302595551
Stock_Prices_mom%_change : -0.3536510954765412
Stock_Prices_mom24mma%_change : -0.5677866594022396
Current_Account_Balance_change_yryr% : -0.15540238565314884
Current_Account_Balance_over_GDP : -0.5347365137948236
Portfolio_Flows : -0.4314277097026775
--------------------

