--------------------
id : 2539888591
explain variance ratio : 0.32551871219444733
Weight :
Term_Premium : -0.27951269832207737
Stock_Prices_mom%_change : -0.10592286474411661
REER : -0.4301097300695183
One-Day_Repo_Rate_EOP : -0.7287466198039592
Foreign_Exchange_Reserve_change_yryr% : -0.44112014511348374
--------------------

