--------------------
id : 2539138065
explain variance ratio : 0.31301601077205926
Weight :
Term_Premium : -0.22526618644138532
Stock_Prices_mom24mma%_change : -0.5400395998305744
Stock_Market_Volatility : -0.0017419834815508364
Current_Account_Balance_change_yryr% : -0.1411286419293452
One-Day_Repo_Rate_AVG : -0.5266988991032442
REER : -0.25666234095253143
Foreign_Exchange_Reserve_change_yryr% : -0.5425907852165524
--------------------

