--------------------
id : 2559192486
explain variance ratio : 0.2831057537649992
Weight :
Term_Premium : -0.29132475876891584
Risk_Premium : -0.27913171188277613
Stock_Prices_mom%_change : -0.4067293497418646
Current_Account_Balance_change_yryr% : -0.1592845335854257
Current_Account_Balance_over_GDP : -0.6174148524352869
Portfolio_Flows : -0.5149892676172685
--------------------

