--------------------
id : 2567478006
explain variance ratio : 0.40388964710092257
Weight :
Term_Premium : -0.19880105531715295
Stock_Prices_mom24mma%_change : -0.5488819822485378
Current_Account_Balance_over_GDP : -0.4932786593088225
One-Day_Repo_Rate_AVG : -0.033541380964358936
Foreign_Exchange_Reserve_change_yryr% : -0.49092517432059135
Portfolio_Flows : -0.41683368772148754
--------------------

