--------------------
id : 2574026227
explain variance ratio : 0.31610198887355456
Weight :
Term_Premium : -0.2505448908731917
Stock_Prices_mom%_change : -0.5073107467110576
Stock_Prices_mom24mma%_change : -0.678673433850957
One-Day_Repo_Rate_EOP : -0.08818613026045669
Foreign_Exchange_Reserve_over_GDP : -0.45987894118283557
--------------------

