--------------------
id : 2579066270
explain variance ratio : 0.25501716700029686
Weight :
Term_Premium : -0.3777337132211276
Stock_Prices_mom%_change : -0.23385591161304708
Stock_Market_Volatility : -0.23103935943352777
REER : -0.26548676377315716
One-Day_Repo_Rate_EOP : -0.5870615079125439
Foreign_Exchange_Reserve_change_yryr% : -0.4242546203957712
Portfolio_Flows : -0.3925978224008651
--------------------

