--------------------
id : 2583864577
explain variance ratio : 0.2917102327117551
Weight :
Term_Premium : -0.42109776109791874
Stock_Prices_mom%_change : -0.26661990074478914
Stock_Prices_mom24mma%_change : -0.4638116968289436
Stock_Market_Volatility : -0.13341949714307805
Current_Account_Balance_change_yryr% : -0.08630113243047857
Broad_Money_mo12m%_change : -0.5039176103718268
Portfolio_Flows : -0.5072352593129428
--------------------

