--------------------
id : 2590027247
explain variance ratio : 0.353265742300185
Weight :
Risk_Premium : 0.10624336739034061
Stock_Prices_mom%_change : 0.2764676591306901
Stock_Prices_mom24mma%_change : 0.5230676046683653
Current_Account_Balance_change_yryr% : 0.14525330794880018
Portfolio_Flows : 0.3854210807933887
Foreign_Exchange_Reserve_change_yryr% : 0.5145486999131156
Foreign_Exchange_Reserve_over_GDP : 0.45196234767352805
--------------------

