--------------------
id : 2624306573
explain variance ratio : 0.44783977502490147
Weight :
Term_Premium : -0.19650474159823464
Stock_Prices_mom24mma%_change : -0.46908409281874086
Current_Account_Balance_over_GDP : -0.48887189688729726
Foreign_Exchange_Reserve_change_yryr% : -0.481766366547297
Broad_Money_mo12m%_change : -0.2902891154742118
Foreign_Exchange_Reserve_over_GDP : -0.43125823624443566
--------------------

