--------------------
id : 2633989305
explain variance ratio : 0.3476238729588348
Weight :
Term_Premium : -0.5164309879947727
Stock_Market_Volatility : -0.2796081276961193
Current_Account_Balance_change_yryr% : -0.026906795553129265
Broad_Money_mo12m%_change : -0.6554431488573711
Portfolio_Flows : -0.47411879580333993
--------------------

