--------------------
id : 2634228047
explain variance ratio : 0.32595262592787855
Weight :
Term_Premium : -0.1977565647568401
Stock_Prices_mom%_change : -0.02964264224757107
One-Day_Repo_Rate_AVG : -0.5889803368345837
REER : -0.3104621322053022
Current_Account_Balance_change_yryr% : -0.05914147387337783
Policy_Rate_&_Fed_Funds_Rate_Differential_EOP : -0.5821988571073334
Portfolio_Flows : -0.15659200411290308
Foreign_Exchange_Reserve_change_yryr% : -0.38698165750306496
--------------------

