--------------------
id : 2644277627
explain variance ratio : 0.3282744526387733
Weight :
Term_Premium : 0.17828821298428302
Stock_Prices_mom%_change : 0.28511907874917064
One-Day_Repo_Rate_AVG : 0.24791131203673716
Foreign_Exchange_Reserve_change_yryr% : 0.6359397261219418
Portfolio_Flows : 0.4150675659211799
Foreign_Exchange_Reserve_over_GDP : 0.49875844440824835
--------------------

