--------------------
id : 2655708096
explain variance ratio : 0.38040053566764404
Weight :
Term_Premium : -0.24760196877021706
Stock_Prices_mom24mma%_change : -0.5580838712849064
One-Day_Repo_Rate_EOP : -0.3548322640785899
Foreign_Exchange_Reserve_change_yryr% : -0.5523201866806688
Broad_Money_mo12m%_change : -0.23677560543114534
Portfolio_Flows : -0.3744455181990727
--------------------

