--------------------
id : 2659556994
explain variance ratio : 0.41971239456372367
Weight :
Risk_Premium : -0.1260905126817834
Stock_Prices_mom24mma%_change : -0.46079576424267693
Current_Account_Balance_over_GDP : -0.4634586527767368
Broad_Money_mo12m%_change : -0.2591872129356614
Portfolio_Flows : -0.354711596511041
Foreign_Exchange_Reserve_over_GDP : -0.411769392947302
Foreign_Exchange_Reserve_change_yryr% : -0.4409332856760386
--------------------

