--------------------
id : 2668251836
explain variance ratio : 0.3289647135582527
Weight :
Term_Premium : -0.16775624583418
Risk_Premium : -0.09945151286745357
Stock_Prices_mom%_change : -0.3083722705835779
Stock_Prices_mom24mma%_change : -0.5311464698628736
Current_Account_Balance_over_GDP : -0.4787134464380578
Current_Account_Balance_change_yryr% : -0.1042920825117511
Portfolio_Flows : -0.39167904034494105
Foreign_Exchange_Reserve_change_yryr% : -0.4373800817807757
--------------------

