--------------------
id : 2682026970
explain variance ratio : 0.2465560788340485
Weight :
Term_Premium : -0.207730046884634
Stock_Prices_mom%_change : -0.049211710797655905
Stock_Market_Volatility : -0.027817410287214364
One-Day_Repo_Rate_AVG : -0.6923131719290654
REER : -0.40624627860902146
Current_Account_Balance_change_yryr% : -0.14375648993481924
Foreign_Exchange_Reserve_change_yryr% : -0.5372644893514228
--------------------

