--------------------
id : 2685949559
explain variance ratio : 0.33769704414681556
Weight :
Risk_Premium : 0.05225277759817426
Stock_Prices_mom24mma%_change : 0.5164657103614216
Current_Account_Balance_change_yryr% : 0.1462586737867192
One-Day_Repo_Rate_AVG : 0.11568137935321154
Foreign_Exchange_Reserve_change_yryr% : 0.5639055190512321
Portfolio_Flows : 0.38037855415999455
Foreign_Exchange_Reserve_over_GDP : 0.48278541525811325
--------------------

