--------------------
id : 2687477564
explain variance ratio : 0.35430441548644503
Weight :
Term_Premium : -0.2372207363490829
Stock_Prices_mom%_change : -0.12365316790173231
Stock_Prices_mom24mma%_change : -0.3957477702803552
REER : -0.2550891598178411
Policy_Rate_&_Fed_Funds_Rate_Differential_EOP : -0.5057091346814911
One-Day_Repo_Rate_EOP : -0.5187364964875402
Portfolio_Flows : -0.23528333977209304
Foreign_Exchange_Reserve_change_yryr% : -0.35575540405261574
--------------------

