--------------------
id : 2689017926
explain variance ratio : 0.2507939994813773
Weight :
Risk_Premium : -0.6810643576046402
Stock_Prices_mom24mma%_change : -0.30422986886807035
Current_Account_Balance_over_GDP : -0.02876126333321183
REER : -0.48206687144202964
Velocity_of_Money_mo12m%_change : -0.44930753312636673
Foreign_Exchange_Reserve_change_yryr% : -0.0922094873349034
--------------------

