--------------------
id : 2693962868
explain variance ratio : 0.2831684480326097
Weight :
Term_Premium : -0.3680898790923
Stock_Prices_mom%_change : -0.24635106696385245
Stock_Market_Volatility : -0.21708008753924699
Current_Account_Balance_over_GDP : -0.5596857376922939
Current_Account_Balance_change_yryr% : -0.09971305394417898
Broad_Money_mo12m%_change : -0.5456795706119709
Foreign_Exchange_Reserve_over_GDP : -0.368429391367239
--------------------

