--------------------
id : 2693821804
explain variance ratio : 0.3941362505819164
Weight :
Term_Premium : 0.14243783131305907
Stock_Prices_mom24mma%_change : 0.512387841800907
One-Day_Repo_Rate_AVG : 0.17335616133198362
Foreign_Exchange_Reserve_change_yryr% : 0.5745280288823327
Portfolio_Flows : 0.38667207235230205
Foreign_Exchange_Reserve_over_GDP : 0.4555436945069456
--------------------

