--------------------
id : 2699880061
explain variance ratio : 0.35740589014032065
Weight :
Term_Premium : -0.19455748142770893
Stock_Prices_mom24mma%_change : -0.5894822616184737
Current_Account_Balance_change_yryr% : -0.13171789171116616
Current_Account_Balance_over_GDP : -0.5464015791464674
One-Day_Repo_Rate_AVG : -0.03673583359653121
Foreign_Exchange_Reserve_change_yryr% : -0.5453478151574976
--------------------

