--------------------
id : 2711507446
explain variance ratio : 0.32822210037494876
Weight :
Term_Premium : -0.24831277424962409
Stock_Prices_mom24mma%_change : -0.3982281507064881
Current_Account_Balance_change_yryr% : -0.0735105154161228
Policy_Rate_&_Fed_Funds_Rate_Differential_EOP : -0.5642295463992788
One-Day_Repo_Rate_AVG : -0.5501899070386463
REER : -0.30118556520344686
Broad_Money_mo12m%_change : -0.131436117623556
Portfolio_Flows : -0.21283608179206365
--------------------

