--------------------
id : 2713792072
explain variance ratio : 0.23018556366521356
Weight :
Term_Premium : -0.3118146119521465
Stock_Prices_mom%_change : -0.1594320123177403
Stock_Market_Volatility : -0.022876671255008744
Current_Account_Balance_change_yryr% : -0.12978172802334856
REER : -0.21003334166970844
One-Day_Repo_Rate_EOP : -0.5709833180098686
Foreign_Exchange_Reserve_change_yryr% : -0.5858704385802971
Portfolio_Flows : -0.38289204398138055
--------------------

