--------------------
id : 2720317772
explain variance ratio : 0.2198807948380653
Weight :
Term_Premium : 0.25350917317818755
Risk_Premium : 0.012304989382264098
Stock_Prices_mom24mma%_change : 0.6238593125149136
One-Day_Repo_Rate_EOP : 0.15582816608209532
Current_Account_Balance_change_yryr% : 0.13850919713574475
Policy_Rate_&_Fed_Funds_Rate_Differential_EOP : 0.13140730981659354
Portfolio_Flows : 0.5457737002607848
Foreign_Exchange_Reserve_over_GDP : 0.4333326857438224
--------------------

