--------------------
id : 2723474196
explain variance ratio : 0.3062837258415463
Weight :
Term_Premium : -0.2791083582254774
Stock_Prices_mom%_change : -0.27673914522952847
Current_Account_Balance_change_yryr% : -0.09519437622831795
Foreign_Exchange_Reserve_change_yryr% : -0.4998380302112281
Broad_Money_mo12m%_change : -0.4187834467454218
Portfolio_Flows : -0.46359203597897164
Foreign_Exchange_Reserve_over_GDP : -0.443076509267041
--------------------

