--------------------
id : 2734928500
explain variance ratio : 0.4234878986417776
Weight :
Term_Premium : -0.2933510778655575
Stock_Prices_mom24mma%_change : -0.5622212134636533
Current_Account_Balance_change_yryr% : -0.13330607120652624
One-Day_Repo_Rate_AVG : -0.4900579612552418
Foreign_Exchange_Reserve_change_yryr% : -0.5830309925179015
--------------------

