--------------------
id : 2740452386
explain variance ratio : 0.3542448232217395
Weight :
Term_Premium : -0.2384730723153996
Stock_Prices_mom24mma%_change : -0.3754373160664406
Stock_Market_Volatility : -0.12219867397425327
REER : -0.27393854816807134
Policy_Rate_&_Fed_Funds_Rate_Differential_EOP : -0.5193996794245473
One-Day_Repo_Rate_EOP : -0.5295964287116801
Portfolio_Flows : -0.222559982419078
Foreign_Exchange_Reserve_change_yryr% : -0.3352927397468016
--------------------

