--------------------
id : 2748207785
explain variance ratio : 0.31301601077205937
Weight :
Term_Premium : -0.22526618644138519
Stock_Prices_mom24mma%_change : -0.5400395998305743
Stock_Market_Volatility : -0.0017419834815507046
One-Day_Repo_Rate_AVG : -0.5266988991032439
REER : -0.2566623409525318
Current_Account_Balance_change_yryr% : -0.14112864192934507
Foreign_Exchange_Reserve_change_yryr% : -0.5425907852165524
--------------------

