--------------------
id : 2768714292
explain variance ratio : 0.2477182632650141
Weight :
Term_Premium : -0.06739146128677032
Stock_Market_Volatility : -0.0293528503270179
REER : -0.6782946660192851
Current_Account_Balance_change_yryr% : -0.1801689230654627
One-Day_Repo_Rate_EOP : -0.705576419598817
Portfolio_Flows : -0.06491704275955469
--------------------

