--------------------
id : 2776700547
explain variance ratio : 0.21435001491314856
Weight :
Risk_Premium : 0.7219536994675035
Stock_Prices_mom%_change : 0.07297212432780642
REER : 0.2078711305389242
Portfolio_Flows : 0.34364634366050606
Velocity_of_Money_mo12m%_change : 0.1989122096364717
Foreign_Exchange_Reserve_over_GDP : 0.5221002215389718
--------------------

