--------------------
id : 2808756405
explain variance ratio : 0.321371540228411
Weight :
Term_Premium : -0.23850888794554748
Stock_Prices_mom%_change : -0.07908870710819116
Stock_Market_Volatility : -0.1630732807548915
REER : -0.3483352618058263
Policy_Rate_&_Fed_Funds_Rate_Differential_AVG : -0.5897910472675857
One-Day_Repo_Rate_EOP : -0.5900111866078196
Foreign_Exchange_Reserve_change_yryr% : -0.25572173376709517
Portfolio_Flows : -0.16603569611750663
--------------------

