--------------------
id : 2816771723
explain variance ratio : 0.2840642198879432
Weight :
Term_Premium : -0.25976335713123594
Stock_Prices_mom%_change : -0.3733053222016899
Current_Account_Balance_change_yryr% : -0.09915736118666241
Current_Account_Balance_over_GDP : -0.5376990957031635
One-Day_Repo_Rate_EOP : -0.013892862299131004
Foreign_Exchange_Reserve_change_yryr% : -0.511846545406622
Portfolio_Flows : -0.4816988034474917
--------------------

