--------------------
id : 2818191284
explain variance ratio : 0.4010049297743712
Weight :
Term_Premium : -0.19188795738458084
Stock_Prices_mom%_change : -0.25092700686511904
Stock_Prices_mom24mma%_change : -0.47094760498124566
Current_Account_Balance_over_GDP : -0.47447476340667105
Foreign_Exchange_Reserve_change_yryr% : -0.4637900203584301
Broad_Money_mo12m%_change : -0.2820441699363145
Foreign_Exchange_Reserve_over_GDP : -0.39830466292771327
--------------------

