--------------------
id : 2824744823
explain variance ratio : 0.425073591249304
Weight :
Term_Premium : -0.21407001382760804
Stock_Prices_mom24mma%_change : -0.5914333866843117
Current_Account_Balance_over_GDP : -0.5416526290257565
One-Day_Repo_Rate_EOP : -0.06190899884525791
Foreign_Exchange_Reserve_change_yryr% : -0.5542204287343051
--------------------

