--------------------
id : 2836105085
explain variance ratio : 0.34837457023624324
Weight :
Term_Premium : 0.28123087442327166
Stock_Prices_mom24mma%_change : 0.600936922456735
Current_Account_Balance_change_yryr% : 0.15848524365407934
REER : 0.025226449511388693
Foreign_Exchange_Reserve_change_yryr% : 0.5540033097322369
Portfolio_Flows : 0.4765610108832181
--------------------

