--------------------
id : 2844777595
explain variance ratio : 0.38386649126962874
Weight :
Term_Premium : -0.19655667229156515
Stock_Prices_mom24mma%_change : -0.46861889653709166
Stock_Market_Volatility : -0.004082913612136599
Current_Account_Balance_over_GDP : -0.489145551507226
Broad_Money_mo12m%_change : -0.2909171590111226
Foreign_Exchange_Reserve_over_GDP : -0.4312900694169478
Foreign_Exchange_Reserve_change_yryr% : -0.4814954270378633
--------------------

