--------------------
id : 2844856166
explain variance ratio : 0.368100004197394
Weight :
Term_Premium : -0.30368595631631917
Stock_Prices_mom24mma%_change : -0.47183568274442356
Stock_Market_Volatility : -0.07993871631435075
Current_Account_Balance_over_GDP : -0.572920652803085
Broad_Money_mo12m%_change : -0.43094097772703444
Foreign_Exchange_Reserve_over_GDP : -0.4059649361296033
--------------------

