--------------------
id : 2857794524
explain variance ratio : 0.33408885276962264
Weight :
Term_Premium : -0.25368878414909724
Stock_Prices_mom%_change : -0.2043874891756492
Stock_Prices_mom24mma%_change : -0.5589695866611024
One-Day_Repo_Rate_EOP : -0.3412809972508088
Foreign_Exchange_Reserve_change_yryr% : -0.5286224437582272
Broad_Money_mo12m%_change : -0.20165877999157966
Portfolio_Flows : -0.3805786194417969
--------------------

