--------------------
id : 2861758574
explain variance ratio : 0.2916370730492934
Weight :
Term_Premium : -0.42706989310780963
Stock_Prices_mom%_change : -0.21193024689339834
Current_Account_Balance_change_yryr% : -0.06883309733306402
One-Day_Repo_Rate_AVG : -0.3478278142090862
Foreign_Exchange_Reserve_change_yryr% : -0.48359882460338866
Broad_Money_mo12m%_change : -0.4477253057323193
Portfolio_Flows : -0.46113872172674353
--------------------

