--------------------
id : 2876261895
explain variance ratio : 0.37194016478901726
Weight :
Term_Premium : -0.18627364882752454
Stock_Prices_mom%_change : -0.318149031461772
Stock_Prices_mom24mma%_change : -0.5307548487192695
Current_Account_Balance_over_GDP : -0.4619955453336696
One-Day_Repo_Rate_EOP : -0.03489412413362447
Foreign_Exchange_Reserve_change_yryr% : -0.45794028386235763
Portfolio_Flows : -0.3975120434681933
--------------------

