--------------------
id : 2876171301
explain variance ratio : 0.33858175111304695
Weight :
Term_Premium : 0.10806752357021963
Risk_Premium : 0.11824290366464091
Stock_Prices_mom24mma%_change : 0.5207196122916643
Current_Account_Balance_change_yryr% : 0.15570235651316017
Foreign_Exchange_Reserve_change_yryr% : 0.5344696399916973
Portfolio_Flows : 0.3899283918707027
Foreign_Exchange_Reserve_over_GDP : 0.491167935408752
--------------------

