--------------------
id : 2898285965
explain variance ratio : 0.2816868533741661
Weight :
Term_Premium : -0.39021263321833016
Stock_Prices_mom%_change : -0.5101295331735279
One-Day_Repo_Rate_EOP : -0.04565446970199155
Portfolio_Flows : -0.6552978799874786
Foreign_Exchange_Reserve_over_GDP : -0.3949712877426935
--------------------

