--------------------
id : 2904090756
explain variance ratio : 0.3636123351008681
Weight :
Term_Premium : -0.3656033790273194
Stock_Prices_mom24mma%_change : -0.5438806241157966
REER : -0.31141155825586975
One-Day_Repo_Rate_EOP : -0.5523501978082548
Portfolio_Flows : -0.4104389556572943
--------------------

