--------------------
id : 2919644440
explain variance ratio : 0.2558025007748223
Weight :
Risk_Premium : -0.1138634124952132
Stock_Prices_mom%_change : -0.23802748777627744
Stock_Market_Volatility : -0.05424239318334756
Current_Account_Balance_change_yryr% : -0.2271723850071154
Foreign_Exchange_Reserve_change_yryr% : -0.613881332866319
Broad_Money_mo12m%_change : -0.28168695574041547
Foreign_Exchange_Reserve_over_GDP : -0.6477890681029983
--------------------

