--------------------
id : 2926341795
explain variance ratio : 0.35273334544346086
Weight :
Term_Premium : -0.2522737779690743
Stock_Prices_mom%_change : -0.18840837910236619
Stock_Prices_mom24mma%_change : -0.5833197697606805
One-Day_Repo_Rate_EOP : -0.40044759696521726
Broad_Money_mo12m%_change : -0.2458882554557971
Foreign_Exchange_Reserve_change_yryr% : -0.5829056165051616
--------------------

