--------------------
id : 2930617157
explain variance ratio : 0.3941423070178273
Weight :
Term_Premium : -0.15737738364067175
Risk_Premium : -0.2782002356071652
Stock_Prices_mom24mma%_change : -0.5198410010851677
Current_Account_Balance_over_GDP : -0.5380460256098067
Portfolio_Flows : -0.38878745454690394
Foreign_Exchange_Reserve_over_GDP : -0.432380747871291
--------------------

