--------------------
id : 2945433519
explain variance ratio : 0.35637596308069786
Weight :
Term_Premium : -0.19857552646229407
Stock_Prices_mom24mma%_change : -0.4832774839448535
Current_Account_Balance_change_yryr% : -0.11446221568423645
Broad_Money_mo12m%_change : -0.30810970369467994
Portfolio_Flows : -0.4174521926667232
Foreign_Exchange_Reserve_change_yryr% : -0.5040902162253112
Foreign_Exchange_Reserve_over_GDP : -0.4365823704819632
--------------------

