--------------------
id : 2963592157
explain variance ratio : 0.38916571146185186
Weight :
Risk_Premium : -0.07119839341624504
Stock_Prices_mom%_change : -0.30027989560429796
Stock_Prices_mom24mma%_change : -0.5012318600897407
Current_Account_Balance_over_GDP : -0.47610323242043917
Broad_Money_mo12m%_change : -0.29726184207815914
Portfolio_Flows : -0.4045117696889978
Foreign_Exchange_Reserve_change_yryr% : -0.4181635242437824
--------------------

