--------------------
id : 2965615344
explain variance ratio : 0.3697347552033921
Weight :
Term_Premium : -0.13239162126278226
Risk_Premium : -0.12821884572629505
Stock_Prices_mom%_change : -0.2457162406573423
Stock_Prices_mom24mma%_change : -0.4820928187698661
Current_Account_Balance_over_GDP : -0.4501831522416002
Portfolio_Flows : -0.34248101633036243
Foreign_Exchange_Reserve_change_yryr% : -0.44551285347156955
Foreign_Exchange_Reserve_over_GDP : -0.39344962786935467
--------------------

