--------------------
id : 2981699112
explain variance ratio : 0.44214975846100707
Weight :
Term_Premium : -0.25432887673622717
Stock_Prices_mom24mma%_change : -0.4784387070434921
Current_Account_Balance_over_GDP : -0.4815600706329244
Foreign_Exchange_Reserve_change_yryr% : -0.4190149691373132
Broad_Money_mo12m%_change : -0.35900186024195807
Portfolio_Flows : -0.412379975767887
--------------------

