--------------------
id : 2983024212
explain variance ratio : 0.3257053678288271
Weight :
Term_Premium : -0.21779487421642893
Risk_Premium : -0.19886231090881784
Stock_Prices_mom24mma%_change : -0.4611392665233751
Current_Account_Balance_over_GDP : -0.5119824528654099
Current_Account_Balance_change_yryr% : -0.129475306320057
Broad_Money_mo12m%_change : -0.34810654851298917
Portfolio_Flows : -0.3939967349673025
Foreign_Exchange_Reserve_over_GDP : -0.3808782845792903
--------------------

