--------------------
id : 2986014758
explain variance ratio : 0.2826008749064732
Weight :
Term_Premium : -0.5519983282609136
Stock_Prices_mom%_change : -0.2877501786955514
Stock_Prices_mom24mma%_change : -0.4385813624050344
Stock_Market_Volatility : -0.235152425660531
Current_Account_Balance_change_yryr% : -0.07429758867871526
Broad_Money_mo12m%_change : -0.5994391327159707
--------------------

