--------------------
id : 2989165833
explain variance ratio : 0.3562775999643842
Weight :
Term_Premium : -0.14674410773180763
Stock_Prices_mom%_change : -0.2868323162567351
Stock_Prices_mom24mma%_change : -0.5134173978768439
One-Day_Repo_Rate_EOP : -0.15354421336611485
Portfolio_Flows : -0.3854755930496687
Foreign_Exchange_Reserve_change_yryr% : -0.5407494865771959
Foreign_Exchange_Reserve_over_GDP : -0.4099008407230327
--------------------

