--------------------
id : 2989753732
explain variance ratio : 0.3542438480710041
Weight :
Term_Premium : -0.29723806979091827
Stock_Prices_mom%_change : -0.31733868624349626
Stock_Prices_mom24mma%_change : -0.463906279009607
Stock_Market_Volatility : -0.022081303359458543
Current_Account_Balance_over_GDP : -0.4843091425845072
Broad_Money_mo12m%_change : -0.41369533469452785
Portfolio_Flows : -0.43537327993191255
--------------------

