--------------------
id : 3001751173
explain variance ratio : 0.4039104890397705
Weight :
Term_Premium : -0.1993446572597682
Stock_Prices_mom24mma%_change : -0.548789973699728
One-Day_Repo_Rate_EOP : -0.03495337425718159
Current_Account_Balance_over_GDP : -0.49305088034098066
Portfolio_Flows : -0.4167083184597809
Foreign_Exchange_Reserve_change_yryr% : -0.4910443368353617
--------------------

