--------------------
id : 3002349810
explain variance ratio : 0.3586124470516901
Weight :
Term_Premium : 0.10945399045339152
Stock_Prices_mom24mma%_change : 0.5166420194463738
One-Day_Repo_Rate_AVG : 0.20930715388906046
Current_Account_Balance_change_yryr% : 0.13678365212849264
Foreign_Exchange_Reserve_change_yryr% : 0.62733895645901
Foreign_Exchange_Reserve_over_GDP : 0.5148081480186331
--------------------

