--------------------
id : 3005384865
explain variance ratio : 0.31014621470900605
Weight :
Risk_Premium : 0.2404450533794221
Stock_Prices_mom%_change : 0.20696268572373022
Stock_Market_Volatility : 0.05197306255620392
Current_Account_Balance_change_yryr% : 0.20364661063400014
Current_Account_Balance_over_GDP : 0.5283526453783112
Foreign_Exchange_Reserve_change_yryr% : 0.5093107402601231
Foreign_Exchange_Reserve_over_GDP : 0.5626948851257028
--------------------

