--------------------
id : 3015783757
explain variance ratio : 0.29770378967378247
Weight :
Risk_Premium : -0.194635233879501
Stock_Market_Volatility : -0.054571647709078075
Current_Account_Balance_over_GDP : -0.6249763961791324
Current_Account_Balance_change_yryr% : -0.224295593479237
Portfolio_Flows : -0.4930329518994664
Foreign_Exchange_Reserve_change_yryr% : -0.524550817657382
--------------------

