--------------------
id : 3027062612
explain variance ratio : 0.36353023540467394
Weight :
Term_Premium : -0.2531876847892839
Stock_Prices_mom24mma%_change : -0.46269840897504844
Current_Account_Balance_change_yryr% : -0.10919240381113629
Current_Account_Balance_over_GDP : -0.5048889516796425
Broad_Money_mo12m%_change : -0.38936323509341425
Portfolio_Flows : -0.4166420941867807
Foreign_Exchange_Reserve_over_GDP : -0.36024433449260895
--------------------

