--------------------
id : 3031904938
explain variance ratio : 0.3201074350792943
Weight :
Term_Premium : -0.21225385979444178
Stock_Prices_mom24mma%_change : -0.36075432800149654
Stock_Market_Volatility : -0.014964218760495578
Current_Account_Balance_change_yryr% : -0.06881491757902326
Policy_Rate_&_Fed_Funds_Rate_Differential_EOP : -0.5925006345276349
One-Day_Repo_Rate_AVG : -0.5831907184125862
REER : -0.3526269770283064
Broad_Money_mo12m%_change : -0.06581027442329623
--------------------

