--------------------
id : 3056768095
explain variance ratio : 0.38039966617441096
Weight :
Term_Premium : 0.2777456488917199
Stock_Prices_mom%_change : 0.23812781247889736
Stock_Prices_mom24mma%_change : 0.5585833697383336
One-Day_Repo_Rate_AVG : 0.3731218118147298
Portfolio_Flows : 0.39612141688371566
Foreign_Exchange_Reserve_change_yryr% : 0.5079419800839771
--------------------

