--------------------
id : 3078118668
explain variance ratio : 0.24438780171310306
Weight :
Risk_Premium : 0.519075365413459
Stock_Prices_mom%_change : 0.07080419500683144
Stock_Market_Volatility : 0.2905930947017036
Current_Account_Balance_change_yryr% : 0.4336036188605007
Broad_Money_mo12m%_change : 0.2610168016279414
Foreign_Exchange_Reserve_over_GDP : 0.6204525084815142
--------------------

