--------------------
id : 3080540890
explain variance ratio : 0.27601404593295464
Weight :
Risk_Premium : -0.2337378875903155
Stock_Prices_mom%_change : -0.3894548622200154
Stock_Market_Volatility : -0.06708007699057966
Current_Account_Balance_over_GDP : -0.6674986967228378
Current_Account_Balance_change_yryr% : -0.24636267705042025
Foreign_Exchange_Reserve_change_yryr% : -0.5319235797544668
--------------------

