--------------------
id : 3088904566
explain variance ratio : 0.4249949608269308
Weight :
Term_Premium : -0.2128694875461539
Stock_Prices_mom24mma%_change : -0.5917451870842692
One-Day_Repo_Rate_AVG : -0.058542982861387705
Current_Account_Balance_over_GDP : -0.5424791147842913
Foreign_Exchange_Reserve_change_yryr% : -0.5539073424454528
--------------------

