--------------------
id : 3111052906
explain variance ratio : 0.3225727710936285
Weight :
Term_Premium : -0.24415757092088938
Stock_Market_Volatility : -0.11635062943593744
Current_Account_Balance_change_yryr% : -0.13020013336925368
Current_Account_Balance_over_GDP : -0.5267445171950387
Foreign_Exchange_Reserve_change_yryr% : -0.48708534740797205
Broad_Money_mo12m%_change : -0.39331173215710635
Foreign_Exchange_Reserve_over_GDP : -0.4903993231597065
--------------------

