--------------------
id : 3115613550
explain variance ratio : 0.33361145555243793
Weight :
Term_Premium : -0.24925612582272813
Stock_Prices_mom%_change : -0.2052308473411134
Stock_Prices_mom24mma%_change : -0.5592752802222106
One-Day_Repo_Rate_AVG : -0.33814052738577904
Broad_Money_mo12m%_change : -0.20386625850879977
Portfolio_Flows : -0.38118622447387923
Foreign_Exchange_Reserve_change_yryr% : -0.5308101719297593
--------------------

