--------------------
id : 3126007925
explain variance ratio : 0.3569873668532726
Weight :
Term_Premium : 0.14211005264444018
Risk_Premium : 0.2001651803204582
Stock_Prices_mom%_change : 0.23455754030947257
Current_Account_Balance_over_GDP : 0.5406399017605806
Foreign_Exchange_Reserve_over_GDP : 0.5540601360211588
Foreign_Exchange_Reserve_change_yryr% : 0.5342726421080979
--------------------

