--------------------
id : 3127378749
explain variance ratio : 0.43363501537901716
Weight :
Term_Premium : -0.18464383718341948
Stock_Prices_mom%_change : -0.31811588702044546
Stock_Prices_mom24mma%_change : -0.5306640009801955
Current_Account_Balance_over_GDP : -0.46906332115435545
Foreign_Exchange_Reserve_change_yryr% : -0.4519569432810991
Portfolio_Flows : -0.3985212366320296
--------------------

