--------------------
id : 3128790656
explain variance ratio : 0.32452060783070796
Weight :
Risk_Premium : -0.3187429978068757
Stock_Prices_mom24mma%_change : -0.47712901240767225
Stock_Market_Volatility : -0.07547902527652016
Current_Account_Balance_change_yryr% : -0.20251841230775117
Current_Account_Balance_over_GDP : -0.5697052743124473
Broad_Money_mo12m%_change : -0.28093965668396526
Foreign_Exchange_Reserve_over_GDP : -0.46962626205366176
--------------------

