--------------------
id : 3134450550
explain variance ratio : 0.3641383356771047
Weight :
Term_Premium : -0.1046421227270483
Risk_Premium : -0.3670995493953658
Stock_Prices_mom24mma%_change : -0.5090124779846289
Current_Account_Balance_change_yryr% : -0.21461017892925213
Current_Account_Balance_over_GDP : -0.5606259028170344
Foreign_Exchange_Reserve_over_GDP : -0.4845980937141454
--------------------

