--------------------
id : 3135155892
explain variance ratio : 0.3125007802622332
Weight :
Term_Premium : -0.3234705752354691
Stock_Prices_mom24mma%_change : -0.5034608454215085
Stock_Market_Volatility : -0.06497548622658009
One-Day_Repo_Rate_AVG : -0.3465087917449979
Current_Account_Balance_change_yryr% : -0.09994148026480731
Broad_Money_mo12m%_change : -0.321036732132303
Portfolio_Flows : -0.40354386359044225
Foreign_Exchange_Reserve_change_yryr% : -0.49163327269431906
--------------------

