--------------------
id : 3147976661
explain variance ratio : 0.3375564728148476
Weight :
Term_Premium : 0.1576701737719199
Stock_Market_Volatility : 0.03641501736449115
One-Day_Repo_Rate_AVG : 0.006060201841184443
Current_Account_Balance_over_GDP : 0.5308468998487468
Foreign_Exchange_Reserve_change_yryr% : 0.594443923001359
Foreign_Exchange_Reserve_over_GDP : 0.5819066317670298
--------------------

