--------------------
id : 3148565459
explain variance ratio : 0.29416188866513004
Weight :
Term_Premium : -0.21546953463219568
Stock_Market_Volatility : -0.02414123342698793
REER : -0.38220637488929143
Policy_Rate_&_Fed_Funds_Rate_Differential_EOP : -0.6304893838536331
Current_Account_Balance_change_yryr% : -0.04764466282664734
One-Day_Repo_Rate_EOP : -0.626424595328541
Broad_Money_mo12m%_change : -0.06134754778925894
Portfolio_Flows : -0.10464318032110478
--------------------

