--------------------
id : 3185555250
explain variance ratio : 0.3702759169178391
Weight :
Term_Premium : -0.3571413320865517
Stock_Prices_mom24mma%_change : -0.5337597843031803
Current_Account_Balance_change_yryr% : -0.11172263719112327
One-Day_Repo_Rate_EOP : -0.4477042948891409
Foreign_Exchange_Reserve_change_yryr% : -0.5438870795021962
Broad_Money_mo12m%_change : -0.28074244959306666
--------------------

