--------------------
id : 3185950321
explain variance ratio : 0.3259526259278788
Weight :
Term_Premium : -0.19775656475684053
Stock_Prices_mom%_change : -0.029642642247571183
Current_Account_Balance_change_yryr% : -0.059141473873377856
Policy_Rate_&_Fed_Funds_Rate_Differential_EOP : -0.5821988571073333
One-Day_Repo_Rate_AVG : -0.5889803368345834
REER : -0.31046213220530194
Foreign_Exchange_Reserve_change_yryr% : -0.38698165750306507
Portfolio_Flows : -0.1565920041129032
--------------------

