--------------------
id : 3201122634
explain variance ratio : 0.2949185970332004
Weight :
Term_Premium : -0.542632442879624
Stock_Prices_mom%_change : -0.23493171221462927
One-Day_Repo_Rate_EOP : -0.2209585415875342
Current_Account_Balance_change_yryr% : -0.03078176973642714
Broad_Money_mo12m%_change : -0.5938286260260031
Portfolio_Flows : -0.497950289681478
--------------------

