--------------------
id : 3201703999
explain variance ratio : 0.3574409791898872
Weight :
Term_Premium : -0.1954375751226761
Stock_Prices_mom24mma%_change : -0.5893477098199695
Current_Account_Balance_over_GDP : -0.5457324856775706
Current_Account_Balance_change_yryr% : -0.1311769003168456
One-Day_Repo_Rate_EOP : -0.03964299322375897
Foreign_Exchange_Reserve_change_yryr% : -0.5457751727110994
--------------------

