--------------------
id : 3226403259
explain variance ratio : 0.3200153175074454
Weight :
Term_Premium : -0.3734215791515987
Stock_Market_Volatility : -0.25273226048722325
Current_Account_Balance_over_GDP : -0.5616614843590638
Current_Account_Balance_change_yryr% : -0.11300448146584138
Broad_Money_mo12m%_change : -0.5621157114978832
Foreign_Exchange_Reserve_over_GDP : -0.3904804985865267
--------------------

