--------------------
id : 3236197589
explain variance ratio : 0.33278556398072073
Weight :
Term_Premium : -0.2768787270901144
Stock_Prices_mom24mma%_change : -0.5178621224728815
Current_Account_Balance_change_yryr% : -0.09886256648871056
Current_Account_Balance_over_GDP : -0.5401391063126242
One-Day_Repo_Rate_AVG : -0.01354289943192627
Foreign_Exchange_Reserve_change_yryr% : -0.4704309691584833
Broad_Money_mo12m%_change : -0.36351647074581406
--------------------

