--------------------
id : 3238392162
explain variance ratio : 0.2264294108677773
Weight :
Term_Premium : -0.09814856856014435
Stock_Market_Volatility : -0.0805345531165304
Current_Account_Balance_change_yryr% : -0.6907699851640765
REER : -0.36580332117113096
Foreign_Exchange_Reserve_change_yryr% : -0.6106601362955559
--------------------

