--------------------
id : 3238255337
explain variance ratio : 0.2980915680030388
Weight :
Risk_Premium : -0.11080635243142666
Stock_Prices_mom%_change : -0.24213420874437616
Current_Account_Balance_change_yryr% : -0.22495895075071248
Foreign_Exchange_Reserve_change_yryr% : -0.6218069744398661
Broad_Money_mo12m%_change : -0.2676070938240207
Foreign_Exchange_Reserve_over_GDP : -0.6482507057973154
--------------------

