--------------------
id : 3242393731
explain variance ratio : 0.3107539271216736
Weight :
Risk_Premium : -0.05035261121604587
Stock_Prices_mom%_change : -0.32682483436448406
Current_Account_Balance_over_GDP : -0.5311829349874212
Current_Account_Balance_change_yryr% : -0.11237816155419283
Broad_Money_mo12m%_change : -0.4211555090236084
Portfolio_Flows : -0.476354324261593
Foreign_Exchange_Reserve_change_yryr% : -0.43769918385410245
--------------------

