--------------------
id : 3247310769
explain variance ratio : 0.40100492977437124
Weight :
Term_Premium : -0.19188795738458103
Stock_Prices_mom%_change : -0.2509270068651194
Stock_Prices_mom24mma%_change : -0.4709476049812459
Current_Account_Balance_over_GDP : -0.4744747634066713
Broad_Money_mo12m%_change : -0.28204416993631476
Foreign_Exchange_Reserve_over_GDP : -0.3983046629277134
Foreign_Exchange_Reserve_change_yryr% : -0.4637900203584303
--------------------

