--------------------
id : 3256843003
explain variance ratio : 0.39199927463924567
Weight :
Term_Premium : 0.12084084950663468
Stock_Prices_mom24mma%_change : 0.520785442448943
Current_Account_Balance_change_yryr% : 0.14237328469472577
Foreign_Exchange_Reserve_change_yryr% : 0.5534562235274788
Portfolio_Flows : 0.3973342440691783
Foreign_Exchange_Reserve_over_GDP : 0.4792927779110431
--------------------

