--------------------
id : 3270273709
explain variance ratio : 0.280252424535128
Weight :
Term_Premium : -0.30590125289692804
Stock_Prices_mom24mma%_change : -0.5346696708550032
Stock_Market_Volatility : -0.055445690427809696
One-Day_Repo_Rate_AVG : -0.48235843483012664
REER : -0.16072890652063804
Current_Account_Balance_change_yryr% : -0.12346741140700973
Broad_Money_mo12m%_change : -0.23135449512193718
Foreign_Exchange_Reserve_change_yryr% : -0.5387077100071156
--------------------

