--------------------
id : 3277547660
explain variance ratio : 0.3719401647890169
Weight :
Term_Premium : -0.1862736488275247
Stock_Prices_mom%_change : -0.31814903146177154
Stock_Prices_mom24mma%_change : -0.5307548487192693
Current_Account_Balance_over_GDP : -0.4619955453336694
One-Day_Repo_Rate_EOP : -0.03489412413362458
Portfolio_Flows : -0.39751204346819313
Foreign_Exchange_Reserve_change_yryr% : -0.4579402838623575
--------------------

