--------------------
id : 3291649393
explain variance ratio : 0.32347852898703755
Weight :
Term_Premium : -0.4263941223384499
Stock_Prices_mom24mma%_change : -0.5609033114984339
Stock_Market_Volatility : -0.12743420454374366
Current_Account_Balance_change_yryr% : -0.13422847058777948
Foreign_Exchange_Reserve_change_yryr% : -0.5344971328293296
Broad_Money_mo12m%_change : -0.42852255924106103
--------------------

