--------------------
id : 3298724325
explain variance ratio : 0.3334896769314392
Weight :
Term_Premium : -0.2496102822408359
Stock_Prices_mom%_change : -0.27885051897944335
Stock_Prices_mom24mma%_change : -0.4601411465915708
Stock_Market_Volatility : -0.026265152068784756
Current_Account_Balance_over_GDP : -0.4848962832653039
Broad_Money_mo12m%_change : -0.37626853537563393
Portfolio_Flows : -0.4086123902804648
Foreign_Exchange_Reserve_over_GDP : -0.32225899574068856
--------------------

