--------------------
id : 3300459122
explain variance ratio : 0.380577540283311
Weight :
Risk_Premium : -0.15965633897047843
Stock_Prices_mom24mma%_change : -0.4787578408454377
Stock_Market_Volatility : -0.006063318171895593
Current_Account_Balance_over_GDP : -0.4991807082562535
Broad_Money_mo12m%_change : -0.23713830024253993
Foreign_Exchange_Reserve_over_GDP : -0.4632514839644558
Foreign_Exchange_Reserve_change_yryr% : -0.4746010209596033
--------------------

