--------------------
id : 3320600938
explain variance ratio : 0.3466470138402763
Weight :
Term_Premium : -0.5670621043316597
Stock_Prices_mom24mma%_change : -0.5156379646786331
Current_Account_Balance_change_yryr% : -0.10858537783037299
One-Day_Repo_Rate_AVG : -0.429385423598152
Broad_Money_mo12m%_change : -0.4651832251230668
--------------------

