--------------------
id : 3327109603
explain variance ratio : 0.3690200267279848
Weight :
Term_Premium : 0.21423280725347535
Stock_Prices_mom24mma%_change : 0.49753711286316793
One-Day_Repo_Rate_EOP : 0.20759421623874436
Foreign_Exchange_Reserve_change_yryr% : 0.5972694940355155
Broad_Money_mo12m%_change : 0.2710448527485264
Foreign_Exchange_Reserve_over_GDP : 0.4829799232860393
--------------------

