--------------------
id : 3345628770
explain variance ratio : 0.3565689762308185
Weight :
Term_Premium : -0.14455078413020953
Stock_Prices_mom%_change : -0.2865769920987373
Stock_Prices_mom24mma%_change : -0.5129084726640851
One-Day_Repo_Rate_AVG : -0.15765332210891964
Portfolio_Flows : -0.3848822039804291
Foreign_Exchange_Reserve_over_GDP : -0.40994440388918474
Foreign_Exchange_Reserve_change_yryr% : -0.5411656880138527
--------------------

