--------------------
id : 3348512807
explain variance ratio : 0.2964019476324416
Weight :
Term_Premium : -0.303781915396007
Stock_Market_Volatility : -0.018779680057125936
One-Day_Repo_Rate_EOP : -0.1858229938051864
Foreign_Exchange_Reserve_change_yryr% : -0.5397799430124526
Broad_Money_mo12m%_change : -0.42223960103693825
Portfolio_Flows : -0.4427659789745634
Foreign_Exchange_Reserve_over_GDP : -0.45512998887010253
--------------------

