--------------------
id : 3370208362
explain variance ratio : 0.4269365367653868
Weight :
Risk_Premium : -0.10348987814086964
Stock_Prices_mom%_change : -0.3184138563131222
Stock_Prices_mom24mma%_change : -0.5437556603925315
Current_Account_Balance_over_GDP : -0.4818964672297564
Foreign_Exchange_Reserve_change_yryr% : -0.4499302463262482
Portfolio_Flows : -0.3969519005289653
--------------------

