--------------------
id : 3377246646
explain variance ratio : 0.253041122194365
Weight :
Term_Premium : -0.33695338737694697
Stock_Prices_mom24mma%_change : -0.4849699828372731
Stock_Market_Volatility : -0.006999561836168705
One-Day_Repo_Rate_EOP : -0.010372198167839769
Current_Account_Balance_change_yryr% : -0.10769829908866368
Broad_Money_mo12m%_change : -0.47299098099313447
Portfolio_Flows : -0.5223180206433976
Foreign_Exchange_Reserve_over_GDP : -0.3781196208939833
--------------------

