--------------------
id : 3387016360
explain variance ratio : 0.32403709631538496
Weight :
Term_Premium : -0.41812043677750443
Stock_Prices_mom24mma%_change : -0.6412316763528316
Current_Account_Balance_change_yryr% : -0.21438906659278611
REER : -0.0002118089294546044
Portfolio_Flows : -0.606658487827523
--------------------

