--------------------
id : 3395371914
explain variance ratio : 0.26201163003297895
Weight :
Term_Premium : -0.16912534788946842
Stock_Market_Volatility : -0.07794628828221795
Current_Account_Balance_change_yryr% : -0.40562721824643755
Portfolio_Flows : -0.6074725534400938
Foreign_Exchange_Reserve_over_GDP : -0.657088007407624
--------------------

