--------------------
id : 3418972009
explain variance ratio : 0.32216022146697043
Weight :
Term_Premium : 0.12378350089669302
Stock_Prices_mom%_change : 0.28323366451094956
Stock_Prices_mom24mma%_change : 0.5279310227123735
Current_Account_Balance_change_yryr% : 0.11775270878926314
One-Day_Repo_Rate_EOP : 0.19058234399384505
Foreign_Exchange_Reserve_over_GDP : 0.46728912688249874
Foreign_Exchange_Reserve_change_yryr% : 0.5976610352694238
--------------------

