--------------------
id : 3421528978
explain variance ratio : 0.30037444055313384
Weight :
Risk_Premium : -0.6858585046978319
Stock_Prices_mom24mma%_change : -0.35576447072727446
REER : -0.4496197045514494
Foreign_Exchange_Reserve_change_yryr% : -0.14437606035509154
Velocity_of_Money_mo12m%_change : -0.42429639095472665
--------------------

