--------------------
id : 3426910615
explain variance ratio : 0.4510005171207799
Weight :
Term_Premium : -0.20123928570741229
Stock_Prices_mom24mma%_change : -0.5480374927346947
Current_Account_Balance_over_GDP : -0.5426356350009041
Portfolio_Flows : -0.4338243468138897
Foreign_Exchange_Reserve_over_GDP : -0.42011981646157515
--------------------

