--------------------
id : 3430886805
explain variance ratio : 0.25536345335951705
Weight :
Term_Premium : -0.5157672204972024
Stock_Prices_mom%_change : -0.24790306161523834
Stock_Prices_mom24mma%_change : -0.5426174248466926
Current_Account_Balance_change_yryr% : -0.10919722090837695
One-Day_Repo_Rate_AVG : -0.42430553969869145
REER : -0.05633937780539039
Broad_Money_mo12m%_change : -0.4277396719857959
--------------------

