--------------------
id : 3430798517
explain variance ratio : 0.4198237513858998
Weight :
Term_Premium : -0.1673035281659086
Stock_Prices_mom%_change : -0.254983504831682
Current_Account_Balance_over_GDP : -0.5264277581945869
Foreign_Exchange_Reserve_over_GDP : -0.5413473607740965
Foreign_Exchange_Reserve_change_yryr% : -0.580353161542291
--------------------

