--------------------
id : 3430961685
explain variance ratio : 0.39195327124455803
Weight :
Term_Premium : -0.28022910506407217
Stock_Prices_mom24mma%_change : -0.5482114465183692
Current_Account_Balance_change_yryr% : -0.12254139331741347
One-Day_Repo_Rate_EOP : -0.408210662833841
Portfolio_Flows : -0.38271616259598895
Foreign_Exchange_Reserve_change_yryr% : -0.5411209283899585
--------------------

