--------------------
id : 3452678040
explain variance ratio : 0.3533938135730222
Weight :
Term_Premium : -0.22810623562698132
Stock_Prices_mom24mma%_change : -0.3738374246972378
Stock_Market_Volatility : -0.1216255303424914
Policy_Rate_&_Fed_Funds_Rate_Differential_AVG : -0.5200814451582909
One-Day_Repo_Rate_AVG : -0.5302235495814129
REER : -0.2796187253919994
Portfolio_Flows : -0.22185990970219033
Foreign_Exchange_Reserve_change_yryr% : -0.3382161768472544
--------------------

