--------------------
id : 3469640243
explain variance ratio : 0.2977037896737826
Weight :
Risk_Premium : -0.1946352338795019
Stock_Market_Volatility : -0.054571647709079574
Current_Account_Balance_change_yryr% : -0.22429559347923797
Current_Account_Balance_over_GDP : -0.6249763961791323
Foreign_Exchange_Reserve_change_yryr% : -0.5245508176573813
Portfolio_Flows : -0.4930329518994662
--------------------

