--------------------
id : 3469042871
explain variance ratio : 0.3992460902616772
Weight :
Term_Premium : -0.3036948286526011
Stock_Prices_mom24mma%_change : -0.5787615924314785
Stock_Market_Volatility : -0.052772520814012625
One-Day_Repo_Rate_EOP : -0.493096490930546
Foreign_Exchange_Reserve_change_yryr% : -0.5717301652482253
--------------------

