--------------------
id : 3470496040
explain variance ratio : 0.35335837386654173
Weight :
Risk_Premium : 0.265964986071405
Stock_Market_Volatility : 0.06772272892157183
Current_Account_Balance_over_GDP : 0.52759118751938
Current_Account_Balance_change_yryr% : 0.2211285449471263
Foreign_Exchange_Reserve_over_GDP : 0.5870913312384768
Foreign_Exchange_Reserve_change_yryr% : 0.5027422126871213
--------------------

