--------------------
id : 3485846264
explain variance ratio : 0.34837457023624324
Weight :
Term_Premium : 0.2812308744232719
Stock_Prices_mom24mma%_change : 0.6009369224567344
REER : 0.025226449511388416
Current_Account_Balance_change_yryr% : 0.1584852436540795
Portfolio_Flows : 0.476561010883218
Foreign_Exchange_Reserve_change_yryr% : 0.5540033097322365
--------------------

