--------------------
id : 3490068795
explain variance ratio : 0.3201540486486249
Weight :
Term_Premium : -0.2014796897330562
Stock_Prices_mom24mma%_change : -0.35703933060698373
Stock_Market_Volatility : -0.015338569873348435
Current_Account_Balance_change_yryr% : -0.06880908105481756
One-Day_Repo_Rate_AVG : -0.5856495640120913
REER : -0.3591996319723654
Policy_Rate_&_Fed_Funds_Rate_Differential_AVG : -0.5929424557651827
Broad_Money_mo12m%_change : -0.05803745668049265
--------------------

