--------------------
id : 3500097824
explain variance ratio : 0.3260465368483138
Weight :
Term_Premium : -0.20383700903578994
Stock_Prices_mom%_change : -0.0552474459088661
Stock_Prices_mom24mma%_change : -0.3892504282351858
Current_Account_Balance_change_yryr% : -0.07538209636264871
One-Day_Repo_Rate_AVG : -0.5651841528332631
REER : -0.3407612985812776
Policy_Rate_&_Fed_Funds_Rate_Differential_AVG : -0.5739841767217914
Portfolio_Flows : -0.18218291023842514
--------------------

