--------------------
id : 3539769967
explain variance ratio : 0.32048062775143954
Weight :
Term_Premium : -0.313607401309894
Stock_Prices_mom%_change : -0.197035844048576
Stock_Prices_mom24mma%_change : -0.504977228982982
Current_Account_Balance_change_yryr% : -0.0934147089084135
One-Day_Repo_Rate_EOP : -0.3312771689378675
Broad_Money_mo12m%_change : -0.30861901095863437
Portfolio_Flows : -0.4016585214527621
Foreign_Exchange_Reserve_change_yryr% : -0.4824719058471203
--------------------

