--------------------
id : 3553988691
explain variance ratio : 0.3377295139111126
Weight :
Risk_Premium : -0.2789752377611007
Stock_Prices_mom%_change : -0.2652024048952375
Stock_Prices_mom24mma%_change : -0.503445682718356
Current_Account_Balance_change_yryr% : -0.17695058184160858
Current_Account_Balance_over_GDP : -0.5533724162553022
Broad_Money_mo12m%_change : -0.2723167607816865
Foreign_Exchange_Reserve_over_GDP : -0.4320809970563654
--------------------

