--------------------
id : 3555911720
explain variance ratio : 0.3627842989477769
Weight :
Risk_Premium : -0.0574993207785255
Stock_Prices_mom%_change : -0.38319812877658765
Current_Account_Balance_over_GDP : -0.6265293407597586
Foreign_Exchange_Reserve_change_yryr% : -0.5035946599970311
Broad_Money_mo12m%_change : -0.45133848251810643
--------------------

