--------------------
id : 3555831943
explain variance ratio : 0.3315696876146728
Weight :
Term_Premium : -0.24627104676959255
Stock_Prices_mom%_change : -0.23940255979538705
Current_Account_Balance_over_GDP : -0.5179959275874237
Current_Account_Balance_change_yryr% : -0.11569335583770507
Broad_Money_mo12m%_change : -0.373342902481763
Foreign_Exchange_Reserve_over_GDP : -0.46623485504920653
Foreign_Exchange_Reserve_change_yryr% : -0.4935305354362762
--------------------

