--------------------
id : 3556893860
explain variance ratio : 0.44412346204974734
Weight :
Risk_Premium : -0.12368292359361335
Stock_Prices_mom24mma%_change : -0.5625106508177764
Current_Account_Balance_over_GDP : -0.5779928061702866
Foreign_Exchange_Reserve_change_yryr% : -0.4920728073401867
Broad_Money_mo12m%_change : -0.3034352820942917
--------------------

