--------------------
id : 3574806383
explain variance ratio : 0.33022659224624384
Weight :
Term_Premium : -0.3711134568787022
Stock_Prices_mom%_change : -0.45876852227913545
Current_Account_Balance_change_yryr% : -0.08295463043280854
Current_Account_Balance_over_GDP : -0.5776757342376979
Portfolio_Flows : -0.5578669379449281
--------------------

