--------------------
id : 3579947232
explain variance ratio : 0.25223111471258597
Weight :
Term_Premium : -0.3605902670442653
Risk_Premium : -0.02928160127093371
Stock_Prices_mom24mma%_change : -0.48520190847893907
One-Day_Repo_Rate_AVG : -0.04614891611305376
Policy_Rate_&_Fed_Funds_Rate_Differential_AVG : -0.04756403383453539
Broad_Money_mo12m%_change : -0.4785308344330801
Portfolio_Flows : -0.5220770520254335
Foreign_Exchange_Reserve_over_GDP : -0.3574186447578545
--------------------

