--------------------
id : 3591034958
explain variance ratio : 0.22741610913195176
Weight :
Term_Premium : -0.3406342237861874
Stock_Prices_mom%_change : -0.1854801470564722
Stock_Market_Volatility : -0.02058547825158516
REER : -0.19022842221354114
Policy_Rate_&_Fed_Funds_Rate_Differential_AVG : -0.5524434188667837
Current_Account_Balance_change_yryr% : -0.11963786256693455
Portfolio_Flows : -0.4126304068100308
Foreign_Exchange_Reserve_change_yryr% : -0.5684927653609787
--------------------

