--------------------
id : 3593567829
explain variance ratio : 0.27676130087807443
Weight :
Term_Premium : 0.26813525459201343
Stock_Prices_mom24mma%_change : 0.573107213036842
Stock_Market_Volatility : 0.009789995823130837
REER : 0.04668564690302007
Policy_Rate_&_Fed_Funds_Rate_Differential_AVG : 0.322777194354934
Foreign_Exchange_Reserve_change_yryr% : 0.5378920035222261
Broad_Money_mo12m%_change : 0.20023615267027467
Portfolio_Flows : 0.40468354609504475
--------------------

