--------------------
id : 3599864848
explain variance ratio : 0.35445017080937063
Weight :
Term_Premium : -0.1277130187732743
Stock_Prices_mom%_change : -0.28623314193500815
Stock_Prices_mom24mma%_change : -0.5210275118465866
Current_Account_Balance_change_yryr% : -0.12137550103111361
Portfolio_Flows : -0.39488038508400375
Foreign_Exchange_Reserve_over_GDP : -0.43024543078371597
Foreign_Exchange_Reserve_change_yryr% : -0.5239433592554401
--------------------

