--------------------
id : 3623485031
explain variance ratio : 0.37051648076588695
Weight :
Term_Premium : -0.2824004554201093
Stock_Prices_mom24mma%_change : -0.48957868378081404
Current_Account_Balance_over_GDP : -0.5697915047549069
Current_Account_Balance_change_yryr% : -0.1342331022400754
Broad_Money_mo12m%_change : -0.40474597101043586
Foreign_Exchange_Reserve_over_GDP : -0.41720799307890116
--------------------

