--------------------
id : 3630998769
explain variance ratio : 0.3120241885333306
Weight :
Term_Premium : -0.2838736820806745
Risk_Premium : -0.10729536675270157
Stock_Prices_mom%_change : -0.31227098892824046
Stock_Prices_mom24mma%_change : -0.469222462391248
Stock_Market_Volatility : -0.023765177172297057
Current_Account_Balance_over_GDP : -0.4960958667436209
Broad_Money_mo12m%_change : -0.39853158420234785
Portfolio_Flows : -0.42978742525074887
--------------------

