--------------------
id : 3633096012
explain variance ratio : 0.26271603812868477
Weight :
Term_Premium : -0.2264292854013641
Risk_Premium : -0.28765468490369966
Stock_Market_Volatility : -0.1200948005451449
Current_Account_Balance_change_yryr% : -0.2672491629410791
Current_Account_Balance_over_GDP : -0.7185864241065538
Foreign_Exchange_Reserve_change_yryr% : -0.5135885861705378
--------------------

