--------------------
id : 3643906441
explain variance ratio : 0.3533607512822648
Weight :
Term_Premium : -0.23278686395799614
Stock_Prices_mom%_change : -0.12485029588232655
Stock_Prices_mom24mma%_change : -0.3962340007853871
Policy_Rate_&_Fed_Funds_Rate_Differential_EOP : -0.5053306128505108
One-Day_Repo_Rate_AVG : -0.5173405751541631
REER : -0.2574837552001743
Foreign_Exchange_Reserve_change_yryr% : -0.35809529704115517
Portfolio_Flows : -0.23598913379351433
--------------------

