--------------------
id : 3648624312
explain variance ratio : 0.32648222725439247
Weight :
Term_Premium : -0.1879731050777327
Stock_Market_Volatility : -0.01385029678250993
Policy_Rate_&_Fed_Funds_Rate_Differential_AVG : -0.5840014968494731
One-Day_Repo_Rate_AVG : -0.5910186224601777
REER : -0.31722870036946865
Current_Account_Balance_change_yryr% : -0.05917767771729488
Portfolio_Flows : -0.15112479251362293
Foreign_Exchange_Reserve_change_yryr% : -0.3835867201024057
--------------------

