--------------------
id : 3660290841
explain variance ratio : 0.32936155312677073
Weight :
Term_Premium : 0.19039253367134035
Stock_Prices_mom%_change : 0.29154677068571844
Stock_Prices_mom24mma%_change : 0.5190141259865404
Current_Account_Balance_change_yryr% : 0.12395842603291132
Foreign_Exchange_Reserve_change_yryr% : 0.5487092002451824
Broad_Money_mo12m%_change : 0.2722948234558875
Foreign_Exchange_Reserve_over_GDP : 0.4677430405171483
--------------------

