--------------------
id : 3693603623
explain variance ratio : 0.42369355100281736
Weight :
Term_Premium : 0.13796938496585812
Stock_Prices_mom24mma%_change : 0.5031897292439484
Current_Account_Balance_over_GDP : 0.48122005347113905
One-Day_Repo_Rate_EOP : 0.024121214175059358
Foreign_Exchange_Reserve_change_yryr% : 0.5282192705522868
Foreign_Exchange_Reserve_over_GDP : 0.465397007485771
--------------------

