--------------------
id : 3700599812
explain variance ratio : 0.2547913650427712
Weight :
Term_Premium : -0.2872925687793225
Risk_Premium : -0.2539681376460614
Stock_Prices_mom%_change : -0.21723278354498324
Stock_Market_Volatility : -0.21007050320553916
Current_Account_Balance_over_GDP : -0.5826322518672467
Current_Account_Balance_change_yryr% : -0.15449967784125548
Broad_Money_mo12m%_change : -0.4644531290002074
Foreign_Exchange_Reserve_over_GDP : -0.4273128432589
--------------------

