--------------------
id : 3708294764
explain variance ratio : 0.31426496803931603
Weight :
Term_Premium : 0.16652545786120201
Risk_Premium : 0.1070200252504343
Stock_Prices_mom24mma%_change : 0.516252864317013
Current_Account_Balance_change_yryr% : 0.1628279489184275
Broad_Money_mo12m%_change : 0.25299943444410994
Foreign_Exchange_Reserve_over_GDP : 0.5356978823711598
Foreign_Exchange_Reserve_change_yryr% : 0.5628544129781928
--------------------

