--------------------
id : 3709297050
explain variance ratio : 0.32403320069151564
Weight :
Term_Premium : -0.4097414427753588
Stock_Market_Volatility : -0.033973747961749345
Current_Account_Balance_change_yryr% : -0.11626922329440963
One-Day_Repo_Rate_EOP : -0.6515090539245781
Foreign_Exchange_Reserve_change_yryr% : -0.6268773044947588
--------------------

