--------------------
id : 3721228443
explain variance ratio : 0.29010097082977226
Weight :
Term_Premium : -0.3244259197702522
Risk_Premium : -0.008618393460780749
Stock_Prices_mom%_change : -0.2983815819409521
Current_Account_Balance_change_yryr% : -0.06026133709996667
Current_Account_Balance_over_GDP : -0.49123698073690814
Foreign_Exchange_Reserve_change_yryr% : -0.39116208435245015
Broad_Money_mo12m%_change : -0.45796719748536363
Portfolio_Flows : -0.44492139444362
--------------------

