--------------------
id : 3724588169
explain variance ratio : 0.30551531530788106
Weight :
Risk_Premium : 0.48326483037250445
Stock_Prices_mom%_change : 0.16078667409175118
Stock_Market_Volatility : 0.16314872998604646
Current_Account_Balance_change_yryr% : 0.2932361835407665
Current_Account_Balance_over_GDP : 0.5751782788824554
Foreign_Exchange_Reserve_over_GDP : 0.5451309285187833
--------------------

