--------------------
id : 3731385994
explain variance ratio : 0.2957828185618196
Weight :
Term_Premium : -0.5069063935326915
Stock_Market_Volatility : -0.20249463409373936
Current_Account_Balance_change_yryr% : -0.06453900774847995
One-Day_Repo_Rate_AVG : -0.47339793992496937
Foreign_Exchange_Reserve_change_yryr% : -0.5034754909760712
Broad_Money_mo12m%_change : -0.4693435503966821
--------------------

