--------------------
id : 3754726763
explain variance ratio : 0.20418772306773408
Weight :
Risk_Premium : -0.6241725172145984
Stock_Prices_mom%_change : -0.04470304320440044
Current_Account_Balance_change_yryr% : -0.5024784971652017
REER : -0.19470268403639573
Velocity_of_Money_mo12m%_change : -0.14242538554114864
Portfolio_Flows : -0.285922146883032
Foreign_Exchange_Reserve_over_GDP : -0.4647365564200151
--------------------

