--------------------
id : 3755790949
explain variance ratio : 0.3055153153078811
Weight :
Risk_Premium : 0.4832648303725046
Stock_Prices_mom%_change : 0.1607866740917513
Stock_Market_Volatility : 0.16314872998604657
Current_Account_Balance_over_GDP : 0.5751782788824553
Current_Account_Balance_change_yryr% : 0.2932361835407667
Foreign_Exchange_Reserve_over_GDP : 0.5451309285187836
--------------------

