--------------------
id : 3756174161
explain variance ratio : 0.33424380199215514
Weight :
Term_Premium : -0.17641177779084313
Stock_Prices_mom%_change : -0.26310122865011965
Current_Account_Balance_over_GDP : -0.4914244745155659
One-Day_Repo_Rate_EOP : -0.0063703114873767674
Foreign_Exchange_Reserve_change_yryr% : -0.5299982611385237
Portfolio_Flows : -0.3917454078251575
Foreign_Exchange_Reserve_over_GDP : -0.47302791858004345
--------------------

