--------------------
id : 3759978346
explain variance ratio : 0.2851860122431156
Weight :
Term_Premium : 0.30315717939432285
Stock_Prices_mom%_change : 0.25079742899578283
Stock_Prices_mom24mma%_change : 0.5455518454687587
Stock_Market_Volatility : 0.13240635896736133
REER : 0.13153998425235702
Policy_Rate_&_Fed_Funds_Rate_Differential_EOP : 0.3933390612532126
Portfolio_Flows : 0.40116742376452824
Foreign_Exchange_Reserve_change_yryr% : 0.44394191933955185
--------------------

