--------------------
id : 3760711832
explain variance ratio : 0.3041602778939287
Weight :
Term_Premium : 0.2525298904808583
Stock_Prices_mom%_change : 0.18862601011118652
Stock_Prices_mom24mma%_change : 0.5500970284366747
Current_Account_Balance_change_yryr% : 0.11638273808441736
REER : 0.13990249056099563
Policy_Rate_&_Fed_Funds_Rate_Differential_AVG : 0.40990716374512526
Foreign_Exchange_Reserve_change_yryr% : 0.5074907055253828
Portfolio_Flows : 0.3733012112958939
--------------------

