--------------------
id : 3764778725
explain variance ratio : 0.34263628278468355
Weight :
Term_Premium : -0.40982812933336704
Stock_Prices_mom%_change : -0.26065895827153895
One-Day_Repo_Rate_AVG : -0.5046450239638822
Foreign_Exchange_Reserve_change_yryr% : -0.5407145185786081
Portfolio_Flows : -0.4658959337305982
--------------------

