--------------------
id : 3771976240
explain variance ratio : 0.3376970441468154
Weight :
Risk_Premium : 0.052252777598177924
Stock_Prices_mom24mma%_change : 0.5164657103614219
One-Day_Repo_Rate_AVG : 0.11568137935320777
Current_Account_Balance_change_yryr% : 0.1462586737867206
Portfolio_Flows : 0.38037855415999483
Foreign_Exchange_Reserve_change_yryr% : 0.563905519051231
Foreign_Exchange_Reserve_over_GDP : 0.4827854152581147
--------------------

