--------------------
id : 3789560432
explain variance ratio : 0.2732341937365303
Weight :
Term_Premium : -0.3174611495249233
Stock_Prices_mom%_change : -0.21874544436526422
Stock_Prices_mom24mma%_change : -0.6007715366369527
Current_Account_Balance_change_yryr% : -0.1623570770038261
REER : -0.24164594036171955
One-Day_Repo_Rate_EOP : -0.47149229293854905
Portfolio_Flows : -0.4282345696363799
--------------------

