--------------------
id : 3796276259
explain variance ratio : 0.2816560491072369
Weight :
Term_Premium : -0.2979546865612412
Stock_Prices_mom%_change : -0.4232576705665
One-Day_Repo_Rate_AVG : -0.041472144867412075
Current_Account_Balance_over_GDP : -0.6058481297442954
Current_Account_Balance_change_yryr% : -0.11537603318170597
Foreign_Exchange_Reserve_change_yryr% : -0.5916015761604274
--------------------

