--------------------
id : 3798089487
explain variance ratio : 0.35575228190728
Weight :
Risk_Premium : 0.013868363121137296
Stock_Prices_mom24mma%_change : 0.5187720423516048
Current_Account_Balance_change_yryr% : 0.15663377285853947
One-Day_Repo_Rate_EOP : 0.1824417668807874
Foreign_Exchange_Reserve_over_GDP : 0.5292860928117953
Foreign_Exchange_Reserve_change_yryr% : 0.6266740232626723
--------------------

