--------------------
id : 3805844547
explain variance ratio : 0.3753927398575223
Weight :
Term_Premium : -0.18140244182081203
Risk_Premium : -0.1080956491727858
Stock_Prices_mom24mma%_change : -0.4487543054208356
Current_Account_Balance_over_GDP : -0.4588117796758473
Broad_Money_mo12m%_change : -0.28746234297438267
Portfolio_Flows : -0.3549719239724582
Foreign_Exchange_Reserve_over_GDP : -0.3907253261604576
Foreign_Exchange_Reserve_change_yryr% : -0.42686515785207907
--------------------

