--------------------
id : 3819244425
explain variance ratio : 0.2578318283987705
Weight :
Term_Premium : -0.4236971282561424
Stock_Prices_mom%_change : -0.2025621100550421
Stock_Market_Volatility : -0.14324778324894588
One-Day_Repo_Rate_AVG : -0.33416917376482974
Current_Account_Balance_change_yryr% : -0.06527261621848889
Broad_Money_mo12m%_change : -0.46908966112417627
Portfolio_Flows : -0.4526601507169222
Foreign_Exchange_Reserve_change_yryr% : -0.4669620266450719
--------------------

