--------------------
id : 3824517467
explain variance ratio : 0.3678910031689016
Weight :
Term_Premium : -0.2278282165808198
Stock_Prices_mom%_change : -0.3774082804854014
Stock_Prices_mom24mma%_change : -0.564756287645984
Current_Account_Balance_change_yryr% : -0.10190293581378079
Current_Account_Balance_over_GDP : -0.5176046629223172
Portfolio_Flows : -0.4565181636130046
--------------------

