--------------------
id : 3831513032
explain variance ratio : 0.2938244382159304
Weight :
Term_Premium : -0.1858141606926292
Stock_Market_Volatility : -0.022744613524658563
Policy_Rate_&_Fed_Funds_Rate_Differential_AVG : -0.6307358015214599
One-Day_Repo_Rate_AVG : -0.6276366362801504
REER : -0.4010744473364087
Current_Account_Balance_change_yryr% : -0.048462680923050505
Broad_Money_mo12m%_change : -0.036815756436576974
Portfolio_Flows : -0.092928133787755
--------------------

