--------------------
id : 3835113642
explain variance ratio : 0.3477703119506161
Weight :
Term_Premium : -0.17770818295865434
Stock_Prices_mom%_change : -0.3087808021078764
Stock_Prices_mom24mma%_change : -0.5352848721037864
Current_Account_Balance_change_yryr% : -0.12872572569727786
Current_Account_Balance_over_GDP : -0.5082989275407817
Portfolio_Flows : -0.41375637363942935
Foreign_Exchange_Reserve_over_GDP : -0.3747157252282503
--------------------

