--------------------
id : 3845716955
explain variance ratio : 0.3521492827743414
Weight :
Term_Premium : -0.24583062826050467
Stock_Prices_mom%_change : -0.1891551017233648
Stock_Prices_mom24mma%_change : -0.583610199410908
One-Day_Repo_Rate_AVG : -0.39705465878717894
Foreign_Exchange_Reserve_change_yryr% : -0.5860101963247711
Broad_Money_mo12m%_change : -0.249251745396957
--------------------

