--------------------
id : 3846777482
explain variance ratio : 0.3714574597933299
Weight :
Term_Premium : -0.25974014222517283
Stock_Prices_mom24mma%_change : -0.5539280831271052
One-Day_Repo_Rate_AVG : -0.4396403536222149
REER : -0.14296397862933485
Foreign_Exchange_Reserve_change_yryr% : -0.5189635149304219
Portfolio_Flows : -0.37769467522384415
--------------------

