--------------------
id : 3858481634
explain variance ratio : 0.32137154022841063
Weight :
Term_Premium : -0.23850888794554767
Stock_Prices_mom%_change : -0.07908870710818972
Stock_Market_Volatility : -0.16307328075489108
Policy_Rate_&_Fed_Funds_Rate_Differential_AVG : -0.5897910472675854
REER : -0.34833526180582636
One-Day_Repo_Rate_EOP : -0.5900111866078191
Portfolio_Flows : -0.16603569611750607
Foreign_Exchange_Reserve_change_yryr% : -0.255721733767095
--------------------

