--------------------
id : 3862324141
explain variance ratio : 0.29635057064762604
Weight :
Term_Premium : -0.29965882093831653
Stock_Market_Volatility : -0.021022714025933587
One-Day_Repo_Rate_AVG : -0.1846374390593108
Broad_Money_mo12m%_change : -0.42079918206181455
Portfolio_Flows : -0.44318119493854224
Foreign_Exchange_Reserve_over_GDP : -0.4574951739884345
Foreign_Exchange_Reserve_change_yryr% : -0.5411915513316026
--------------------

