--------------------
id : 3873084427
explain variance ratio : 0.2503127768125051
Weight :
Risk_Premium : -0.685836109410846
Stock_Prices_mom24mma%_change : -0.3540139323261269
REER : -0.45121672625448206
Portfolio_Flows : -0.0016274935884832559
Foreign_Exchange_Reserve_change_yryr% : -0.14232748248558655
Velocity_of_Money_mo12m%_change : -0.42479015017924804
--------------------

