--------------------
id : 3887678368
explain variance ratio : 0.27193418044914713
Weight :
Term_Premium : -0.3036689325304418
Stock_Prices_mom%_change : -0.3416483444286116
Stock_Prices_mom24mma%_change : -0.4953155607897253
Current_Account_Balance_change_yryr% : -0.08701500102594256
One-Day_Repo_Rate_EOP : -0.021693296709448057
Broad_Money_mo12m%_change : -0.42560965487723146
Portfolio_Flows : -0.4979141290832766
Foreign_Exchange_Reserve_over_GDP : -0.3295752047916037
--------------------

