--------------------
id : 3889467756
explain variance ratio : 0.3581551168987337
Weight :
Term_Premium : 0.11308885679968732
Stock_Prices_mom24mma%_change : 0.5176044574558332
One-Day_Repo_Rate_EOP : 0.20428615683309376
Current_Account_Balance_change_yryr% : 0.13720165334789847
Foreign_Exchange_Reserve_change_yryr% : 0.6271660954427534
Foreign_Exchange_Reserve_over_GDP : 0.5151719103965698
--------------------

