--------------------
id : 3894107001
explain variance ratio : 0.44237162063023855
Weight :
Term_Premium : 0.2850276744121834
Stock_Prices_mom24mma%_change : 0.5608550880148758
One-Day_Repo_Rate_EOP : 0.4060775426067192
Foreign_Exchange_Reserve_change_yryr% : 0.5329872959693657
Portfolio_Flows : 0.3939877749280567
--------------------

