--------------------
id : 3900453277
explain variance ratio : 0.32035096050638656
Weight :
Term_Premium : -0.203572185460608
Stock_Prices_mom%_change : -0.03589753716426597
Stock_Prices_mom24mma%_change : -0.3620162637779859
Current_Account_Balance_change_yryr% : -0.06858773100519938
One-Day_Repo_Rate_AVG : -0.5841216217516085
REER : -0.35567300809789826
Policy_Rate_&_Fed_Funds_Rate_Differential_AVG : -0.5918213147258363
Broad_Money_mo12m%_change : -0.059630980179472104
--------------------

