--------------------
id : 3903494933
explain variance ratio : 0.3527333454434613
Weight :
Term_Premium : -0.2522737779690744
Stock_Prices_mom%_change : -0.18840837910236663
Stock_Prices_mom24mma%_change : -0.5833197697606807
One-Day_Repo_Rate_EOP : -0.4004475969652183
Foreign_Exchange_Reserve_change_yryr% : -0.5829056165051619
Broad_Money_mo12m%_change : -0.24588825545579646
--------------------

