--------------------
id : 3912798438
explain variance ratio : 0.2754545432249196
Weight :
Term_Premium : -0.3669545446293744
Stock_Prices_mom%_change : -0.4539528689687091
Stock_Market_Volatility : -0.0506379908596238
Current_Account_Balance_over_GDP : -0.5838922089091321
Current_Account_Balance_change_yryr% : -0.08774278800579588
Portfolio_Flows : -0.5550477820339534
--------------------

