--------------------
id : 3930379916
explain variance ratio : 0.2878989781063156
Weight :
Term_Premium : -0.3272590424897156
Risk_Premium : -0.220626998038375
Stock_Prices_mom%_change : -0.23007643732617755
Stock_Market_Volatility : -0.21062253268396958
Current_Account_Balance_over_GDP : -0.581389648642926
Broad_Money_mo12m%_change : -0.49374297773030174
Foreign_Exchange_Reserve_over_GDP : -0.40636458624152155
--------------------

