--------------------
id : 3940153352
explain variance ratio : 0.28745171014089577
Weight :
Term_Premium : -0.39525892145640895
Risk_Premium : -0.004625101693549016
Stock_Prices_mom%_change : -0.3076444026680712
Stock_Market_Volatility : -0.13888171366709573
Current_Account_Balance_over_GDP : -0.5500933451987651
Broad_Money_mo12m%_change : -0.5212663666639434
Foreign_Exchange_Reserve_change_yryr% : -0.3943278726039291
--------------------

