--------------------
id : 3941698355
explain variance ratio : 0.3064820821035784
Weight :
Risk_Premium : -0.07214792502805487
Stock_Prices_mom%_change : -0.3543288690749068
Stock_Market_Volatility : -0.17931288249444866
Current_Account_Balance_over_GDP : -0.6277326904041314
Foreign_Exchange_Reserve_change_yryr% : -0.46213603468652
Broad_Money_mo12m%_change : -0.4790350451355173
--------------------

