--------------------
id : 3941464425
explain variance ratio : 0.3254652341830358
Weight :
Term_Premium : -0.2008226969631575
Stock_Prices_mom24mma%_change : -0.3817276219689787
Stock_Market_Volatility : -0.005271795119832445
Policy_Rate_&_Fed_Funds_Rate_Differential_AVG : -0.5773465810047869
One-Day_Repo_Rate_AVG : -0.5691225017503622
REER : -0.3471745053734678
Current_Account_Balance_change_yryr% : -0.07559646607155684
Portfolio_Flows : -0.17450505931415974
--------------------

