--------------------
id : 3947294787
explain variance ratio : 0.344493865756683
Weight :
Term_Premium : -0.2273857531358387
Stock_Prices_mom%_change : -0.10806590106280689
Stock_Prices_mom24mma%_change : -0.3575076127934725
Stock_Market_Volatility : -0.1307392894309723
Policy_Rate_&_Fed_Funds_Rate_Differential_EOP : -0.5420233959940813
One-Day_Repo_Rate_AVG : -0.551931451649922
REER : -0.30318803233436653
Foreign_Exchange_Reserve_change_yryr% : -0.3183902530166364
--------------------

