--------------------
id : 3952902916
explain variance ratio : 0.33737671900545474
Weight :
Risk_Premium : 0.060109542854994036
Stock_Prices_mom24mma%_change : 0.5175578010509472
Current_Account_Balance_change_yryr% : 0.14880942988651447
One-Day_Repo_Rate_EOP : 0.10276480505265001
Portfolio_Flows : 0.3812798588323004
Foreign_Exchange_Reserve_over_GDP : 0.48495505920907245
Foreign_Exchange_Reserve_change_yryr% : 0.561480341280761
--------------------

