--------------------
id : 3981774633
explain variance ratio : 0.2734493386585207
Weight :
Term_Premium : -0.4139690284630637
Risk_Premium : -0.03254643359714471
Stock_Market_Volatility : -0.1920126538397243
Current_Account_Balance_change_yryr% : -0.0760016998593534
Current_Account_Balance_over_GDP : -0.573214000290694
Foreign_Exchange_Reserve_change_yryr% : -0.38008610350699934
Broad_Money_mo12m%_change : -0.5584671156916723
--------------------

