--------------------
id : 3992379122
explain variance ratio : 0.3486875313531529
Weight :
Term_Premium : -0.18658135449893767
Stock_Prices_mom24mma%_change : -0.5474356189453408
One-Day_Repo_Rate_AVG : -0.020550870181820724
Current_Account_Balance_over_GDP : -0.4953114330044387
Current_Account_Balance_change_yryr% : -0.11067160946492993
Portfolio_Flows : -0.41357004743676007
Foreign_Exchange_Reserve_change_yryr% : -0.4862689564991071
--------------------

