--------------------
id : 3994590390
explain variance ratio : 0.37041385522785225
Weight :
Term_Premium : -0.2456938754967046
Stock_Prices_mom%_change : -0.2432896474000944
Current_Account_Balance_over_GDP : -0.47349479206028633
Broad_Money_mo12m%_change : -0.3812263329394661
Portfolio_Flows : -0.3936268835580039
Foreign_Exchange_Reserve_over_GDP : -0.3980093844167329
Foreign_Exchange_Reserve_change_yryr% : -0.4444774892312187
--------------------

