--------------------
id : 4015575895
explain variance ratio : 0.37902520023831343
Weight :
Term_Premium : -0.2547686294651144
Stock_Prices_mom24mma%_change : -0.4787955645378158
Current_Account_Balance_over_GDP : -0.4790339247487508
One-Day_Repo_Rate_AVG : -0.013604120286400567
Foreign_Exchange_Reserve_change_yryr% : -0.4215988869847779
Broad_Money_mo12m%_change : -0.35854589856907737
Portfolio_Flows : -0.41217520156228693
--------------------

