--------------------
id : 4029360531
explain variance ratio : 0.3154579027721153
Weight :
Term_Premium : -0.34793051331074076
Stock_Market_Volatility : -0.11635309904383839
Current_Account_Balance_change_yryr% : -0.06927602735232205
Current_Account_Balance_over_GDP : -0.5096346119089716
Broad_Money_mo12m%_change : -0.5055279385964812
Portfolio_Flows : -0.4463285220037946
Foreign_Exchange_Reserve_change_yryr% : -0.3822460756805643
--------------------

