--------------------
id : 4030350968
explain variance ratio : 0.3774770909982936
Weight :
Risk_Premium : -0.32025914962801133
Stock_Prices_mom24mma%_change : -0.49065707158527516
Current_Account_Balance_change_yryr% : -0.20238232373666043
Current_Account_Balance_over_GDP : -0.5672282433835564
Broad_Money_mo12m%_change : -0.2681769077808884
Foreign_Exchange_Reserve_over_GDP : -0.4712370701281269
--------------------

