--------------------
id : 4038516656
explain variance ratio : 0.2979103671085786
Weight :
Term_Premium : -0.2404179265593792
Stock_Prices_mom24mma%_change : -0.5427214879387234
Stock_Market_Volatility : -0.0035865473407066736
One-Day_Repo_Rate_AVG : -0.43963967824697997
REER : -0.17333626746674757
Current_Account_Balance_change_yryr% : -0.12991480471288
Portfolio_Flows : -0.3582136520994246
Foreign_Exchange_Reserve_change_yryr% : -0.5283146396364915
--------------------

