--------------------
id : 4042403389
explain variance ratio : 0.3971833120305167
Weight :
Risk_Premium : 0.3063325041075296
Stock_Prices_mom24mma%_change : 0.5094468031854907
Current_Account_Balance_over_GDP : 0.5251157529935704
Current_Account_Balance_change_yryr% : 0.19110934454561007
Portfolio_Flows : 0.36857687340986567
Foreign_Exchange_Reserve_over_GDP : 0.44554023883825
--------------------

