--------------------
id : 4045327907
explain variance ratio : 0.32164988943804185
Weight :
Risk_Premium : 0.14177965679714083
Stock_Prices_mom24mma%_change : 0.5567093631234277
Stock_Market_Volatility : 0.0009732086767753195
Current_Account_Balance_over_GDP : 0.57302750121949
Current_Account_Balance_change_yryr% : 0.15657005426165696
Broad_Money_mo12m%_change : 0.29158715070707963
Foreign_Exchange_Reserve_change_yryr% : 0.481741114387427
--------------------

