--------------------
id : 4070945906
explain variance ratio : 0.2745189344354812
Weight :
Term_Premium : -0.4611324737144224
Stock_Prices_mom24mma%_change : -0.5083795913091007
One-Day_Repo_Rate_AVG : -0.035322987437086006
Current_Account_Balance_change_yryr% : -0.12760285722885023
Broad_Money_mo12m%_change : -0.548488508846099
Foreign_Exchange_Reserve_over_GDP : -0.4588433129901153
--------------------

