--------------------
id : 4076145705
explain variance ratio : 0.29247064524837474
Weight :
Term_Premium : -0.1762125874168178
Stock_Prices_mom%_change : -0.262912210355841
Stock_Market_Volatility : -0.004902547763395423
One-Day_Repo_Rate_AVG : -0.0071691380221108325
Current_Account_Balance_over_GDP : -0.4916008042642637
Portfolio_Flows : -0.39161883519526675
Foreign_Exchange_Reserve_change_yryr% : -0.529924469261978
Foreign_Exchange_Reserve_over_GDP : -0.47317465719495827
--------------------

