--------------------
id : 4082363460
explain variance ratio : 0.26154525214573254
Weight :
Term_Premium : 0.1894344726970007
Stock_Prices_mom%_change : 0.2552276243262843
Policy_Rate_&_Fed_Funds_Rate_Differential_AVG : 0.2164002507242107
One-Day_Repo_Rate_AVG : 0.2805636736352899
Current_Account_Balance_over_GDP : 0.3702252278062471
Current_Account_Balance_change_yryr% : 0.07402015819891716
Foreign_Exchange_Reserve_over_GDP : 0.4626792028303108
Foreign_Exchange_Reserve_change_yryr% : 0.6456087429719864
--------------------

