--------------------
id : 4114202054
explain variance ratio : 0.34243747637497707
Weight :
Term_Premium : -0.3006740395701491
Stock_Prices_mom%_change : -0.24487543087077868
Stock_Prices_mom24mma%_change : -0.5814215363898854
Stock_Market_Volatility : -0.081536045544915
One-Day_Repo_Rate_AVG : -0.4575006157547917
Foreign_Exchange_Reserve_change_yryr% : -0.5437142651865301
--------------------

