--------------------
id : 4120625291
explain variance ratio : 0.30488435940600295
Weight :
Term_Premium : -0.2818273244766383
Stock_Market_Volatility : -0.012026272845738761
Current_Account_Balance_change_yryr% : -0.13224909227351683
Current_Account_Balance_over_GDP : -0.5862330206876577
Foreign_Exchange_Reserve_change_yryr% : -0.5490371305776017
Portfolio_Flows : -0.5077676439427267
--------------------

