--------------------
id : 4125725173
explain variance ratio : 0.3102865265514698
Weight :
Risk_Premium : -0.372604513881293
Stock_Market_Volatility : -0.1599124032162319
Current_Account_Balance_change_yryr% : -0.3435869282319745
Current_Account_Balance_over_GDP : -0.705882786855177
Foreign_Exchange_Reserve_change_yryr% : -0.46826425605909605
--------------------

