--------------------
id : 4127375290
explain variance ratio : 0.4670739435011506
Weight :
Risk_Premium : 0.1572067768446512
Stock_Prices_mom24mma%_change : 0.48607940913556014
Current_Account_Balance_over_GDP : 0.4637876978157466
Foreign_Exchange_Reserve_change_yryr% : 0.4655883698931327
Portfolio_Flows : 0.34059025237784807
Foreign_Exchange_Reserve_over_GDP : 0.437195103459267
--------------------

