--------------------
id : 4148974591
explain variance ratio : 0.40483744002317607
Weight :
Term_Premium : -0.13054229451547922
Risk_Premium : -0.14642082985325477
Stock_Prices_mom24mma%_change : -0.48312227915919315
Current_Account_Balance_over_GDP : -0.46459259485278026
Portfolio_Flows : -0.34341600927218485
Foreign_Exchange_Reserve_over_GDP : -0.4265388581343539
Foreign_Exchange_Reserve_change_yryr% : -0.46086471029219855
--------------------

