--------------------
id : 4149059116
explain variance ratio : 0.3406875378543386
Weight :
Term_Premium : 0.12876725915143375
Stock_Prices_mom24mma%_change : 0.5111211958427859
Current_Account_Balance_change_yryr% : 0.12107022707629661
One-Day_Repo_Rate_AVG : 0.15674682481917093
Foreign_Exchange_Reserve_change_yryr% : 0.5688641966264982
Portfolio_Flows : 0.3833907987235784
Foreign_Exchange_Reserve_over_GDP : 0.46081620024284803
--------------------

