--------------------
id : 4162361302
explain variance ratio : 0.24863640802828804
Weight :
Risk_Premium : -0.7170015621306002
Stock_Prices_mom24mma%_change : -0.3551668279772153
REER : -0.44523117376326027
Current_Account_Balance_over_GDP : -0.09036774290741587
Portfolio_Flows : -0.01566329047850551
Velocity_of_Money_mo12m%_change : -0.39130910862063595
--------------------

