--------------------
id : 4170860355
explain variance ratio : 0.2599265462874862
Weight :
Term_Premium : -0.28972191630201843
Risk_Premium : -0.2262738971899339
Stock_Prices_mom%_change : -0.3704663184409488
Stock_Prices_mom24mma%_change : -0.5675964508070018
Current_Account_Balance_change_yryr% : -0.18288945989571032
Broad_Money_mo12m%_change : -0.38504269302820726
Foreign_Exchange_Reserve_over_GDP : -0.4730157297611904
--------------------

