--------------------
id : 4172594443
explain variance ratio : 0.3299520124152622
Weight :
Term_Premium : -0.20746693864729593
Stock_Prices_mom%_change : -0.27700486760473575
Stock_Prices_mom24mma%_change : -0.47749720329763035
One-Day_Repo_Rate_EOP : -0.1313082429044214
Foreign_Exchange_Reserve_change_yryr% : -0.49292669828520885
Broad_Money_mo12m%_change : -0.295319997250759
Portfolio_Flows : -0.4015488143880197
Foreign_Exchange_Reserve_over_GDP : -0.37887762916926876
--------------------

