--------------------
id : 4175915282
explain variance ratio : 0.28733340860781154
Weight :
Term_Premium : -0.22179656776951687
Stock_Market_Volatility : -0.02619419965161912
REER : -0.4049965661616146
Current_Account_Balance_change_yryr% : -0.14466041088464068
One-Day_Repo_Rate_EOP : -0.6949951925397566
Foreign_Exchange_Reserve_change_yryr% : -0.531180737317241
--------------------

