--------------------
id : 4178790616
explain variance ratio : 0.35575228190728037
Weight :
Risk_Premium : 0.01386836312113656
Stock_Prices_mom24mma%_change : 0.5187720423516056
One-Day_Repo_Rate_EOP : 0.18244176688078784
Current_Account_Balance_change_yryr% : 0.1566337728585397
Foreign_Exchange_Reserve_change_yryr% : 0.6266740232626724
Foreign_Exchange_Reserve_over_GDP : 0.5292860928117948
--------------------

