--------------------
id : 4183358602
explain variance ratio : 0.2956901806610496
Weight :
Term_Premium : -0.5560314493951649
Stock_Prices_mom24mma%_change : -0.477806492406722
Stock_Market_Volatility : -0.1884201542891917
Current_Account_Balance_change_yryr% : -0.09501483338596864
One-Day_Repo_Rate_EOP : -0.4109318240401084
Broad_Money_mo12m%_change : -0.4991342965403604
--------------------

