--------------------
id : 4184606313
explain variance ratio : 0.2983037061855584
Weight :
Risk_Premium : -0.7191269822739457
Stock_Prices_mom24mma%_change : -0.3636050571809204
REER : -0.4347393801414712
Current_Account_Balance_over_GDP : -0.10288521189344296
Velocity_of_Money_mo12m%_change : -0.388669590122353
--------------------

