--------------------
id : 4204084122
explain variance ratio : 0.3861807871327788
Weight :
Risk_Premium : -0.169983104332817
Stock_Prices_mom24mma%_change : -0.47320690308578894
Current_Account_Balance_change_yryr% : -0.1507622516184143
Current_Account_Balance_over_GDP : -0.4926653314980502
Broad_Money_mo12m%_change : -0.2275923482366682
Foreign_Exchange_Reserve_change_yryr% : -0.46534889414734854
Foreign_Exchange_Reserve_over_GDP : -0.46193583480842465
--------------------

