--------------------
id : 4204605133
explain variance ratio : 0.2983185491062661
Weight :
Term_Premium : -0.3866613352566571
Stock_Prices_mom%_change : -0.402549409571231
Stock_Prices_mom24mma%_change : -0.5432075106104844
Current_Account_Balance_change_yryr% : -0.10984468245109
Broad_Money_mo12m%_change : -0.4736518882331173
Foreign_Exchange_Reserve_over_GDP : -0.39618255842247074
--------------------

