--------------------
id : 4210118899
explain variance ratio : 0.22987824321570538
Weight :
Term_Premium : -0.2983479253306462
Stock_Prices_mom%_change : -0.160619568900902
Stock_Market_Volatility : -0.025552912931342958
Current_Account_Balance_change_yryr% : -0.13119198152648887
One-Day_Repo_Rate_AVG : -0.5729057443072307
REER : -0.21999055890080083
Foreign_Exchange_Reserve_change_yryr% : -0.5875919785195874
Portfolio_Flows : -0.38137174918259453
--------------------

