--------------------
id : 4214166620
explain variance ratio : 0.33156968761467304
Weight :
Term_Premium : -0.24627104676959244
Stock_Prices_mom%_change : -0.23940255979538694
Current_Account_Balance_change_yryr% : -0.11569335583770507
Current_Account_Balance_over_GDP : -0.5179959275874241
Foreign_Exchange_Reserve_change_yryr% : -0.4935305354362764
Broad_Money_mo12m%_change : -0.37334290248176316
Foreign_Exchange_Reserve_over_GDP : -0.4662348550492068
--------------------

