--------------------
id : 4230982673
explain variance ratio : 0.29908647404643013
Weight :
Term_Premium : -0.3936710978471221
Risk_Premium : -0.058812346807844196
Stock_Prices_mom%_change : -0.30502125344369185
Current_Account_Balance_over_GDP : -0.49609651572301644
Current_Account_Balance_change_yryr% : -0.04581787835474538
Broad_Money_mo12m%_change : -0.5348378119673655
Portfolio_Flows : -0.46288626414158063
--------------------

