--------------------
id : 4237539010
explain variance ratio : 0.2210464483772585
Weight :
Term_Premium : -0.47861918304855905
Stock_Prices_mom%_change : -0.6489704847358808
Current_Account_Balance_change_yryr% : -0.21215106731107614
One-Day_Repo_Rate_EOP : -0.09633411616367793
Foreign_Exchange_Reserve_over_GDP : -0.5435739602495142
--------------------

