--------------------
id : 4247692168
explain variance ratio : 0.3316260549334508
Weight :
Term_Premium : -0.3973778858686363
Stock_Prices_mom24mma%_change : -0.4626277538559883
Stock_Market_Volatility : -0.10413372003689256
Current_Account_Balance_change_yryr% : -0.08688872389401783
Current_Account_Balance_over_GDP : -0.5877852115319043
Broad_Money_mo12m%_change : -0.5139858366730328
--------------------

