--------------------
id : 4249927691
explain variance ratio : 0.3838989895610212
Weight :
Term_Premium : -0.1969292776171406
Stock_Prices_mom24mma%_change : -0.4693581118421729
One-Day_Repo_Rate_AVG : -0.012856984297017177
Current_Account_Balance_over_GDP : -0.486455905396469
Broad_Money_mo12m%_change : -0.28987723375532265
Foreign_Exchange_Reserve_over_GDP : -0.4310062684348684
Foreign_Exchange_Reserve_change_yryr% : -0.4840681340937881
--------------------

