--------------------
id : 4268769973
explain variance ratio : 0.25872873820239894
Weight :
Term_Premium : -0.36751705265065887
Stock_Prices_mom%_change : -0.21489553742661682
Stock_Market_Volatility : -0.024401455770381192
Current_Account_Balance_change_yryr% : -0.11210036570068665
One-Day_Repo_Rate_AVG : -0.4963443892934074
Foreign_Exchange_Reserve_change_yryr% : -0.6062567971855414
Portfolio_Flows : -0.43781747801388776
--------------------

