--------------------
id : 4270995433
explain variance ratio : 0.3565236162259667
Weight :
Risk_Premium : -0.22800297714702808
Stock_Prices_mom24mma%_change : -0.4771125191611343
Stock_Market_Volatility : -0.04981243475548093
Current_Account_Balance_over_GDP : -0.5308313002256129
Broad_Money_mo12m%_change : -0.32672525759716164
Portfolio_Flows : -0.4020931941656446
Foreign_Exchange_Reserve_over_GDP : -0.4094957970114737
--------------------

