--------------------
id : 4271218827
explain variance ratio : 0.2847208225304664
Weight :
Term_Premium : 0.2978508640809484
Stock_Prices_mom%_change : 0.25223714491502136
Stock_Prices_mom24mma%_change : 0.5462267435085606
Stock_Market_Volatility : 0.13183568751737074
REER : 0.133651541135377
Policy_Rate_&_Fed_Funds_Rate_Differential_AVG : 0.3910422935235165
Foreign_Exchange_Reserve_change_yryr% : 0.44665947497775305
Portfolio_Flows : 0.40203915891963965
--------------------

