--------------------
id : 4304397115
explain variance ratio : 0.33075781208119925
Weight :
Term_Premium : -0.2560824334301781
Stock_Prices_mom%_change : -0.1234137344824272
Stock_Prices_mom24mma%_change : -0.32303570541807275
Stock_Market_Volatility : -0.18835486785710276
Policy_Rate_&_Fed_Funds_Rate_Differential_AVG : -0.56197036129246
REER : -0.3443622458987686
One-Day_Repo_Rate_EOP : -0.553026336497754
Portfolio_Flows : -0.19780556609310082
--------------------

