--------------------
id : 4318212727
explain variance ratio : 0.3056412761889087
Weight :
Risk_Premium : -0.649831857486868
Stock_Prices_mom24mma%_change : -0.22495750099684186
REER : -0.5106098887594932
Foreign_Exchange_Reserve_over_GDP : -0.13997075088654423
Velocity_of_Money_mo12m%_change : -0.49678809379623634
--------------------

