--------------------
id : 4326801458
explain variance ratio : 0.2891835774668934
Weight :
Term_Premium : -0.33697928406965455
Stock_Prices_mom24mma%_change : -0.48633935598588407
Current_Account_Balance_change_yryr% : -0.10738384557644517
One-Day_Repo_Rate_EOP : -0.01160498054298853
Broad_Money_mo12m%_change : -0.471535433489206
Portfolio_Flows : -0.5225191548830539
Foreign_Exchange_Reserve_over_GDP : -0.377996157133105
--------------------

