--------------------
id : 4333618007
explain variance ratio : 0.2722455152839311
Weight :
Term_Premium : -0.3092123114132188
Stock_Prices_mom%_change : -0.22232406323326892
Stock_Prices_mom24mma%_change : -0.601910431184889
Current_Account_Balance_change_yryr% : -0.16419243761983823
One-Day_Repo_Rate_AVG : -0.46832035860013976
REER : -0.24720459548116414
Portfolio_Flows : -0.430430439596054
--------------------

