--------------------
id : 4337020958
explain variance ratio : 0.21134858637128612
Weight :
Term_Premium : -0.2153625778887627
Stock_Market_Volatility : -0.09213276792243713
One-Day_Repo_Rate_AVG : -0.7230426918601501
REER : -0.5877265103795831
Current_Account_Balance_change_yryr% : -0.1788670090133882
Broad_Money_mo12m%_change : -0.07614937699717708
Portfolio_Flows : -0.19780089315842259
--------------------

