--------------------
id : 4338036507
explain variance ratio : 0.26543455901581425
Weight :
Term_Premium : -0.4226319917297836
Stock_Prices_mom%_change : -0.23830779172702155
Stock_Prices_mom24mma%_change : -0.48824967129405195
Stock_Market_Volatility : -0.11446237839278868
Current_Account_Balance_change_yryr% : -0.08831165084107248
One-Day_Repo_Rate_AVG : -0.26709579301388536
Broad_Money_mo12m%_change : -0.45618566688131545
Portfolio_Flows : -0.4752449320031514
--------------------

