--------------------
id : 4339152688
explain variance ratio : 0.3721618248637918
Weight :
Risk_Premium : -0.35647389465945645
Stock_Prices_mom24mma%_change : -0.5615717255503168
Current_Account_Balance_change_yryr% : -0.2733527640439526
Portfolio_Flows : -0.44517852320146933
Foreign_Exchange_Reserve_over_GDP : -0.5335334182208725
--------------------

