--------------------
id : 4340556396
explain variance ratio : 0.35163435172642654
Weight :
Term_Premium : -0.17356113372972087
Risk_Premium : -0.12338408870622986
Stock_Prices_mom24mma%_change : -0.5470892166057606
Current_Account_Balance_change_yryr% : -0.12537244562190375
Current_Account_Balance_over_GDP : -0.5108394330432577
Foreign_Exchange_Reserve_change_yryr% : -0.46193208547054715
Portfolio_Flows : -0.40655855731485874
--------------------

