--------------------
id : 4347651671
explain variance ratio : 0.2587287382023987
Weight :
Term_Premium : -0.36751705265065887
Stock_Prices_mom%_change : -0.21489553742661727
Stock_Market_Volatility : -0.02440145577038122
One-Day_Repo_Rate_AVG : -0.49634438929340713
Current_Account_Balance_change_yryr% : -0.11210036570068659
Portfolio_Flows : -0.43781747801388804
Foreign_Exchange_Reserve_change_yryr% : -0.6062567971855412
--------------------

