--------------------
id : 4356368564
explain variance ratio : 0.33735882071370943
Weight :
Term_Premium : -0.33543537296685083
Stock_Prices_mom24mma%_change : -0.4862527487851094
Current_Account_Balance_change_yryr% : -0.10922823758570183
Broad_Money_mo12m%_change : -0.471266771785647
Portfolio_Flows : -0.5227909779554132
Foreign_Exchange_Reserve_over_GDP : -0.37908810342002913
--------------------

