--------------------
id : 4362940161
explain variance ratio : 0.3283097194105726
Weight :
Term_Premium : 0.262751086490127
Stock_Prices_mom%_change : 0.22805351904271554
Stock_Prices_mom24mma%_change : 0.5542103927012174
One-Day_Repo_Rate_AVG : 0.40468605686545034
REER : 0.11728646973423346
Portfolio_Flows : 0.38343871955738973
Foreign_Exchange_Reserve_change_yryr% : 0.4972445347740061
--------------------

