--------------------
id : 4381164471
explain variance ratio : 0.2602877562899554
Weight :
Term_Premium : -0.29608483235408173
Stock_Market_Volatility : -0.028891954388716057
Current_Account_Balance_change_yryr% : -0.1395922924897351
REER : -0.2615541979863764
One-Day_Repo_Rate_EOP : -0.6064815582370189
Foreign_Exchange_Reserve_change_yryr% : -0.5766156211812528
Portfolio_Flows : -0.3511366761572703
--------------------

