--------------------
id : 4392475982
explain variance ratio : 0.3185985138394842
Weight :
Term_Premium : 0.19620207305480086
Stock_Prices_mom24mma%_change : 0.49912231961202225
Current_Account_Balance_change_yryr% : 0.11617790380314286
One-Day_Repo_Rate_EOP : 0.18947358034897538
Foreign_Exchange_Reserve_change_yryr% : 0.5940606088050766
Broad_Money_mo12m%_change : 0.2624937759479233
Foreign_Exchange_Reserve_over_GDP : 0.49109380393821384
--------------------

