--------------------
id : 4399812676
explain variance ratio : 0.32338816609339066
Weight :
Term_Premium : -0.34267231214811095
Stock_Prices_mom%_change : -0.20021281836698623
Stock_Prices_mom24mma%_change : -0.5372481536834753
One-Day_Repo_Rate_AVG : -0.41691421106364324
Current_Account_Balance_change_yryr% : -0.10487013318926273
Broad_Money_mo12m%_change : -0.2819289545132954
Foreign_Exchange_Reserve_change_yryr% : -0.5381038892234478
--------------------

