--------------------
id : 4404978715
explain variance ratio : 0.2678546401339158
Weight :
Term_Premium : 0.17632331478498847
Stock_Prices_mom%_change : 0.4658588372211257
Stock_Prices_mom24mma%_change : 0.6698769809610885
Current_Account_Balance_change_yryr% : 0.22666406806059736
One-Day_Repo_Rate_EOP : 0.013826134596574557
Foreign_Exchange_Reserve_over_GDP : 0.5015802040322264
--------------------

