--------------------
id : 4456991697
explain variance ratio : 0.25855538778168347
Weight :
Term_Premium : -0.5018159824355753
Stock_Prices_mom%_change : -0.17426773417252384
Stock_Market_Volatility : -0.18439525129595702
Current_Account_Balance_change_yryr% : -0.05798692066968534
One-Day_Repo_Rate_EOP : -0.45757580975230616
Broad_Money_mo12m%_change : -0.46906108335157515
Foreign_Exchange_Reserve_change_yryr% : -0.5010523558909885
--------------------

