--------------------
id : 4463713053
explain variance ratio : 0.3220781648458315
Weight :
Risk_Premium : -0.12578069955709623
Stock_Prices_mom%_change : -0.3739914978556193
Current_Account_Balance_change_yryr% : -0.16383413540662212
Current_Account_Balance_over_GDP : -0.5691951589210431
Foreign_Exchange_Reserve_change_yryr% : -0.5102007219585859
Portfolio_Flows : -0.48288719759379567
--------------------

