--------------------
id : 4482169780
explain variance ratio : 0.2944119624039253
Weight :
Risk_Premium : -0.04247348848786748
Stock_Prices_mom%_change : -0.2754568718766814
Current_Account_Balance_change_yryr% : -0.15273164116119453
Broad_Money_mo12m%_change : -0.3473543406098815
Portfolio_Flows : -0.4638884002918737
Foreign_Exchange_Reserve_over_GDP : -0.5144821725043937
Foreign_Exchange_Reserve_change_yryr% : -0.546308675209421
--------------------

