--------------------
id : 4483585716
explain variance ratio : 0.31543850917120153
Weight :
Term_Premium : -0.3111832551517334
Stock_Prices_mom%_change : -0.26691453739457993
One-Day_Repo_Rate_EOP : -0.27818171735706243
Broad_Money_mo12m%_change : -0.376246793619025
Foreign_Exchange_Reserve_over_GDP : -0.48733131852492056
Foreign_Exchange_Reserve_change_yryr% : -0.6127667417909108
--------------------

