--------------------
id : 4505321593
explain variance ratio : 0.38530603504567745
Weight :
Term_Premium : -0.4237886555693791
Stock_Prices_mom24mma%_change : -0.5801162676807489
Current_Account_Balance_change_yryr% : -0.14121291195039876
Broad_Money_mo12m%_change : -0.40107417828679387
Foreign_Exchange_Reserve_change_yryr% : -0.5505149483827998
--------------------

