--------------------
id : 4517381876
explain variance ratio : 0.423710344492237
Weight :
Term_Premium : 0.13768614702387863
Stock_Prices_mom24mma%_change : 0.5032080526530951
One-Day_Repo_Rate_AVG : 0.025597930960975235
Current_Account_Balance_over_GDP : 0.4808016932735872
Foreign_Exchange_Reserve_over_GDP : 0.4654521128259938
Foreign_Exchange_Reserve_change_yryr% : 0.5285385406991483
--------------------

