--------------------
id : 4520458150
explain variance ratio : 0.35353554790194086
Weight :
Risk_Premium : 0.22206852105301988
Stock_Prices_mom%_change : 0.22443376696532186
Stock_Market_Volatility : 0.0444454697760705
Current_Account_Balance_over_GDP : 0.5393617820714672
Foreign_Exchange_Reserve_over_GDP : 0.5694945136806946
Foreign_Exchange_Reserve_change_yryr% : 0.5320756744559417
--------------------

