--------------------
id : 4520422064
explain variance ratio : 0.33582049505957096
Weight :
Term_Premium : -0.26626995974932965
Stock_Prices_mom%_change : -0.2966062626419751
Stock_Prices_mom24mma%_change : -0.4959363533644394
Current_Account_Balance_over_GDP : -0.544618854916684
Current_Account_Balance_change_yryr% : -0.11495962002477236
Broad_Money_mo12m%_change : -0.38023964605504346
Foreign_Exchange_Reserve_over_GDP : -0.3751860433293954
--------------------

