--------------------
id : 4522388246
explain variance ratio : 0.3321642821570536
Weight :
Term_Premium : -0.32882538779731785
Stock_Prices_mom%_change : -0.29294689971639
Stock_Market_Volatility : -0.08380459580031478
Current_Account_Balance_over_GDP : -0.4898298406024579
Foreign_Exchange_Reserve_change_yryr% : -0.37996463459302243
Broad_Money_mo12m%_change : -0.4708112949824692
Portfolio_Flows : -0.43938945849910416
--------------------

