--------------------
id : 4557946004
explain variance ratio : 0.33769704414681556
Weight :
Risk_Premium : 0.052252777598174316
Stock_Prices_mom24mma%_change : 0.5164657103614213
One-Day_Repo_Rate_AVG : 0.11568137935321077
Current_Account_Balance_change_yryr% : 0.1462586737867192
Portfolio_Flows : 0.3803785541599949
Foreign_Exchange_Reserve_over_GDP : 0.4827854152581135
Foreign_Exchange_Reserve_change_yryr% : 0.5639055190512321
--------------------

