--------------------
id : 4566081662
explain variance ratio : 0.32074781117675144
Weight :
Term_Premium : -0.2394738310869772
Stock_Prices_mom%_change : -0.07941499879131708
Stock_Market_Volatility : -0.16351954299908145
Policy_Rate_&_Fed_Funds_Rate_Differential_EOP : -0.5897577324759613
One-Day_Repo_Rate_AVG : -0.5891592946894133
REER : -0.3483815574585668
Foreign_Exchange_Reserve_change_yryr% : -0.2559995290785273
Portfolio_Flows : -0.16666905906338414
--------------------

