--------------------
id : 4567359918
explain variance ratio : 0.2875687587489093
Weight :
Term_Premium : -0.35778175833209963
Stock_Prices_mom24mma%_change : -0.4797555510104109
Stock_Market_Volatility : -0.0029520585579479452
One-Day_Repo_Rate_AVG : -0.02328967513370131
Broad_Money_mo12m%_change : -0.4833958415187242
Portfolio_Flows : -0.5244756994016545
Foreign_Exchange_Reserve_over_GDP : -0.3640458792535296
--------------------

