--------------------
id : 4568681797
explain variance ratio : 0.28917272442676323
Weight :
Term_Premium : -0.3362762030612998
Stock_Prices_mom24mma%_change : -0.48637576403887484
One-Day_Repo_Rate_AVG : -0.007537796646741729
Current_Account_Balance_change_yryr% : -0.1080876042753422
Broad_Money_mo12m%_change : -0.4713798126672293
Portfolio_Flows : -0.5226572515157477
Foreign_Exchange_Reserve_over_GDP : -0.37848071612939216
--------------------

