--------------------
id : 4572763822
explain variance ratio : 0.2978924121873759
Weight :
Term_Premium : 0.1277706287511519
Risk_Premium : 0.02353664832429525
Stock_Prices_mom24mma%_change : 0.5139084131901767
One-Day_Repo_Rate_EOP : 0.13655262317669684
Current_Account_Balance_change_yryr% : 0.12653363977582158
Portfolio_Flows : 0.3849561147607613
Foreign_Exchange_Reserve_change_yryr% : 0.5645170882300976
Foreign_Exchange_Reserve_over_GDP : 0.46635898338051335
--------------------

