--------------------
id : 4573047467
explain variance ratio : 0.33411775046878056
Weight :
Term_Premium : -0.2384589512909209
Risk_Premium : -0.07077775598742064
Stock_Prices_mom24mma%_change : -0.4829701844809976
Current_Account_Balance_change_yryr% : -0.09287205083394268
Current_Account_Balance_over_GDP : -0.48973291890735965
Foreign_Exchange_Reserve_change_yryr% : -0.4120799607205395
Broad_Money_mo12m%_change : -0.3464638579374873
Portfolio_Flows : -0.40811394259081235
--------------------

