--------------------
id : 4575052481
explain variance ratio : 0.3695447178810412
Weight :
Term_Premium : 0.29319694067268254
Stock_Prices_mom24mma%_change : 0.558426505880703
Stock_Market_Volatility : 0.06795160294571223
One-Day_Repo_Rate_EOP : 0.40919220595729555
Foreign_Exchange_Reserve_change_yryr% : 0.5230311779714236
Portfolio_Flows : 0.39569950293219336
--------------------

