--------------------
id : 4581464585
explain variance ratio : 0.3581551168987337
Weight :
Term_Premium : 0.11308885679968832
Stock_Prices_mom24mma%_change : 0.517604457455833
Current_Account_Balance_change_yryr% : 0.1372016533478994
One-Day_Repo_Rate_EOP : 0.20428615683309376
Foreign_Exchange_Reserve_over_GDP : 0.5151719103965702
Foreign_Exchange_Reserve_change_yryr% : 0.6271660954427534
--------------------

