--------------------
id : 4591944701
explain variance ratio : 0.3790507959915462
Weight :
Term_Premium : -0.2550982043393893
Stock_Prices_mom24mma%_change : -0.47880641503468624
Current_Account_Balance_over_GDP : -0.4783276016283053
One-Day_Repo_Rate_EOP : -0.01742841557127453
Foreign_Exchange_Reserve_change_yryr% : -0.42221828122166283
Broad_Money_mo12m%_change : -0.3584871549634392
Portfolio_Flows : -0.4120521346190106
--------------------

