--------------------
id : 4593501790
explain variance ratio : 0.2830496220252183
Weight :
Term_Premium : 0.16041999130605109
Stock_Prices_mom%_change : 0.2783702512587629
Current_Account_Balance_change_yryr% : 0.11218070293613391
One-Day_Repo_Rate_AVG : 0.22639216653143296
Foreign_Exchange_Reserve_change_yryr% : 0.6331800747907494
Portfolio_Flows : 0.41368893850103877
Foreign_Exchange_Reserve_over_GDP : 0.5107660535659385
--------------------

