--------------------
id : 4621483876
explain variance ratio : 0.36848612352934407
Weight :
Term_Premium : -0.46871855206037244
Stock_Prices_mom%_change : -0.28077287989155075
Stock_Market_Volatility : -0.23416168389274467
Current_Account_Balance_over_GDP : -0.5220038998622454
Broad_Money_mo12m%_change : -0.6116778099595849
--------------------

