--------------------
id : 4623154065
explain variance ratio : 0.29347505869243373
Weight :
Term_Premium : -0.5564018407898229
Stock_Prices_mom24mma%_change : -0.47776679303229863
Stock_Market_Volatility : -0.1966804249294521
Current_Account_Balance_change_yryr% : -0.09583918148376541
One-Day_Repo_Rate_AVG : -0.39689347904192696
Broad_Money_mo12m%_change : -0.5067179798244942
--------------------

