--------------------
id : 4626214239
explain variance ratio : 0.2975144284345208
Weight :
Term_Premium : -0.510555158916081
Stock_Market_Volatility : -0.19644932405321824
One-Day_Repo_Rate_EOP : -0.4792111462593844
Current_Account_Balance_change_yryr% : -0.06364351521432121
Broad_Money_mo12m%_change : -0.4669000110382027
Foreign_Exchange_Reserve_change_yryr% : -0.49905075167528534
--------------------

