--------------------
id : 4627506045
explain variance ratio : 0.2602877562899553
Weight :
Term_Premium : -0.296084832354082
Stock_Market_Volatility : -0.028891954388715613
REER : -0.2615541979863754
Current_Account_Balance_change_yryr% : -0.13959229248973484
One-Day_Repo_Rate_EOP : -0.6064815582370188
Portfolio_Flows : -0.3511366761572706
Foreign_Exchange_Reserve_change_yryr% : -0.5766156211812525
--------------------

