--------------------
id : 4627723893
explain variance ratio : 0.33596071033818553
Weight :
Term_Premium : -0.28026472893058696
Stock_Prices_mom24mma%_change : -0.5481755782612596
Stock_Market_Volatility : -0.0019893418783481845
Current_Account_Balance_change_yryr% : -0.12253940132713687
One-Day_Repo_Rate_EOP : -0.4082192337598689
Foreign_Exchange_Reserve_change_yryr% : -0.5411217432729181
Portfolio_Flows : -0.3827266268532399
--------------------

