--------------------
id : 4651869151
explain variance ratio : 0.25835262003625376
Weight :
Term_Premium : -0.529343117569634
Stock_Prices_mom%_change : -0.24089646121803854
Stock_Prices_mom24mma%_change : -0.4980350944501858
Stock_Market_Volatility : -0.16900152991936873
One-Day_Repo_Rate_AVG : -0.36789869453195245
Current_Account_Balance_change_yryr% : -0.0889165391006662
Broad_Money_mo12m%_change : -0.49184213531502075
--------------------

