--------------------
id : 4668107282
explain variance ratio : 0.32804345790912465
Weight :
Term_Premium : -0.5081647795620192
Stock_Prices_mom24mma%_change : -0.4854436714583251
One-Day_Repo_Rate_EOP : -0.08487810788357866
Broad_Money_mo12m%_change : -0.5699043282815908
Foreign_Exchange_Reserve_over_GDP : -0.41727420488422023
--------------------

