--------------------
id : 4669971314
explain variance ratio : 0.3320633743257138
Weight :
Term_Premium : -0.2798828462488932
Risk_Premium : -0.08269237408367036
Stock_Prices_mom24mma%_change : -0.5195427551422698
Stock_Market_Volatility : -0.0047726914364695505
Current_Account_Balance_over_GDP : -0.5534669949800501
Broad_Money_mo12m%_change : -0.3616468861260361
Foreign_Exchange_Reserve_change_yryr% : -0.45581347705256803
--------------------

