--------------------
id : 4676354690
explain variance ratio : 0.39940407173401904
Weight :
Term_Premium : -0.14297600156742174
Stock_Prices_mom24mma%_change : -0.48686250530565156
Current_Account_Balance_over_GDP : -0.45418800462659037
One-Day_Repo_Rate_EOP : -0.014381955407674729
Foreign_Exchange_Reserve_change_yryr% : -0.48631150161564585
Portfolio_Flows : -0.3528403544298605
Foreign_Exchange_Reserve_over_GDP : -0.41837063400459973
--------------------

