--------------------
id : 4678489723
explain variance ratio : 0.288881913589309
Weight :
Term_Premium : 0.04354421584832906
Risk_Premium : 0.17648753998933794
Stock_Prices_mom%_change : 0.2162207433804429
Current_Account_Balance_change_yryr% : 0.25580133108536984
Foreign_Exchange_Reserve_over_GDP : 0.6779781698230488
Foreign_Exchange_Reserve_change_yryr% : 0.6285824686427519
--------------------

