--------------------
id : 4708489558
explain variance ratio : 0.3079827231229922
Weight :
Risk_Premium : -0.19766475771123185
Stock_Market_Volatility : -0.26588366424785526
Current_Account_Balance_over_GDP : -0.5844829475886274
Current_Account_Balance_change_yryr% : -0.16552643909223655
Broad_Money_mo12m%_change : -0.5423781953808133
Portfolio_Flows : -0.47648829551217803
--------------------

