--------------------
id : 4712026326
explain variance ratio : 0.36604584004190444
Weight :
Term_Premium : -0.23326494952637136
Stock_Prices_mom24mma%_change : -0.5406007044097675
Current_Account_Balance_change_yryr% : -0.14020250056868525
REER : -0.2513741197366891
One-Day_Repo_Rate_EOP : -0.5273568623156786
Foreign_Exchange_Reserve_change_yryr% : -0.5407285753902582
--------------------

