--------------------
id : 4724439637
explain variance ratio : 0.2803739049845559
Weight :
Term_Premium : -0.15970813463908107
Stock_Prices_mom%_change : -0.15076259154304106
One-Day_Repo_Rate_AVG : -0.6146371200935852
REER : -0.09034835139854153
Policy_Rate_&_Fed_Funds_Rate_Differential_EOP : -0.5970112602967628
Portfolio_Flows : -0.15145141829410044
Foreign_Exchange_Reserve_change_yryr% : -0.42826003616128305
Foreign_Exchange_Reserve_over_GDP : -0.05527841465413582
--------------------

