--------------------
id : 4724183398
explain variance ratio : 0.2999804674735319
Weight :
Term_Premium : -0.16762470033739243
Stock_Prices_mom%_change : -0.2543345295756355
Stock_Market_Volatility : -0.017720945559662277
Current_Account_Balance_over_GDP : -0.523233038890457
One-Day_Repo_Rate_AVG : -0.017465724190792425
Foreign_Exchange_Reserve_change_yryr% : -0.5831216440517147
Foreign_Exchange_Reserve_over_GDP : -0.5411036487782955
--------------------

