--------------------
id : 4729624310
explain variance ratio : 0.35740589014032065
Weight :
Term_Premium : -0.19455748142770898
Stock_Prices_mom24mma%_change : -0.5894822616184735
One-Day_Repo_Rate_AVG : -0.036735833596531264
Current_Account_Balance_change_yryr% : -0.1317178917111665
Current_Account_Balance_over_GDP : -0.5464015791464674
Foreign_Exchange_Reserve_change_yryr% : -0.5453478151574976
--------------------

