--------------------
id : 4730642823
explain variance ratio : 0.28990176633479103
Weight :
Term_Premium : -0.37759630494748986
Stock_Prices_mom%_change : -0.21238419126600905
One-Day_Repo_Rate_EOP : -0.4700759658332945
Foreign_Exchange_Reserve_change_yryr% : -0.5892969461422028
Broad_Money_mo12m%_change : -0.19121387006551988
Portfolio_Flows : -0.45553148881084005
--------------------

