--------------------
id : 4734492554
explain variance ratio : 0.27192223880743865
Weight :
Term_Premium : -0.3030744826462767
Stock_Prices_mom%_change : -0.34168708125821057
Stock_Prices_mom24mma%_change : -0.4954338905238894
One-Day_Repo_Rate_AVG : -0.01961663887421569
Current_Account_Balance_change_yryr% : -0.08740334194037888
Broad_Money_mo12m%_change : -0.4254401218202921
Portfolio_Flows : -0.49804839879464435
Foreign_Exchange_Reserve_over_GDP : -0.32994756415354415
--------------------

