--------------------
id : 4787682724
explain variance ratio : 0.3862061574182547
Weight :
Term_Premium : -0.29108475403507234
Stock_Prices_mom24mma%_change : -0.516192045463259
Current_Account_Balance_over_GDP : -0.5354010601967902
One-Day_Repo_Rate_EOP : -0.03254630073816117
Broad_Money_mo12m%_change : -0.3699472809378912
Foreign_Exchange_Reserve_change_yryr% : -0.47354080135070975
--------------------

