--------------------
id : 4796711191
explain variance ratio : 0.38388963357921224
Weight :
Term_Premium : -0.19795999190935912
Stock_Prices_mom%_change : -0.34724668866218145
Stock_Prices_mom24mma%_change : -0.5698532905823134
One-Day_Repo_Rate_EOP : -0.05674797088179134
Current_Account_Balance_over_GDP : -0.5029971492869458
Foreign_Exchange_Reserve_change_yryr% : -0.5091879236970485
--------------------

