--------------------
id : 4831391330
explain variance ratio : 0.20928990740399914
Weight :
Risk_Premium : -0.51606935202576
Stock_Prices_mom%_change : -0.32515828129944385
REER : -0.047350148605764086
Current_Account_Balance_change_yryr% : -0.5835963976866319
Foreign_Exchange_Reserve_change_yryr% : -0.5318460489509641
Velocity_of_Money_mo12m%_change : -0.047513200813578876
--------------------

