--------------------
id : 4834234691
explain variance ratio : 0.2448243781773483
Weight :
Risk_Premium : -0.7222681258411797
Stock_Prices_mom%_change : -0.0061324484873932494
Current_Account_Balance_change_yryr% : -0.6334918582020543
Velocity_of_Money_mo12m%_change : -0.1223833204094813
Portfolio_Flows : -0.24900107619582104
--------------------

