--------------------
id : 4843705665
explain variance ratio : 0.3215667065301094
Weight :
Term_Premium : -0.2224036494498181
Stock_Prices_mom%_change : -0.03558964016048616
Stock_Prices_mom24mma%_change : -0.3667588586303241
REER : -0.3421801053643096
Policy_Rate_&_Fed_Funds_Rate_Differential_EOP : -0.5904522248837538
Current_Account_Balance_change_yryr% : -0.06793231362136082
One-Day_Repo_Rate_EOP : -0.5822635031431078
Broad_Money_mo12m%_change : -0.07342542568545957
--------------------

