--------------------
id : 4868665125
explain variance ratio : 0.3044675343374242
Weight :
Term_Premium : 0.24501640051476936
Stock_Prices_mom%_change : 0.18151055868772303
Stock_Prices_mom24mma%_change : 0.5443244869066761
Current_Account_Balance_change_yryr% : 0.1208545880289902
REER : 0.1426545270023083
One-Day_Repo_Rate_EOP : 0.41325277297558427
Foreign_Exchange_Reserve_change_yryr% : 0.5207086743032305
Portfolio_Flows : 0.36586911611790107
--------------------

