--------------------
id : 4875235339
explain variance ratio : 0.29617081150566316
Weight :
Term_Premium : -0.15938833344190184
Risk_Premium : -0.1519747564572429
Stock_Prices_mom%_change : -0.24958317617502354
Stock_Market_Volatility : -0.016414592156715126
Current_Account_Balance_over_GDP : -0.5067197497415914
Portfolio_Flows : -0.3796198736828763
Foreign_Exchange_Reserve_over_GDP : -0.4868355314689435
Foreign_Exchange_Reserve_change_yryr% : -0.5010517377709196
--------------------

