--------------------
id : 4881361932
explain variance ratio : 0.2956199273597912
Weight :
Term_Premium : -0.5016509568444006
Stock_Prices_mom%_change : -0.19189496652139415
One-Day_Repo_Rate_AVG : -0.48450502383101157
Current_Account_Balance_change_yryr% : -0.06554851992491136
Broad_Money_mo12m%_change : -0.4289382266525599
Foreign_Exchange_Reserve_change_yryr% : -0.5371153604721912
--------------------

