--------------------
id : 4902855061
explain variance ratio : 0.44319058573929554
Weight :
Term_Premium : -0.13867322437223634
Stock_Prices_mom%_change : -0.25924438852225384
Stock_Prices_mom24mma%_change : -0.5042663948802766
Current_Account_Balance_over_GDP : -0.47281718808663886
Foreign_Exchange_Reserve_over_GDP : -0.4282493520088006
Foreign_Exchange_Reserve_change_yryr% : -0.5023185105192376
--------------------

