--------------------
id : 4910014461
explain variance ratio : 0.35375362310779745
Weight :
Term_Premium : -0.23330776735567352
Stock_Prices_mom24mma%_change : -0.37490647217593254
Stock_Market_Volatility : -0.12195109513718616
Policy_Rate_&_Fed_Funds_Rate_Differential_AVG : -0.518866189533648
REER : -0.27694457129421557
One-Day_Repo_Rate_EOP : -0.5302403262890192
Portfolio_Flows : -0.22238282563630285
Foreign_Exchange_Reserve_change_yryr% : -0.33706262064395576
--------------------

