--------------------
id : 4912950092
explain variance ratio : 0.3163351486674312
Weight :
Term_Premium : -0.6014630111727469
Stock_Prices_mom%_change : -0.2889492489511244
Current_Account_Balance_change_yryr% : -0.03884111532001171
Foreign_Exchange_Reserve_change_yryr% : -0.41042183557509054
Broad_Money_mo12m%_change : -0.620319161694578
--------------------

