--------------------
id : 4916829349
explain variance ratio : 0.3811412894662357
Weight :
Term_Premium : -0.2822443605416171
Stock_Prices_mom%_change : -0.23649335993049703
Stock_Prices_mom24mma%_change : -0.5579051718219051
One-Day_Repo_Rate_EOP : -0.37633779972868797
Portfolio_Flows : -0.39493839178164886
Foreign_Exchange_Reserve_change_yryr% : -0.5055139544047274
--------------------

