--------------------
id : 4927638358
explain variance ratio : 0.34422552202309886
Weight :
Term_Premium : 0.27108550725963715
Stock_Prices_mom%_change : 0.2000091587791737
Stock_Prices_mom24mma%_change : 0.5465967724054444
Current_Account_Balance_change_yryr% : 0.11410638219039677
One-Day_Repo_Rate_EOP : 0.38197491121732663
Foreign_Exchange_Reserve_change_yryr% : 0.5294925569087527
Portfolio_Flows : 0.38529662012058563
--------------------

