--------------------
id : 4934558473
explain variance ratio : 0.3353923258714806
Weight :
Term_Premium : -0.37057295417202807
Risk_Premium : -0.17995433139214034
Stock_Prices_mom24mma%_change : -0.4744699434453464
Stock_Market_Volatility : -0.09859388570643293
Current_Account_Balance_over_GDP : -0.6068598708102284
Broad_Money_mo12m%_change : -0.4766243173799396
--------------------

