--------------------
id : 4947965866
explain variance ratio : 0.2296209216869351
Weight :
Term_Premium : -0.6156126607359932
Stock_Prices_mom%_change : -0.3002462224635132
Stock_Market_Volatility : -0.04970885288790168
Current_Account_Balance_change_yryr% : -0.10261192519653581
One-Day_Repo_Rate_EOP : -0.4736352426805175
Portfolio_Flows : -0.5417958448354315
--------------------

