--------------------
id : 4957455486
explain variance ratio : 0.3870245374178034
Weight :
Term_Premium : -0.32322981415897417
Stock_Prices_mom24mma%_change : -0.4668682118512213
Current_Account_Balance_change_yryr% : -0.07907716729686828
Current_Account_Balance_over_GDP : -0.5124345364592197
Broad_Money_mo12m%_change : -0.44871171050730135
Portfolio_Flows : -0.4553811681562352
--------------------

