--------------------
id : 4971834582
explain variance ratio : 0.341204349350961
Weight :
Term_Premium : -0.24566683260321265
Stock_Prices_mom24mma%_change : -0.5426117059446053
REER : -0.17024060460377682
Current_Account_Balance_change_yryr% : -0.1291960149716925
One-Day_Repo_Rate_EOP : -0.4412837438240388
Portfolio_Flows : -0.3573280716741892
Foreign_Exchange_Reserve_change_yryr% : -0.5264334495645298
--------------------

