--------------------
id : 4992255337
explain variance ratio : 0.38365178442464337
Weight :
Term_Premium : -0.12709154141801432
Stock_Prices_mom%_change : -0.25249620026998865
Stock_Prices_mom24mma%_change : -0.500519630456711
Current_Account_Balance_over_GDP : -0.4699013450213953
Current_Account_Balance_change_yryr% : -0.12485922323605264
Foreign_Exchange_Reserve_over_GDP : -0.43049193027093735
Foreign_Exchange_Reserve_change_yryr% : -0.49784847772014196
--------------------

