--------------------
id : 5019842555
explain variance ratio : 0.3314509228024644
Weight :
Term_Premium : -0.26211627246444597
Stock_Prices_mom%_change : -0.12266370899497714
Stock_Prices_mom24mma%_change : -0.32411187019124765
Stock_Market_Volatility : -0.18802920693364072
REER : -0.33998969230854437
Policy_Rate_&_Fed_Funds_Rate_Differential_EOP : -0.5623997320579719
One-Day_Repo_Rate_EOP : -0.551932102718632
Portfolio_Flows : -0.19831714913145976
--------------------

