--------------------
id : 5024019439
explain variance ratio : 0.22741610913195176
Weight :
Term_Premium : -0.3406342237861878
Stock_Prices_mom%_change : -0.18548014705647453
Stock_Market_Volatility : -0.020585478251584875
Current_Account_Balance_change_yryr% : -0.11963786256693466
REER : -0.19022842221353808
Policy_Rate_&_Fed_Funds_Rate_Differential_AVG : -0.5524434188667824
Foreign_Exchange_Reserve_change_yryr% : -0.5684927653609804
Portfolio_Flows : -0.4126304068100329
--------------------

