--------------------
id : 5024297262
explain variance ratio : 0.29910673483266564
Weight :
Risk_Premium : -0.1636658726924644
Stock_Prices_mom%_change : -0.3272341837145263
Stock_Prices_mom24mma%_change : -0.5083296002807087
Stock_Market_Volatility : -0.0263505166851553
Current_Account_Balance_over_GDP : -0.5225947996902576
Current_Account_Balance_change_yryr% : -0.12317296551161137
Broad_Money_mo12m%_change : -0.3508100578536365
Portfolio_Flows : -0.44237239751807045
--------------------

