--------------------
id : 5030205908
explain variance ratio : 0.29751442843452064
Weight :
Term_Premium : -0.5105551589160813
Stock_Market_Volatility : -0.19644932405321758
Current_Account_Balance_change_yryr% : -0.0636435152143215
One-Day_Repo_Rate_EOP : -0.47921114625938516
Broad_Money_mo12m%_change : -0.4669000110382022
Foreign_Exchange_Reserve_change_yryr% : -0.4990507516752859
--------------------

