--------------------
id : 5036604178
explain variance ratio : 0.42489947936379274
Weight :
Risk_Premium : 0.17031860454275033
Stock_Prices_mom24mma%_change : 0.5271405182334317
Current_Account_Balance_change_yryr% : 0.20479238071774913
Foreign_Exchange_Reserve_change_yryr% : 0.5732865291347612
Foreign_Exchange_Reserve_over_GDP : 0.5679058753840943
--------------------

