--------------------
id : 5050897368
explain variance ratio : 0.312149907756817
Weight :
Term_Premium : -0.10398834337283606
Risk_Premium : -0.36776975902082587
Stock_Prices_mom24mma%_change : -0.5069662658988949
Stock_Market_Volatility : -0.01388775468728402
Current_Account_Balance_over_GDP : -0.5614617301549469
Current_Account_Balance_change_yryr% : -0.21516617352918324
Foreign_Exchange_Reserve_over_GDP : -0.4849622744532169
--------------------

