--------------------
id : 5054584792
explain variance ratio : 0.2625683700794472
Weight :
Term_Premium : -0.28639410763133855
Risk_Premium : -0.008692386601481195
Stock_Prices_mom%_change : -0.2731590809997032
Current_Account_Balance_change_yryr% : -0.13429273209739978
Foreign_Exchange_Reserve_change_yryr% : -0.5917797437078539
Broad_Money_mo12m%_change : -0.4008515387486708
Foreign_Exchange_Reserve_over_GDP : -0.5606845948680265
--------------------

