--------------------
id : 5055397989
explain variance ratio : 0.29395213510412577
Weight :
Term_Premium : -0.5397859553413974
Stock_Prices_mom%_change : -0.2396467476264118
One-Day_Repo_Rate_AVG : -0.20419792288935523
Current_Account_Balance_change_yryr% : -0.03055580691303248
Broad_Money_mo12m%_change : -0.5970114173444045
Portfolio_Flows : -0.5021428853227436
--------------------

