--------------------
id : 5059735599
explain variance ratio : 0.23778707727004658
Weight :
Term_Premium : 0.1403752418392348
Risk_Premium : 0.5053598026783193
Stock_Prices_mom%_change : 0.16401213086390373
Current_Account_Balance_change_yryr% : 0.4165304769297346
Broad_Money_mo12m%_change : 0.30545355795501034
Foreign_Exchange_Reserve_over_GDP : 0.6566633596952862
--------------------

