--------------------
id : 5060927023
explain variance ratio : 0.2402855230047844
Weight :
Risk_Premium : 0.8390669882131397
Stock_Market_Volatility : 0.09799350208062474
Current_Account_Balance_over_GDP : 0.5020866463677157
REER : 0.1014720448750496
Velocity_of_Money_mo12m%_change : 0.15484277990594883
--------------------

