--------------------
id : 5061874042
explain variance ratio : 0.266442571729411
Weight :
Term_Premium : -0.6520840389529804
Stock_Market_Volatility : -0.09350572590324202
One-Day_Repo_Rate_AVG : -0.5468701824828566
Current_Account_Balance_change_yryr% : -0.12690904219453156
Portfolio_Flows : -0.500869427981495
--------------------

