--------------------
id : 5067292635
explain variance ratio : 0.2944119624039255
Weight :
Risk_Premium : -0.04247348848786754
Stock_Prices_mom%_change : -0.2754568718766814
Current_Account_Balance_change_yryr% : -0.15273164116119464
Broad_Money_mo12m%_change : -0.3473543406098817
Portfolio_Flows : -0.4638884002918738
Foreign_Exchange_Reserve_change_yryr% : -0.5463086752094211
Foreign_Exchange_Reserve_over_GDP : -0.514482172504394
--------------------

