--------------------
id : 5074154573
explain variance ratio : 0.35799703911491826
Weight :
Term_Premium : -0.21304783606274355
Stock_Prices_mom24mma%_change : -0.47678992282847277
One-Day_Repo_Rate_AVG : -0.1446477729510758
Broad_Money_mo12m%_change : -0.30510893701277275
Portfolio_Flows : -0.40832565915760544
Foreign_Exchange_Reserve_over_GDP : -0.4186419208616279
Foreign_Exchange_Reserve_change_yryr% : -0.5208422463128595
--------------------

