--------------------
id : 5075439406
explain variance ratio : 0.27353460778173827
Weight :
Term_Premium : -0.5567973361449898
Stock_Prices_mom%_change : -0.23651080388007362
Stock_Market_Volatility : -0.302223056112668
Current_Account_Balance_change_yryr% : -0.029358277911301488
Broad_Money_mo12m%_change : -0.6437566129715282
Foreign_Exchange_Reserve_change_yryr% : -0.35695392593060415
--------------------

