--------------------
id : 5093154601
explain variance ratio : 0.32597964467448937
Weight :
Term_Premium : -0.2118176076933047
Stock_Prices_mom%_change : -0.05480399027162419
Stock_Prices_mom24mma%_change : -0.3922576999112343
Current_Account_Balance_change_yryr% : -0.07559399856624259
Policy_Rate_&_Fed_Funds_Rate_Differential_EOP : -0.5733930944325916
One-Day_Repo_Rate_AVG : -0.5629185072388557
REER : -0.3361693893835953
Portfolio_Flows : -0.18407205944673877
--------------------

