--------------------
id : 5104272448
explain variance ratio : 0.2965357569693076
Weight :
Term_Premium : -0.46322981287957965
Risk_Premium : -0.10029058614533626
Stock_Market_Volatility : -0.2910196891040188
Current_Account_Balance_over_GDP : -0.5464110064323223
Current_Account_Balance_change_yryr% : -0.0584749620876069
Broad_Money_mo12m%_change : -0.6234446007484906
--------------------

