--------------------
id : 5106931523
explain variance ratio : 0.3187499975714331
Weight :
Term_Premium : 0.19209484982361474
Stock_Prices_mom24mma%_change : 0.4992103305798222
Current_Account_Balance_change_yryr% : 0.11664718673984825
One-Day_Repo_Rate_AVG : 0.19143037895621312
Foreign_Exchange_Reserve_change_yryr% : 0.5949451195150868
Broad_Money_mo12m%_change : 0.26001574664390154
Foreign_Exchange_Reserve_over_GDP : 0.4920046489763904
--------------------

