--------------------
id : 5109744950
explain variance ratio : 0.2956901806610494
Weight :
Term_Premium : -0.5560314493951655
Stock_Prices_mom24mma%_change : -0.4778064924067221
Stock_Market_Volatility : -0.18842015428919154
One-Day_Repo_Rate_EOP : -0.4109318240401083
Current_Account_Balance_change_yryr% : -0.09501483338596851
Broad_Money_mo12m%_change : -0.4991342965403608
--------------------

