--------------------
id : 5114304897
explain variance ratio : 0.5082708475731332
Weight :
Term_Premium : 0.13664416272743402
Stock_Prices_mom24mma%_change : 0.5029615270646526
Current_Account_Balance_over_GDP : 0.4861674085220461
Foreign_Exchange_Reserve_over_GDP : 0.4662894654595426
Foreign_Exchange_Reserve_change_yryr% : 0.5239975766906966
--------------------

