--------------------
id : 5124485671
explain variance ratio : 0.3046620457420126
Weight :
Term_Premium : 0.25789053126411815
Stock_Prices_mom%_change : 0.18685023197325934
Stock_Prices_mom24mma%_change : 0.5500252167443627
Current_Account_Balance_change_yryr% : 0.11584150331463729
Policy_Rate_&_Fed_Funds_Rate_Differential_EOP : 0.4116166934382472
REER : 0.13689662049744983
Foreign_Exchange_Reserve_change_yryr% : 0.5056495090870825
Portfolio_Flows : 0.37253464092659194
--------------------

