--------------------
id : 5124189516
explain variance ratio : 0.32458673894306334
Weight :
Term_Premium : -0.346722529150728
Stock_Prices_mom%_change : -0.19697257311282546
Stock_Prices_mom24mma%_change : -0.5355444483589262
Current_Account_Balance_change_yryr% : -0.1039805150288044
One-Day_Repo_Rate_EOP : -0.4210650118232725
Foreign_Exchange_Reserve_change_yryr% : -0.5347144889956305
Broad_Money_mo12m%_change : -0.28310803701647697
--------------------

