--------------------
id : 5128887582
explain variance ratio : 0.38530603504567734
Weight :
Term_Premium : -0.42378865556937917
Stock_Prices_mom24mma%_change : -0.5801162676807491
Current_Account_Balance_change_yryr% : -0.1412129119503986
Foreign_Exchange_Reserve_change_yryr% : -0.5505149483827999
Broad_Money_mo12m%_change : -0.4010741782867942
--------------------

