--------------------
id : 5140880835
explain variance ratio : 0.37523289782635644
Weight :
Risk_Premium : 0.1973875756297549
Stock_Market_Volatility : 0.038073712657899494
Current_Account_Balance_over_GDP : 0.5163552536688814
Foreign_Exchange_Reserve_change_yryr% : 0.5149579342476887
Portfolio_Flows : 0.3638800533608781
Foreign_Exchange_Reserve_over_GDP : 0.5434845187504753
--------------------

