--------------------
id : 5143610300
explain variance ratio : 0.26543455901581425
Weight :
Term_Premium : -0.42263199172978344
Stock_Prices_mom%_change : -0.23830779172702155
Stock_Prices_mom24mma%_change : -0.48824967129405195
Stock_Market_Volatility : -0.11446237839278864
One-Day_Repo_Rate_AVG : -0.2670957930138853
Current_Account_Balance_change_yryr% : -0.08831165084107244
Broad_Money_mo12m%_change : -0.45618566688131534
Portfolio_Flows : -0.4752449320031512
--------------------

