--------------------
id : 5152485280
explain variance ratio : 0.3543044154864452
Weight :
Term_Premium : -0.23722073634908247
Stock_Prices_mom%_change : -0.12365316790173242
Stock_Prices_mom24mma%_change : -0.39574777028035524
Policy_Rate_&_Fed_Funds_Rate_Differential_EOP : -0.505709134681491
REER : -0.25508915981784114
One-Day_Repo_Rate_EOP : -0.5187364964875403
Foreign_Exchange_Reserve_change_yryr% : -0.3557554040526159
Portfolio_Flows : -0.23528333977209298
--------------------

