--------------------
id : 5175823222
explain variance ratio : 0.38057754028331087
Weight :
Risk_Premium : -0.15965633897047807
Stock_Prices_mom24mma%_change : -0.4787578408454375
Stock_Market_Volatility : -0.00606331817189544
Current_Account_Balance_over_GDP : -0.49918070825625327
Foreign_Exchange_Reserve_change_yryr% : -0.47460102095960327
Broad_Money_mo12m%_change : -0.23713830024253976
Foreign_Exchange_Reserve_over_GDP : -0.46325148396445565
--------------------

