--------------------
id : 5183949310
explain variance ratio : 0.33776645872605743
Weight :
Risk_Premium : -0.44519452539801296
Stock_Prices_mom24mma%_change : -0.5299899786227878
Current_Account_Balance_change_yryr% : -0.34337745849761125
Broad_Money_mo12m%_change : -0.1820221847362768
Foreign_Exchange_Reserve_over_GDP : -0.608171277170017
--------------------

