--------------------
id : 5213065948
explain variance ratio : 0.40506212721908347
Weight :
Term_Premium : 0.15727924607806926
Stock_Market_Volatility : 0.037716990006441464
Current_Account_Balance_over_GDP : 0.5325883790108693
Foreign_Exchange_Reserve_over_GDP : 0.5820496531611498
Foreign_Exchange_Reserve_change_yryr% : 0.5927971720711298
--------------------

