--------------------
id : 5220388800
explain variance ratio : 0.3263679782065313
Weight :
Term_Premium : -0.2106024277739801
Stock_Prices_mom%_change : -0.05456868947391136
Stock_Prices_mom24mma%_change : -0.39132812718792787
REER : -0.33664813960875434
Policy_Rate_&_Fed_Funds_Rate_Differential_AVG : -0.5724031287941977
One-Day_Repo_Rate_EOP : -0.5650273692261725
Current_Account_Balance_change_yryr% : -0.07539182456714175
Portfolio_Flows : -0.18334122688244428
--------------------

