--------------------
id : 5233395013
explain variance ratio : 0.2916499310766665
Weight :
Term_Premium : -0.2432718160381441
Risk_Premium : -0.12192127265619723
Stock_Prices_mom%_change : -0.22993731299017728
Stock_Market_Volatility : -0.09932176108977633
Current_Account_Balance_over_GDP : -0.5333972585536524
Foreign_Exchange_Reserve_change_yryr% : -0.4639420101832672
Broad_Money_mo12m%_change : -0.3773051321455857
Foreign_Exchange_Reserve_over_GDP : -0.4702170346504245
--------------------

