--------------------
id : 5258238778
explain variance ratio : 0.29395213510412566
Weight :
Term_Premium : -0.5397859553413975
Stock_Prices_mom%_change : -0.23964674762641203
Current_Account_Balance_change_yryr% : -0.030555806913032592
One-Day_Repo_Rate_AVG : -0.204197922889355
Broad_Money_mo12m%_change : -0.5970114173444043
Portfolio_Flows : -0.5021428853227436
--------------------

