--------------------
id : 5264468057
explain variance ratio : 0.3108957063479907
Weight :
Term_Premium : -0.3318377943317835
Stock_Market_Volatility : -0.17309237602884187
Current_Account_Balance_change_yryr% : -0.09864287488852021
Current_Account_Balance_over_GDP : -0.5158431339040395
Broad_Money_mo12m%_change : -0.5245391990527313
Portfolio_Flows : -0.42599386444452236
Foreign_Exchange_Reserve_over_GDP : -0.35705182840063376
--------------------

