--------------------
id : 5272872974
explain variance ratio : 0.3221602214669702
Weight :
Term_Premium : 0.12378350089669334
Stock_Prices_mom%_change : 0.28323366451094967
Stock_Prices_mom24mma%_change : 0.5279310227123735
Current_Account_Balance_change_yryr% : 0.1177527087892632
One-Day_Repo_Rate_EOP : 0.19058234399384524
Foreign_Exchange_Reserve_change_yryr% : 0.597661035269424
Foreign_Exchange_Reserve_over_GDP : 0.46728912688249874
--------------------

