--------------------
id : 5278443149
explain variance ratio : 0.38612992679441854
Weight :
Term_Premium : -0.29041713165929933
Stock_Prices_mom24mma%_change : -0.5162665403476001
Current_Account_Balance_over_GDP : -0.5370087945841466
One-Day_Repo_Rate_AVG : -0.025715674526947813
Foreign_Exchange_Reserve_change_yryr% : -0.47232629366903445
Broad_Money_mo12m%_change : -0.37012819385732404
--------------------

