--------------------
id : 5295758347
explain variance ratio : 0.42061118303434447
Weight :
Term_Premium : 0.09331221820153508
Stock_Prices_mom24mma%_change : 0.5335830540089467
Current_Account_Balance_change_yryr% : 0.17494409197711003
Foreign_Exchange_Reserve_over_GDP : 0.5506875812038033
Foreign_Exchange_Reserve_change_yryr% : 0.6105077452407979
--------------------

