--------------------
id : 5304177865
explain variance ratio : 0.35535298945733906
Weight :
Term_Premium : 0.1521958924529581
Stock_Prices_mom%_change : 0.25108758821136834
One-Day_Repo_Rate_AVG : 0.34495678140802155
Foreign_Exchange_Reserve_change_yryr% : 0.7016012869202959
Foreign_Exchange_Reserve_over_GDP : 0.5500471675402477
--------------------

