--------------------
id : 5313222297
explain variance ratio : 0.2556285081769317
Weight :
Term_Premium : -0.29373553896939736
Risk_Premium : -0.15439911944590756
Stock_Prices_mom24mma%_change : -0.49975297371187055
Stock_Market_Volatility : -0.007612834928474085
Current_Account_Balance_change_yryr% : -0.14281775659016993
Broad_Money_mo12m%_change : -0.4310939978208346
Portfolio_Flows : -0.5089548978025201
Foreign_Exchange_Reserve_over_GDP : -0.41808530292203283
--------------------

