--------------------
id : 5338257464
explain variance ratio : 0.3753927398575227
Weight :
Term_Premium : -0.18140244182081197
Risk_Premium : -0.10809564917278613
Stock_Prices_mom24mma%_change : -0.4487543054208356
Current_Account_Balance_over_GDP : -0.4588117796758473
Foreign_Exchange_Reserve_change_yryr% : -0.4268651578520789
Broad_Money_mo12m%_change : -0.2874623429743827
Portfolio_Flows : -0.3549719239724582
Foreign_Exchange_Reserve_over_GDP : -0.39072532616045746
--------------------

