--------------------
id : 5350587393
explain variance ratio : 0.3337141844161619
Weight :
Term_Premium : -0.28259610179614564
Stock_Prices_mom%_change : -0.29882354799318434
Stock_Prices_mom24mma%_change : -0.48658120942125355
Stock_Market_Volatility : -0.047754612694484444
Current_Account_Balance_over_GDP : -0.5470113588924517
Broad_Money_mo12m%_change : -0.3973806726587062
Foreign_Exchange_Reserve_over_GDP : -0.3669731982841315
--------------------

