--------------------
id : 5362939472
explain variance ratio : 0.30238666754405
Weight :
Term_Premium : -0.38548163676124086
Risk_Premium : -0.056442612313445384
Stock_Prices_mom%_change : -0.2883577520945498
Stock_Market_Volatility : -0.1518064784049769
Current_Account_Balance_over_GDP : -0.49424192785069915
Broad_Money_mo12m%_change : -0.5466340152658732
Portfolio_Flows : -0.4460256822931822
--------------------

