--------------------
id : 5365509543
explain variance ratio : 0.2916370730492934
Weight :
Term_Premium : -0.4270698931078098
Stock_Prices_mom%_change : -0.21193024689339834
One-Day_Repo_Rate_AVG : -0.3478278142090866
Current_Account_Balance_change_yryr% : -0.06883309733306396
Broad_Money_mo12m%_change : -0.44772530573231945
Portfolio_Flows : -0.4611387217267434
Foreign_Exchange_Reserve_change_yryr% : -0.48359882460338877
--------------------

