--------------------
id : 5366771185
explain variance ratio : 0.3063220062820394
Weight :
Term_Premium : -0.28902930679855254
Stock_Prices_mom%_change : -0.2739976287941829
Current_Account_Balance_change_yryr% : -0.13169240364753038
Foreign_Exchange_Reserve_change_yryr% : -0.592035450853039
Broad_Money_mo12m%_change : -0.40312747684814
Foreign_Exchange_Reserve_over_GDP : -0.5576977069986401
--------------------

