--------------------
id : 5367701153
explain variance ratio : 0.35514894189257096
Weight :
Term_Premium : -0.28994711334294726
Stock_Prices_mom%_change : -0.31696685344500997
Stock_Prices_mom24mma%_change : -0.46938004832612235
Current_Account_Balance_over_GDP : -0.4848646882764164
Current_Account_Balance_change_yryr% : -0.06905425922923503
Broad_Money_mo12m%_change : -0.4069419745628076
Portfolio_Flows : -0.43552385491321677
--------------------

