--------------------
id : 5378078327
explain variance ratio : 0.22320129376459405
Weight :
Risk_Premium : -0.7029350882270002
Stock_Market_Volatility : -0.12202338202619406
Current_Account_Balance_over_GDP : -0.4203583834595308
REER : -0.12083373060905989
Current_Account_Balance_change_yryr% : -0.5410409492801977
Velocity_of_Money_mo12m%_change : -0.08345829007688949
--------------------

