--------------------
id : 5385479337
explain variance ratio : 0.3316260549334508
Weight :
Term_Premium : -0.39737788586863654
Stock_Prices_mom24mma%_change : -0.4626277538559881
Stock_Market_Volatility : -0.1041337200368928
Current_Account_Balance_over_GDP : -0.5877852115319042
Current_Account_Balance_change_yryr% : -0.08688872389401767
Broad_Money_mo12m%_change : -0.5139858366730329
--------------------

