--------------------
id : 5393177103
explain variance ratio : 0.3029599128272685
Weight :
Risk_Premium : -0.4969903435971051
Stock_Prices_mom%_change : -0.21428150967533344
Current_Account_Balance_change_yryr% : -0.3973509761758713
Portfolio_Flows : -0.4131134762441201
Foreign_Exchange_Reserve_over_GDP : -0.6152507541320631
--------------------

