--------------------
id : 5397675113
explain variance ratio : 0.4012494421873552
Weight :
Term_Premium : -0.17476195526527058
Stock_Prices_mom24mma%_change : -0.5723058265853196
Current_Account_Balance_change_yryr% : -0.1985588103634347
Current_Account_Balance_over_GDP : -0.5976233843703258
Foreign_Exchange_Reserve_over_GDP : -0.4953231158841356
--------------------

