--------------------
id : 5397165928
explain variance ratio : 0.3207121048658597
Weight :
Term_Premium : -0.21275835153204198
Stock_Prices_mom%_change : -0.035860082369246205
Stock_Prices_mom24mma%_change : -0.36478522846270356
REER : -0.3496960827610197
Policy_Rate_&_Fed_Funds_Rate_Differential_AVG : -0.5900788470496396
One-Day_Repo_Rate_EOP : -0.5838001489131526
Current_Account_Balance_change_yryr% : -0.06843475260052533
Broad_Money_mo12m%_change : -0.06628235189629161
--------------------

