--------------------
id : 5407555331
explain variance ratio : 0.4248994793637923
Weight :
Risk_Premium : 0.17031860454274972
Stock_Prices_mom24mma%_change : 0.5271405182334317
Current_Account_Balance_change_yryr% : 0.20479238071774858
Foreign_Exchange_Reserve_over_GDP : 0.5679058753840949
Foreign_Exchange_Reserve_change_yryr% : 0.5732865291347613
--------------------

