--------------------
id : 5412894605
explain variance ratio : 0.21746428579466567
Weight :
Term_Premium : -0.06936214596875333
Stock_Market_Volatility : -0.13650516698200665
REER : -0.3805958140137334
Current_Account_Balance_change_yryr% : -0.773597233025448
Portfolio_Flows : -0.48295898325263337
--------------------

