--------------------
id : 5424629510
explain variance ratio : 0.2922155106935188
Weight :
Term_Premium : 0.24643753471773347
Stock_Prices_mom%_change : 0.20464085126737208
Stock_Prices_mom24mma%_change : 0.5594826044947137
One-Day_Repo_Rate_AVG : 0.3548912350724741
REER : 0.0484390786060474
Foreign_Exchange_Reserve_change_yryr% : 0.5265015065191891
Broad_Money_mo12m%_change : 0.18828925668567725
Portfolio_Flows : 0.37870709674487846
--------------------

