--------------------
id : 5432557131
explain variance ratio : 0.4198237513858995
Weight :
Term_Premium : -0.16730352816590935
Stock_Prices_mom%_change : -0.25498350483168175
Current_Account_Balance_over_GDP : -0.5264277581945866
Foreign_Exchange_Reserve_change_yryr% : -0.5803531615422908
Foreign_Exchange_Reserve_over_GDP : -0.5413473607740963
--------------------

