--------------------
id : 5432377583
explain variance ratio : 0.29110049623842954
Weight :
Term_Premium : -0.3620566405155989
Stock_Prices_mom%_change : -0.21310580715682426
REER : -0.23197703452330215
One-Day_Repo_Rate_EOP : -0.5936488177194843
Foreign_Exchange_Reserve_change_yryr% : -0.5012783541230823
Portfolio_Flows : -0.40741704968776754
--------------------

