--------------------
id : 5448465406
explain variance ratio : 0.28512424425331057
Weight :
Term_Premium : -0.30497938998996693
Risk_Premium : -0.1529737370329668
Stock_Prices_mom%_change : -0.2479992060315162
Stock_Market_Volatility : -0.1431499893767021
Current_Account_Balance_over_GDP : -0.5219116536498636
Broad_Money_mo12m%_change : -0.47807756138873975
Portfolio_Flows : -0.41929131628708405
Foreign_Exchange_Reserve_over_GDP : -0.35332130557894126
--------------------

