--------------------
id : 5460078457
explain variance ratio : 0.21139605640850562
Weight :
Term_Premium : -0.2130062017625498
Stock_Market_Volatility : -0.07244046492666117
REER : -0.5956988813890551
Current_Account_Balance_change_yryr% : -0.17929528202020747
One-Day_Repo_Rate_EOP : -0.7260743557526259
Broad_Money_mo12m%_change : -0.05484277684075717
Portfolio_Flows : -0.1794020104564792
--------------------

