--------------------
id : 5469303527
explain variance ratio : 0.3685097367347988
Weight :
Term_Premium : 0.10858357713041969
Stock_Prices_mom%_change : 0.29074854002791006
Stock_Prices_mom24mma%_change : 0.5436934998444862
Current_Account_Balance_change_yryr% : 0.1485114440605833
Foreign_Exchange_Reserve_over_GDP : 0.4964705416604989
Foreign_Exchange_Reserve_change_yryr% : 0.5826951378915272
--------------------

