--------------------
id : 5480870159
explain variance ratio : 0.2946147332361523
Weight :
Term_Premium : -0.1306340495668677
Risk_Premium : -0.467772162545767
Stock_Prices_mom%_change : -0.2079523600994124
Stock_Market_Volatility : -0.1593410829114271
Current_Account_Balance_over_GDP : -0.6250098932292801
Foreign_Exchange_Reserve_over_GDP : -0.552134782125017
--------------------

