--------------------
id : 5488348117
explain variance ratio : 0.2734493386585205
Weight :
Term_Premium : -0.41396902846306316
Risk_Premium : -0.03254643359714515
Stock_Market_Volatility : -0.19201265383972457
Current_Account_Balance_change_yryr% : -0.07600169985935387
Current_Account_Balance_over_GDP : -0.5732140002906944
Broad_Money_mo12m%_change : -0.5584671156916722
Foreign_Exchange_Reserve_change_yryr% : -0.38008610350699945
--------------------

