--------------------
id : 5492259509
explain variance ratio : 0.3557522819072798
Weight :
Risk_Premium : 0.013868363121137942
Stock_Prices_mom24mma%_change : 0.5187720423516051
Current_Account_Balance_change_yryr% : 0.15663377285853977
One-Day_Repo_Rate_EOP : 0.18244176688078662
Foreign_Exchange_Reserve_change_yryr% : 0.6266740232626719
Foreign_Exchange_Reserve_over_GDP : 0.5292860928117955
--------------------

