--------------------
id : 5496293795
explain variance ratio : 0.35386767732180485
Weight :
Term_Premium : -0.2322130477631149
Stock_Prices_mom%_change : -0.12436113990371944
Stock_Prices_mom24mma%_change : -0.39529033695976684
REER : -0.25788516513237947
Policy_Rate_&_Fed_Funds_Rate_Differential_AVG : -0.5051388040967038
One-Day_Repo_Rate_EOP : -0.5192230888976569
Foreign_Exchange_Reserve_change_yryr% : -0.35746770375489234
Portfolio_Flows : -0.2351833577548028
--------------------

