--------------------
id : 5507568185
explain variance ratio : 0.284053519054172
Weight :
Term_Premium : -0.25917054255443317
Stock_Prices_mom%_change : -0.37325830753039657
Current_Account_Balance_change_yryr% : -0.09986300969713297
Current_Account_Balance_over_GDP : -0.5388343981635656
One-Day_Repo_Rate_AVG : -0.009667189772470108
Foreign_Exchange_Reserve_change_yryr% : -0.5108146064011961
Portfolio_Flows : -0.4818388939371923
--------------------

