--------------------
id : 5508191463
explain variance ratio : 0.29813815619564543
Weight :
Term_Premium : 0.12620685848883004
Risk_Premium : 0.020237805759777183
Stock_Prices_mom24mma%_change : 0.5130642655733197
Current_Account_Balance_change_yryr% : 0.12542450296675484
One-Day_Repo_Rate_AVG : 0.14360644809042675
Foreign_Exchange_Reserve_change_yryr% : 0.5655564592303484
Portfolio_Flows : 0.38417807069743576
Foreign_Exchange_Reserve_over_GDP : 0.46543130859509324
--------------------

