--------------------
id : 5510824520
explain variance ratio : 0.3033029573875823
Weight :
Term_Premium : -0.24722149025221088
Stock_Prices_mom%_change : -0.18760517708379787
Stock_Prices_mom24mma%_change : -0.5809612819151024
REER : -0.09285986889677877
One-Day_Repo_Rate_EOP : -0.436257868046631
Foreign_Exchange_Reserve_change_yryr% : -0.5695533314211989
Broad_Money_mo12m%_change : -0.20696603872927777
--------------------

