--------------------
id : 5514930128
explain variance ratio : 0.24347332007191483
Weight :
Term_Premium : -0.2789737737897106
Risk_Premium : -0.2909524876361682
Stock_Prices_mom%_change : -0.3933628021476653
Stock_Market_Volatility : -0.09222515064905185
Current_Account_Balance_over_GDP : -0.6254246167707878
Current_Account_Balance_change_yryr% : -0.16900793199079514
Portfolio_Flows : -0.5045402646087402
--------------------

