--------------------
id : 5533125840
explain variance ratio : 0.2630107029044154
Weight :
Term_Premium : -0.2916332879003804
Stock_Prices_mom%_change : -0.2689342335344451
Stock_Market_Volatility : -0.0642263825214171
Current_Account_Balance_change_yryr% : -0.13257427966314575
Foreign_Exchange_Reserve_change_yryr% : -0.5813839777402797
Broad_Money_mo12m%_change : -0.41916670413738066
Foreign_Exchange_Reserve_over_GDP : -0.5542701328334049
--------------------

