--------------------
id : 5533825168
explain variance ratio : 0.3617580637995329
Weight :
Risk_Premium : -0.23832178669718174
Stock_Prices_mom24mma%_change : -0.47805272888789885
Current_Account_Balance_over_GDP : -0.5213663796975356
Current_Account_Balance_change_yryr% : -0.1607464182319256
Broad_Money_mo12m%_change : -0.3058040971548277
Portfolio_Flows : -0.39231195809335
Foreign_Exchange_Reserve_over_GDP : -0.41180235943383214
--------------------

