--------------------
id : 5551077735
explain variance ratio : 0.29791036710857843
Weight :
Term_Premium : -0.2404179265593791
Stock_Prices_mom24mma%_change : -0.5427214879387232
Stock_Market_Volatility : -0.003586547340707201
Current_Account_Balance_change_yryr% : -0.12991480471287986
One-Day_Repo_Rate_AVG : -0.43963967824697986
REER : -0.17333626746674757
Foreign_Exchange_Reserve_change_yryr% : -0.5283146396364914
Portfolio_Flows : -0.35821365209942435
--------------------

