--------------------
id : 5571364870
explain variance ratio : 0.2932259113030472
Weight :
Term_Premium : -0.20225836435079028
Stock_Market_Volatility : -0.023704907376229045
Current_Account_Balance_change_yryr% : -0.048327267498553754
Policy_Rate_&_Fed_Funds_Rate_Differential_EOP : -0.6305363232575961
One-Day_Repo_Rate_AVG : -0.6263689354613697
REER : -0.3921882154714148
Broad_Money_mo12m%_change : -0.050241512444140796
Portfolio_Flows : -0.0997206219746232
--------------------

