--------------------
id : 5571894724
explain variance ratio : 0.33065445819064826
Weight :
Term_Premium : -0.2624776464056817
Stock_Market_Volatility : -0.23483897168860707
One-Day_Repo_Rate_AVG : -0.7192833623977269
REER : -0.48743427247863924
Foreign_Exchange_Reserve_change_yryr% : -0.34784395510718846
--------------------

