--------------------
id : 5594590470
explain variance ratio : 0.3224875980567123
Weight :
Risk_Premium : -0.1636683548439734
Stock_Prices_mom%_change : -0.22699452834444553
Stock_Market_Volatility : -0.10476652032820793
Current_Account_Balance_over_GDP : -0.5448016653956262
Broad_Money_mo12m%_change : -0.32382763662558534
Foreign_Exchange_Reserve_over_GDP : -0.5181603654306727
Foreign_Exchange_Reserve_change_yryr% : -0.4904556787101773
--------------------

