--------------------
id : 5599558457
explain variance ratio : 0.32509161806878945
Weight :
Risk_Premium : 0.10887114197209052
Stock_Prices_mom%_change : 0.2803035510903061
Stock_Prices_mom24mma%_change : 0.5304562986262388
Current_Account_Balance_change_yryr% : 0.16316672342989416
Foreign_Exchange_Reserve_change_yryr% : 0.5507586310396013
Broad_Money_mo12m%_change : 0.20745033035445576
Foreign_Exchange_Reserve_over_GDP : 0.5051722677225767
--------------------

