--------------------
id : 5617740526
explain variance ratio : 0.336581655448443
Weight :
Term_Premium : -0.32495032415461067
Stock_Prices_mom%_change : -0.4292030546989952
Current_Account_Balance_over_GDP : -0.5791627882218329
One-Day_Repo_Rate_EOP : -0.09857598816663465
Foreign_Exchange_Reserve_change_yryr% : -0.6041897582423487
--------------------

