--------------------
id : 5620836815
explain variance ratio : 0.36183169128814696
Weight :
Risk_Premium : 0.13802144420417603
Stock_Prices_mom24mma%_change : 0.5206602204474047
Current_Account_Balance_change_yryr% : 0.1905967838188241
Foreign_Exchange_Reserve_change_yryr% : 0.5690169352787946
Broad_Money_mo12m%_change : 0.19749742409850785
Foreign_Exchange_Reserve_over_GDP : 0.557449887094576
--------------------

