--------------------
id : 5626819095
explain variance ratio : 0.462796666102673
Weight :
Term_Premium : -0.3329745761213495
Stock_Prices_mom24mma%_change : -0.4636207194326184
Current_Account_Balance_over_GDP : -0.5102886123276991
Broad_Money_mo12m%_change : -0.4536345447744776
Portfolio_Flows : -0.4560756429426074
--------------------

