--------------------
id : 5636888194
explain variance ratio : 0.28409223002893513
Weight :
Term_Premium : -0.21334743274999932
Risk_Premium : -0.36131627215515516
Stock_Prices_mom24mma%_change : -0.5456184129321747
Current_Account_Balance_change_yryr% : -0.28090712905434984
Broad_Money_mo12m%_change : -0.3240984692552248
Foreign_Exchange_Reserve_over_GDP : -0.5850515694852241
--------------------

