--------------------
id : 5641159876
explain variance ratio : 0.37979007699072437
Weight :
Term_Premium : -0.24268195235921225
Stock_Prices_mom24mma%_change : -0.5583883095385247
One-Day_Repo_Rate_AVG : -0.3513990060693374
Broad_Money_mo12m%_change : -0.23948667800736642
Portfolio_Flows : -0.37502026725928506
Foreign_Exchange_Reserve_change_yryr% : -0.5548266706865145
--------------------

