--------------------
id : 5642519582
explain variance ratio : 0.3521492827743415
Weight :
Term_Premium : -0.24583062826050447
Stock_Prices_mom%_change : -0.1891551017233647
Stock_Prices_mom24mma%_change : -0.5836101994109082
One-Day_Repo_Rate_AVG : -0.3970546587871791
Broad_Money_mo12m%_change : -0.24925174539695702
Foreign_Exchange_Reserve_change_yryr% : -0.5860101963247712
--------------------

