--------------------
id : 5643590618
explain variance ratio : 0.3597497542546699
Weight :
Term_Premium : -0.3298696329348794
Risk_Premium : -0.1498602010727027
Stock_Prices_mom%_change : -0.3471955968176845
Stock_Prices_mom24mma%_change : -0.5061278914698747
Current_Account_Balance_over_GDP : -0.5658542140575143
Broad_Money_mo12m%_change : -0.4145198775232375
--------------------

