--------------------
id : 5644144592
explain variance ratio : 0.24852167880242884
Weight :
Term_Premium : -0.4213616751757995
Stock_Prices_mom%_change : -0.2694942698732278
Stock_Market_Volatility : -0.15376211780635224
One-Day_Repo_Rate_AVG : -0.49206042891530666
Foreign_Exchange_Reserve_change_yryr% : -0.5146371532401137
Broad_Money_mo12m%_change : -0.05484504946482875
Portfolio_Flows : -0.4649747774622198
--------------------

