--------------------
id : 5648706112
explain variance ratio : 0.4540648441477078
Weight :
Risk_Premium : -0.13414756275299675
Stock_Prices_mom%_change : -0.3442699012447197
Stock_Prices_mom24mma%_change : -0.5832718510842031
Current_Account_Balance_over_GDP : -0.5330736919723844
Foreign_Exchange_Reserve_change_yryr% : -0.4889877842688112
--------------------

