--------------------
id : 5654608588
explain variance ratio : 0.33350584812875306
Weight :
Risk_Premium : -0.1707666579574051
Stock_Prices_mom%_change : -0.24512747498135554
Stock_Market_Volatility : -0.022627823772422843
Current_Account_Balance_over_GDP : -0.5066129230467389
Portfolio_Flows : -0.3743256587136304
Foreign_Exchange_Reserve_over_GDP : -0.5056306598660804
Foreign_Exchange_Reserve_change_yryr% : -0.5077406172098956
--------------------

