--------------------
id : 5659913512
explain variance ratio : 0.2962411616597365
Weight :
Term_Premium : -0.27946842006444556
Stock_Market_Volatility : -0.09185563826989745
Current_Account_Balance_change_yryr% : -0.15949978081311422
Foreign_Exchange_Reserve_change_yryr% : -0.5921540616471495
Broad_Money_mo12m%_change : -0.41886731676214195
Foreign_Exchange_Reserve_over_GDP : -0.6016007829520743
--------------------

