--------------------
id : 5701182397
explain variance ratio : 0.3333765183847654
Weight :
Term_Premium : -0.2075975722337031
Stock_Prices_mom%_change : -0.2889801506985792
Stock_Prices_mom24mma%_change : -0.5049448054298596
One-Day_Repo_Rate_AVG : -0.19031719204796005
Broad_Money_mo12m%_change : -0.2662307030526977
Foreign_Exchange_Reserve_over_GDP : -0.4372280247649665
Foreign_Exchange_Reserve_change_yryr% : -0.5658239103267664
--------------------

