--------------------
id : 5719544527
explain variance ratio : 0.3807200888670256
Weight :
Term_Premium : -0.2455184920626634
Stock_Prices_mom24mma%_change : -0.47962609081087826
Current_Account_Balance_change_yryr% : -0.085563834199231
Current_Account_Balance_over_GDP : -0.4820412345339121
Foreign_Exchange_Reserve_change_yryr% : -0.4194987181969595
Broad_Money_mo12m%_change : -0.35416719128844076
Portfolio_Flows : -0.4105861512531386
--------------------

