--------------------
id : 5720890589
explain variance ratio : 0.37525802387698987
Weight :
Risk_Premium : 0.14173867206472834
Stock_Prices_mom24mma%_change : 0.5568468214306819
Current_Account_Balance_change_yryr% : 0.15654037358600414
Current_Account_Balance_over_GDP : 0.5729359346484737
Foreign_Exchange_Reserve_change_yryr% : 0.4818324548196794
Broad_Money_mo12m%_change : 0.2913911083275351
--------------------

