--------------------
id : 5723915068
explain variance ratio : 0.3298610777555539
Weight :
Term_Premium : -0.2751319139383665
Stock_Prices_mom%_change : -0.378613330746023
Current_Account_Balance_over_GDP : -0.5297751670662227
One-Day_Repo_Rate_EOP : -0.033828080861238397
Foreign_Exchange_Reserve_change_yryr% : -0.5156866979763377
Portfolio_Flows : -0.48292394696212304
--------------------

