--------------------
id : 5724917705
explain variance ratio : 0.3201074350792941
Weight :
Term_Premium : -0.2122538597944422
Stock_Prices_mom24mma%_change : -0.36075432800149654
Stock_Market_Volatility : -0.014964218760495033
One-Day_Repo_Rate_AVG : -0.5831907184125866
REER : -0.35262697702830637
Current_Account_Balance_change_yryr% : -0.06881491757902271
Policy_Rate_&_Fed_Funds_Rate_Differential_EOP : -0.5925006345276349
Broad_Money_mo12m%_change : -0.06581027442329629
--------------------

