--------------------
id : 5726223673
explain variance ratio : 0.2715417731619531
Weight :
Term_Premium : -0.3946679253331881
Stock_Prices_mom%_change : -0.16250330023481818
Stock_Market_Volatility : -0.029485106491686314
Current_Account_Balance_change_yryr% : -0.11110892368681777
One-Day_Repo_Rate_AVG : -0.6304419541646823
Foreign_Exchange_Reserve_change_yryr% : -0.6380895580773411
--------------------

