--------------------
id : 5740436241
explain variance ratio : 0.423810276492231
Weight :
Risk_Premium : 0.2188832479879511
Stock_Prices_mom%_change : 0.2273952613280527
Current_Account_Balance_over_GDP : 0.5363316762928423
Foreign_Exchange_Reserve_change_yryr% : 0.5369679661559027
Foreign_Exchange_Reserve_over_GDP : 0.5695570693118418
--------------------

