--------------------
id : 5753550057
explain variance ratio : 0.3562650878668045
Weight :
Term_Premium : 0.3223011342502417
Stock_Prices_mom24mma%_change : 0.5081608148164829
Current_Account_Balance_change_yryr% : 0.10117255720924752
One-Day_Repo_Rate_AVG : 0.34948501923966857
Foreign_Exchange_Reserve_change_yryr% : 0.4953766706339914
Broad_Money_mo12m%_change : 0.31081458565314907
Portfolio_Flows : 0.4043700627861672
--------------------

