--------------------
id : 5756098743
explain variance ratio : 0.40671339825722325
Weight :
Term_Premium : -0.18553920534767768
Stock_Prices_mom24mma%_change : -0.5471099913618701
Current_Account_Balance_change_yryr% : -0.11275321781755954
Current_Account_Balance_over_GDP : -0.4996984876940758
Foreign_Exchange_Reserve_change_yryr% : -0.4821541792555469
Portfolio_Flows : -0.41395813958106453
--------------------

