--------------------
id : 5758964077
explain variance ratio : 0.4032479490772123
Weight :
Term_Premium : -0.13161032437337894
Stock_Prices_mom24mma%_change : -0.48331164476893596
Current_Account_Balance_over_GDP : -0.4539734003509627
Current_Account_Balance_change_yryr% : -0.12184358733697537
Portfolio_Flows : -0.34844543098431935
Foreign_Exchange_Reserve_over_GDP : -0.42028789927707355
Foreign_Exchange_Reserve_change_yryr% : -0.4796819069916425
--------------------

