--------------------
id : 5761308762
explain variance ratio : 0.3586124470516898
Weight :
Term_Premium : 0.10945399045339126
Stock_Prices_mom24mma%_change : 0.5166420194463738
Current_Account_Balance_change_yryr% : 0.13678365212849192
One-Day_Repo_Rate_AVG : 0.20930715388906082
Foreign_Exchange_Reserve_change_yryr% : 0.6273389564590103
Foreign_Exchange_Reserve_over_GDP : 0.514808148018633
--------------------

