--------------------
id : 5772327560
explain variance ratio : 0.25463851350872896
Weight :
Term_Premium : -0.37193629576236675
Risk_Premium : -0.01637299624899946
Stock_Market_Volatility : -0.011350032723410064
Current_Account_Balance_over_GDP : -0.6581025923878192
One-Day_Repo_Rate_EOP : -0.06368014597439489
Foreign_Exchange_Reserve_change_yryr% : -0.6512390579093728
--------------------

