--------------------
id : 5784631665
explain variance ratio : 0.25016505156507957
Weight :
Term_Premium : -0.1446467614690349
Risk_Premium : -0.36236263224762133
Stock_Prices_mom%_change : -0.24453274074188847
Stock_Market_Volatility : -0.10309402147517838
Current_Account_Balance_over_GDP : -0.5784794695841242
Current_Account_Balance_change_yryr% : -0.21703240389354336
Portfolio_Flows : -0.39250805415086154
Foreign_Exchange_Reserve_over_GDP : -0.49146908849387083
--------------------

