--------------------
id : 5785750806
explain variance ratio : 0.2745189344354814
Weight :
Term_Premium : -0.4611324737144221
Stock_Prices_mom24mma%_change : -0.5083795913091003
Current_Account_Balance_change_yryr% : -0.1276028572288499
One-Day_Repo_Rate_AVG : -0.03532298743708631
Broad_Money_mo12m%_change : -0.5484885088460991
Foreign_Exchange_Reserve_over_GDP : -0.4588433129901155
--------------------

