--------------------
id : 5793664087
explain variance ratio : 0.22319932185255645
Weight :
Risk_Premium : -0.6786650608243122
Stock_Prices_mom%_change : -0.020616470124544817
Stock_Prices_mom24mma%_change : -0.3629549413646349
REER : -0.42396272007773705
Current_Account_Balance_change_yryr% : -0.361573113368539
Portfolio_Flows : -0.0784048961343827
Velocity_of_Money_mo12m%_change : -0.3010408192427676
--------------------

