--------------------
id : 5799112370
explain variance ratio : 0.3062837258415464
Weight :
Term_Premium : -0.2791083582254769
Stock_Prices_mom%_change : -0.27673914522952814
Current_Account_Balance_change_yryr% : -0.09519437622831911
Broad_Money_mo12m%_change : -0.41878344674542145
Portfolio_Flows : -0.46359203597897153
Foreign_Exchange_Reserve_over_GDP : -0.44307650926704145
Foreign_Exchange_Reserve_change_yryr% : -0.49983803021122836
--------------------

