--------------------
id : 5818310068
explain variance ratio : 0.25375327483798793
Weight :
Term_Premium : -0.518659426075473
Stock_Prices_mom24mma%_change : -0.5097854690963218
Stock_Market_Volatility : -0.1647155499327712
Current_Account_Balance_change_yryr% : -0.11766692857537661
REER : -0.10705017842261588
One-Day_Repo_Rate_EOP : -0.4764062638871164
Broad_Money_mo12m%_change : -0.43784904681875425
--------------------

