--------------------
id : 5825751634
explain variance ratio : 0.40864386674924164
Weight :
Risk_Premium : -0.3050705629971862
Stock_Prices_mom24mma%_change : -0.5794297106393237
Current_Account_Balance_change_yryr% : -0.1994696503343435
Current_Account_Balance_over_GDP : -0.5788650907276823
Portfolio_Flows : -0.44308038475353106
--------------------

