--------------------
id : 5837367151
explain variance ratio : 0.3036089309561787
Weight :
Term_Premium : -0.29359117050629036
Risk_Premium : -0.09650275636102168
Stock_Market_Volatility : -0.01567927441519834
Current_Account_Balance_over_GDP : -0.6038298067084028
Portfolio_Flows : -0.5081064200398833
Foreign_Exchange_Reserve_change_yryr% : -0.5305308976996841
--------------------

