--------------------
id : 5849823231
explain variance ratio : 0.22320129376459422
Weight :
Risk_Premium : -0.7029350882270005
Stock_Market_Volatility : -0.12202338202619356
Current_Account_Balance_change_yryr% : -0.5410409492801984
Current_Account_Balance_over_GDP : -0.42035838345953036
REER : -0.1208337306090605
Velocity_of_Money_mo12m%_change : -0.08345829007688998
--------------------

