--------------------
id : 5852601325
explain variance ratio : 0.2888819135893089
Weight :
Term_Premium : 0.04354421584832912
Risk_Premium : 0.17648753998933647
Stock_Prices_mom%_change : 0.21622074338044353
Current_Account_Balance_change_yryr% : 0.25580133108536995
Foreign_Exchange_Reserve_change_yryr% : 0.6285824686427528
Foreign_Exchange_Reserve_over_GDP : 0.6779781698230484
--------------------

