--------------------
id : 5857024818
explain variance ratio : 0.3294135683012915
Weight :
Term_Premium : -0.3463160726181568
Stock_Prices_mom24mma%_change : -0.5121170722848949
Stock_Market_Volatility : -0.08825106852201833
Current_Account_Balance_change_yryr% : -0.110101935351268
Foreign_Exchange_Reserve_change_yryr% : -0.4703516526893008
Broad_Money_mo12m%_change : -0.3955967581870967
Portfolio_Flows : -0.4692154330173023
--------------------

