--------------------
id : 5857228731
explain variance ratio : 0.20116414076143702
Weight :
Risk_Premium : 0.8354666232981756
Stock_Prices_mom%_change : 0.14494131138321087
Stock_Market_Volatility : 0.012705704416658869
Current_Account_Balance_over_GDP : 0.4824171298103957
REER : 0.14267152438136046
Velocity_of_Money_mo12m%_change : 0.16656725872972683
--------------------

