--------------------
id : 5862254244
explain variance ratio : 0.3592331285833569
Weight :
Term_Premium : -0.5069728163144368
Stock_Prices_mom%_change : -0.3176513138288565
Current_Account_Balance_change_yryr% : -0.01000968078100481
Current_Account_Balance_over_GDP : -0.527555875961901
Broad_Money_mo12m%_change : -0.6030429589753483
--------------------

