--------------------
id : 5877673602
explain variance ratio : 0.35460644783754963
Weight :
Term_Premium : -0.2628630217867688
Stock_Prices_mom%_change : -0.31750815568459
Stock_Prices_mom24mma%_change : -0.5097663725908503
Current_Account_Balance_over_GDP : -0.5023070531982035
One-Day_Repo_Rate_EOP : -0.03510899399586351
Broad_Money_mo12m%_change : -0.3385342283875131
Foreign_Exchange_Reserve_change_yryr% : -0.4495324318494405
--------------------

