--------------------
id : 5877649037
explain variance ratio : 0.4599385595143919
Weight :
Term_Premium : -0.1950709670017299
Stock_Prices_mom%_change : -0.34760961894719633
Stock_Prices_mom24mma%_change : -0.5703415566952863
Current_Account_Balance_over_GDP : -0.5171024470917869
Foreign_Exchange_Reserve_change_yryr% : -0.4984279672796035
--------------------

