--------------------
id : 5879488723
explain variance ratio : 0.35475365531589137
Weight :
Term_Premium : 0.14454834847493353
Stock_Prices_mom%_change : 0.24320341897419095
Current_Account_Balance_over_GDP : 0.5206457409890602
Current_Account_Balance_change_yryr% : 0.1610487921226702
Foreign_Exchange_Reserve_over_GDP : 0.5437847985887664
Foreign_Exchange_Reserve_change_yryr% : 0.5720552977833441
--------------------

