--------------------
id : 5881961818
explain variance ratio : 0.3472795929215101
Weight :
Term_Premium : -0.25612695787193146
Stock_Prices_mom%_change : -0.21284820730865783
Stock_Prices_mom24mma%_change : -0.5663540465190439
One-Day_Repo_Rate_AVG : -0.5025996413109388
REER : -0.19381105445106434
Foreign_Exchange_Reserve_change_yryr% : -0.5274169051281425
--------------------

