--------------------
id : 5901613805
explain variance ratio : 0.37463653988364126
Weight :
Term_Premium : -0.19979678326349998
Stock_Prices_mom24mma%_change : -0.414398311196158
One-Day_Repo_Rate_AVG : -0.5019505830785331
REER : -0.24535522199254278
Policy_Rate_&_Fed_Funds_Rate_Differential_EOP : -0.5016852084873492
Current_Account_Balance_change_yryr% : -0.0775612883511904
Portfolio_Flows : -0.21656010602308734
Foreign_Exchange_Reserve_change_yryr% : -0.41424585800828373
--------------------

