--------------------
id : 5917155129
explain variance ratio : 0.3385817511130469
Weight :
Term_Premium : 0.10806752357021952
Risk_Premium : 0.11824290366463996
Stock_Prices_mom24mma%_change : 0.5207196122916641
Current_Account_Balance_change_yryr% : 0.15570235651315945
Portfolio_Flows : 0.38992839187070294
Foreign_Exchange_Reserve_over_GDP : 0.4911679354087516
Foreign_Exchange_Reserve_change_yryr% : 0.534469639991697
--------------------

