--------------------
id : 5926818045
explain variance ratio : 0.289172724426763
Weight :
Term_Premium : -0.3362762030613
Stock_Prices_mom24mma%_change : -0.4863757640388744
Current_Account_Balance_change_yryr% : -0.10808760427534186
One-Day_Repo_Rate_AVG : -0.007537796646742118
Broad_Money_mo12m%_change : -0.4713798126672291
Portfolio_Flows : -0.5226572515157474
Foreign_Exchange_Reserve_over_GDP : -0.378480716129392
--------------------

