--------------------
id : 5952694048
explain variance ratio : 0.2574971529829669
Weight :
Term_Premium : -0.5344523780768253
Stock_Prices_mom%_change : -0.49896849477563565
Stock_Market_Volatility : -0.029130122413347365
Current_Account_Balance_change_yryr% : -0.11275102673133837
Portfolio_Flows : -0.6721828164484532
--------------------

