--------------------
id : 5952871600
explain variance ratio : 0.35648488084740787
Weight :
Term_Premium : -0.28390883070407286
Risk_Premium : -0.1069281579550938
Stock_Prices_mom%_change : -0.31372714325858436
Stock_Prices_mom24mma%_change : -0.47259420899566595
Current_Account_Balance_over_GDP : -0.49475683651439095
Broad_Money_mo12m%_change : -0.39505109626533974
Portfolio_Flows : -0.4305141602235284
--------------------

