--------------------
id : 5978020423
explain variance ratio : 0.3167159443660775
Weight :
Risk_Premium : -0.583530024584446
Stock_Prices_mom24mma%_change : -0.09335167029899716
REER : -0.5736429025396498
Current_Account_Balance_change_yryr% : -0.27507464671682963
Velocity_of_Money_mo12m%_change : -0.4960301756550306
--------------------

