--------------------
id : 6014423847
explain variance ratio : 0.3148335028666071
Weight :
Term_Premium : -0.2946545575955167
Stock_Prices_mom%_change : -0.34502335074966195
Stock_Market_Volatility : -0.16381318215829055
Current_Account_Balance_over_GDP : -0.6859459195925446
Foreign_Exchange_Reserve_over_GDP : -0.5447761153640815
--------------------

