--------------------
id : 6020415238
explain variance ratio : 0.32096645675159474
Weight :
Term_Premium : -0.30840759311560917
Stock_Prices_mom24mma%_change : -0.5366220546251123
REER : -0.16104765536206883
Current_Account_Balance_change_yryr% : -0.12348121794329103
One-Day_Repo_Rate_EOP : -0.48745314761050706
Broad_Money_mo12m%_change : -0.2218217638121628
Foreign_Exchange_Reserve_change_yryr% : -0.5375147463093939
--------------------

