--------------------
id : 6036896202
explain variance ratio : 0.31914142961792985
Weight :
Risk_Premium : -0.31757529319881755
Stock_Prices_mom24mma%_change : -0.5339245501221934
Stock_Market_Volatility : -0.10371142675081016
Current_Account_Balance_change_yryr% : -0.2153049799292025
Current_Account_Balance_over_GDP : -0.652382321326925
Broad_Money_mo12m%_change : -0.3624300212807818
--------------------

