--------------------
id : 6038011589
explain variance ratio : 0.26031497866790987
Weight :
Risk_Premium : -0.6818391498832564
Stock_Prices_mom24mma%_change : -0.3748392250158764
REER : -0.41224244743942606
Current_Account_Balance_change_yryr% : -0.36574613664049127
Portfolio_Flows : -0.09558178354630488
Velocity_of_Money_mo12m%_change : -0.2859037946439153
--------------------

