--------------------
id : 6048969348
explain variance ratio : 0.3373457072065379
Weight :
Term_Premium : -0.4233145798935611
Stock_Prices_mom%_change : -0.27883909869862233
Stock_Prices_mom24mma%_change : -0.48131763935851385
Current_Account_Balance_change_yryr% : -0.09089985923476876
Broad_Money_mo12m%_change : -0.4848307719415766
Portfolio_Flows : -0.5177481933319124
--------------------

