--------------------
id : 6050533751
explain variance ratio : 0.271541773161953
Weight :
Term_Premium : -0.39466792533318823
Stock_Prices_mom%_change : -0.16250330023481796
Stock_Market_Volatility : -0.029485106491686425
One-Day_Repo_Rate_AVG : -0.6304419541646826
Current_Account_Balance_change_yryr% : -0.1111089236868181
Foreign_Exchange_Reserve_change_yryr% : -0.6380895580773404
--------------------

