--------------------
id : 6062852553
explain variance ratio : 0.34798365450860347
Weight :
Term_Premium : -0.264097296209933
Stock_Prices_mom%_change : -0.2114889231918764
Stock_Prices_mom24mma%_change : -0.5662540062698294
REER : -0.1901326589089416
One-Day_Repo_Rate_EOP : -0.503632702308948
Foreign_Exchange_Reserve_change_yryr% : -0.5244855832778579
--------------------

