--------------------
id : 6067721557
explain variance ratio : 0.2811683229173265
Weight :
Term_Premium : -0.15539857856267428
Stock_Prices_mom%_change : -0.1477700757282978
REER : -0.0962414604086756
Policy_Rate_&_Fed_Funds_Rate_Differential_AVG : -0.6011286650355794
One-Day_Repo_Rate_EOP : -0.6159875523700058
Foreign_Exchange_Reserve_change_yryr% : -0.42397265377026
Portfolio_Flows : -0.14697094450732906
Foreign_Exchange_Reserve_over_GDP : -0.05102216696434131
--------------------

