--------------------
id : 6070712805
explain variance ratio : 0.3861830665015221
Weight :
Term_Premium : -0.3322231445102962
Stock_Prices_mom24mma%_change : -0.4549040558524007
Stock_Market_Volatility : -0.050175033613606854
Current_Account_Balance_over_GDP : -0.5121212365982614
Broad_Money_mo12m%_change : -0.46077553938880683
Portfolio_Flows : -0.4534206540825221
--------------------

