--------------------
id : 6072249244
explain variance ratio : 0.3559300134926877
Weight :
Term_Premium : -0.2517970517018015
Stock_Prices_mom%_change : -0.3142300284930881
Stock_Prices_mom24mma%_change : -0.5107108996196253
Current_Account_Balance_change_yryr% : -0.08576244410729611
Current_Account_Balance_over_GDP : -0.5105204654543857
Foreign_Exchange_Reserve_change_yryr% : -0.4436143936603899
Broad_Money_mo12m%_change : -0.335040353133069
--------------------

