--------------------
id : 6097577347
explain variance ratio : 0.3483742887515628
Weight :
Term_Premium : -0.4020174663714774
Stock_Prices_mom%_change : -0.3063977725807776
Current_Account_Balance_over_GDP : -0.4840977445003232
Current_Account_Balance_change_yryr% : -0.03502854746120454
Broad_Money_mo12m%_change : -0.542357366853953
Portfolio_Flows : -0.4634363202657948
--------------------

