--------------------
id : 6099600559
explain variance ratio : 0.26192090839111437
Weight :
Risk_Premium : -0.6676208931698554
Stock_Prices_mom24mma%_change : -0.2980162312275578
Current_Account_Balance_change_yryr% : -0.34416286272620333
Current_Account_Balance_over_GDP : -0.05244249127530454
REER : -0.45371967473029207
Velocity_of_Money_mo12m%_change : -0.37203337850196794
--------------------

