--------------------
id : 6126756424
explain variance ratio : 0.3542448232217398
Weight :
Term_Premium : -0.23847307231539988
Stock_Prices_mom24mma%_change : -0.3754373160664405
Stock_Market_Volatility : -0.12219867397425355
Policy_Rate_&_Fed_Funds_Rate_Differential_EOP : -0.5193996794245476
REER : -0.27393854816807084
One-Day_Repo_Rate_EOP : -0.5295964287116802
Foreign_Exchange_Reserve_change_yryr% : -0.3352927397468014
Portfolio_Flows : -0.22255998241907812
--------------------

