--------------------
id : 6142139520
explain variance ratio : 0.31793771001539395
Weight :
Term_Premium : -0.23719134154037588
Stock_Prices_mom%_change : -0.1559848003742378
Stock_Prices_mom24mma%_change : -0.5492368527329075
REER : -0.22453862904307947
Current_Account_Balance_change_yryr% : -0.13351149210001667
One-Day_Repo_Rate_EOP : -0.5051860633010269
Foreign_Exchange_Reserve_change_yryr% : -0.5424868810779016
--------------------

