--------------------
id : 6146384267
explain variance ratio : 0.3454743628178144
Weight :
Term_Premium : -0.23244248480344254
Stock_Prices_mom%_change : -0.1070028779164176
Stock_Prices_mom24mma%_change : -0.3573754087813404
Stock_Market_Volatility : -0.1308056437504858
Policy_Rate_&_Fed_Funds_Rate_Differential_EOP : -0.542149123280708
REER : -0.30011608732569195
One-Day_Repo_Rate_EOP : -0.5529332636350561
Foreign_Exchange_Reserve_change_yryr% : -0.31616932861610686
--------------------

