--------------------
id : 6154418526
explain variance ratio : 0.2962687859744185
Weight :
Term_Premium : -0.5358650380108413
Stock_Market_Volatility : -0.25605365605073094
One-Day_Repo_Rate_EOP : -0.22419111503796235
Current_Account_Balance_change_yryr% : -0.03184858604258886
Broad_Money_mo12m%_change : -0.6220295711788942
Portfolio_Flows : -0.4572618618962414
--------------------

