--------------------
id : 6177543386
explain variance ratio : 0.3546064478375499
Weight :
Term_Premium : -0.2628630217867689
Stock_Prices_mom%_change : -0.3175081556845899
Stock_Prices_mom24mma%_change : -0.5097663725908501
Current_Account_Balance_over_GDP : -0.5023070531982035
One-Day_Repo_Rate_EOP : -0.03510899399586359
Foreign_Exchange_Reserve_change_yryr% : -0.44953243184944036
Broad_Money_mo12m%_change : -0.3385342283875137
--------------------

