--------------------
id : 6185391642
explain variance ratio : 0.3979656798709863
Weight :
Term_Premium : -0.2959357227604827
Stock_Prices_mom24mma%_change : -0.580341390384683
Stock_Market_Volatility : -0.050292209144485955
One-Day_Repo_Rate_AVG : -0.4899949104721328
Foreign_Exchange_Reserve_change_yryr% : -0.5770629081923198
--------------------

