--------------------
id : 6188529233
explain variance ratio : 0.32636797820653135
Weight :
Term_Premium : -0.21060242777398086
Stock_Prices_mom%_change : -0.05456868947391136
Stock_Prices_mom24mma%_change : -0.39132812718792803
Current_Account_Balance_change_yryr% : -0.07539182456714164
REER : -0.3366481396087535
Policy_Rate_&_Fed_Funds_Rate_Differential_AVG : -0.5724031287941976
One-Day_Repo_Rate_EOP : -0.5650273692261722
Portfolio_Flows : -0.18334122688244467
--------------------

