--------------------
id : 6189084328
explain variance ratio : 0.29908647404643035
Weight :
Term_Premium : -0.3936710978471222
Risk_Premium : -0.058812346807844085
Stock_Prices_mom%_change : -0.3050212534436918
Current_Account_Balance_change_yryr% : -0.045817878354745295
Current_Account_Balance_over_GDP : -0.49609651572301644
Broad_Money_mo12m%_change : -0.5348378119673654
Portfolio_Flows : -0.4628862641415804
--------------------

