--------------------
id : 6195937599
explain variance ratio : 0.3085256581175064
Weight :
Term_Premium : -0.31690592192810746
Stock_Market_Volatility : -0.05916542178301809
Current_Account_Balance_change_yryr% : -0.18348308616754247
Current_Account_Balance_over_GDP : -0.6860469659660641
Foreign_Exchange_Reserve_change_yryr% : -0.6258942459324308
--------------------

