--------------------
id : 6213959683
explain variance ratio : 0.25479136504277144
Weight :
Term_Premium : -0.28729256877932313
Risk_Premium : -0.25396813764606124
Stock_Prices_mom%_change : -0.21723278354498335
Stock_Market_Volatility : -0.21007050320553938
Current_Account_Balance_change_yryr% : -0.15449967784125518
Current_Account_Balance_over_GDP : -0.582632251867247
Broad_Money_mo12m%_change : -0.46445312900020785
Foreign_Exchange_Reserve_over_GDP : -0.4273128432589003
--------------------

