--------------------
id : 6214179039
explain variance ratio : 0.36825886534917973
Weight :
Risk_Premium : -0.098648918421077
Stock_Prices_mom24mma%_change : -0.5110155231860394
Current_Account_Balance_over_GDP : -0.5052324718599135
Current_Account_Balance_change_yryr% : -0.12263079068878718
Broad_Money_mo12m%_change : -0.3092047722744674
Portfolio_Flows : -0.4166099423639541
Foreign_Exchange_Reserve_change_yryr% : -0.4355019279369634
--------------------

