--------------------
id : 6252117242
explain variance ratio : 0.3283981518163931
Weight :
Risk_Premium : 0.21321383077197117
Stock_Market_Volatility : 0.04412464302518326
Current_Account_Balance_change_yryr% : 0.18878760502168693
Current_Account_Balance_over_GDP : 0.5078100339480174
Foreign_Exchange_Reserve_change_yryr% : 0.4966332916845425
Portfolio_Flows : 0.35060975216605916
Foreign_Exchange_Reserve_over_GDP : 0.5380606500516103
--------------------

