--------------------
id : 6253206622
explain variance ratio : 0.3623842852196458
Weight :
Risk_Premium : 0.5017105428292156
Stock_Market_Volatility : 0.17812118695340906
Current_Account_Balance_over_GDP : 0.5613731525771997
Current_Account_Balance_change_yryr% : 0.3062316682709133
Foreign_Exchange_Reserve_over_GDP : 0.5546545978227105
--------------------

