--------------------
id : 6285862854
explain variance ratio : 0.3284784902815325
Weight :
Risk_Premium : -0.37419842378178797
Stock_Prices_mom%_change : -0.39423638136562633
Current_Account_Balance_change_yryr% : -0.24829278108394892
Current_Account_Balance_over_GDP : -0.6283746316577494
Portfolio_Flows : -0.4980454119832323
--------------------

