--------------------
id : 6291940824
explain variance ratio : 0.31481695042217905
Weight :
Term_Premium : -0.2381746065251619
Risk_Premium : -0.10207791988079828
Stock_Market_Volatility : -0.08690837796694384
Current_Account_Balance_over_GDP : -0.49645926034359256
Foreign_Exchange_Reserve_change_yryr% : -0.43566759180902165
Broad_Money_mo12m%_change : -0.38850741270089306
Portfolio_Flows : -0.3841657757077033
Foreign_Exchange_Reserve_over_GDP : -0.43646361616556784
--------------------

