--------------------
id : 6291882975
explain variance ratio : 0.22005948278959983
Weight :
Term_Premium : 0.2450035482270309
Risk_Premium : 0.013751237389903137
Stock_Prices_mom24mma%_change : 0.6243446366305517
Current_Account_Balance_change_yryr% : 0.13998931962016956
One-Day_Repo_Rate_AVG : 0.1585210618701275
Policy_Rate_&_Fed_Funds_Rate_Differential_AVG : 0.13393663677814255
Portfolio_Flows : 0.5452294683080003
Foreign_Exchange_Reserve_over_GDP : 0.43593325990346293
--------------------

