--------------------
id : 6301936910
explain variance ratio : 0.3352665864236331
Weight :
Term_Premium : -0.39049719702006486
Stock_Prices_mom%_change : -0.2797467842836997
Stock_Prices_mom24mma%_change : -0.5720235781293088
Current_Account_Balance_change_yryr% : -0.12254438758273618
Broad_Money_mo12m%_change : -0.38143714736763634
Foreign_Exchange_Reserve_change_yryr% : -0.5305952106328862
--------------------

