--------------------
id : 6303249313
explain variance ratio : 0.3553757148228583
Weight :
Term_Premium : -0.47612693472886786
Risk_Premium : -0.08176958032656167
Stock_Market_Volatility : -0.2869514598023758
Current_Account_Balance_over_GDP : -0.5371609109140554
Broad_Money_mo12m%_change : -0.6290738376869431
--------------------

