--------------------
id : 6306858109
explain variance ratio : 0.3285522430969643
Weight :
Term_Premium : -0.24659702637022307
Stock_Prices_mom24mma%_change : -0.3972694141629828
Policy_Rate_&_Fed_Funds_Rate_Differential_AVG : -0.5626247606946702
REER : -0.3023309833004494
Current_Account_Balance_change_yryr% : -0.07338187862242429
One-Day_Repo_Rate_EOP : -0.5534967805101526
Broad_Money_mo12m%_change : -0.12983287693171258
Portfolio_Flows : -0.21169816311953796
--------------------

