--------------------
id : 6309522882
explain variance ratio : 0.3798167213726752
Weight :
Term_Premium : -0.2490160609706234
Risk_Premium : -0.060704522065764044
Stock_Prices_mom24mma%_change : -0.48160832228155365
Current_Account_Balance_over_GDP : -0.48852520691892565
Broad_Money_mo12m%_change : -0.35293622844865424
Portfolio_Flows : -0.41067358032407686
Foreign_Exchange_Reserve_change_yryr% : -0.41289918571687045
--------------------

