--------------------
id : 6322328464
explain variance ratio : 0.322572771093629
Weight :
Term_Premium : -0.24415757092088974
Stock_Market_Volatility : -0.11635062943593777
Current_Account_Balance_over_GDP : -0.5267445171950391
Current_Account_Balance_change_yryr% : -0.13020013336925357
Broad_Money_mo12m%_change : -0.3933117321571067
Foreign_Exchange_Reserve_over_GDP : -0.4903993231597063
Foreign_Exchange_Reserve_change_yryr% : -0.48708534740797244
--------------------

