--------------------
id : 6336596620
explain variance ratio : 0.35637596308069774
Weight :
Term_Premium : -0.1985755264622936
Stock_Prices_mom24mma%_change : -0.48327748394485426
Current_Account_Balance_change_yryr% : -0.1144622156842362
Broad_Money_mo12m%_change : -0.3081097036946794
Portfolio_Flows : -0.4174521926667232
Foreign_Exchange_Reserve_over_GDP : -0.4365823704819632
Foreign_Exchange_Reserve_change_yryr% : -0.5040902162253115
--------------------

