--------------------
id : 6337944346
explain variance ratio : 0.33424384924613937
Weight :
Term_Premium : -0.1758412094724648
Stock_Prices_mom%_change : -0.26274207715120623
Stock_Market_Volatility : -0.006014100945988268
Current_Account_Balance_over_GDP : -0.4932824116210288
Portfolio_Flows : -0.391716455531687
Foreign_Exchange_Reserve_over_GDP : -0.47336584867931447
Foreign_Exchange_Reserve_change_yryr% : -0.5283613864491695
--------------------

