--------------------
id : 6367595040
explain variance ratio : 0.3225704193323494
Weight :
Term_Premium : -0.39759813354905404
Stock_Prices_mom%_change : -0.2758822162980099
Current_Account_Balance_change_yryr% : -0.0940823928180266
Current_Account_Balance_over_GDP : -0.5688449217569395
Broad_Money_mo12m%_change : -0.5380650321957706
Foreign_Exchange_Reserve_over_GDP : -0.3792818297914465
--------------------

