--------------------
id : 6390808501
explain variance ratio : 0.38385542367671543
Weight :
Term_Premium : -0.1970310250223537
Stock_Prices_mom%_change : -0.34742907794721556
Stock_Prices_mom24mma%_change : -0.5700417222118033
Current_Account_Balance_over_GDP : -0.5032258525023935
One-Day_Repo_Rate_AVG : -0.055211140144867166
Foreign_Exchange_Reserve_change_yryr% : -0.5091558870231522
--------------------

