--------------------
id : 6391463562
explain variance ratio : 0.4336350153790172
Weight :
Term_Premium : -0.18464383718341917
Stock_Prices_mom%_change : -0.3181158870204448
Stock_Prices_mom24mma%_change : -0.5306640009801953
Current_Account_Balance_over_GDP : -0.4690633211543551
Portfolio_Flows : -0.3985212366320293
Foreign_Exchange_Reserve_change_yryr% : -0.451956943281099
--------------------

