--------------------
id : 6399171753
explain variance ratio : 0.29998046747353196
Weight :
Term_Premium : -0.16762470033739246
Stock_Prices_mom%_change : -0.2543345295756355
Stock_Market_Volatility : -0.01772094555966243
One-Day_Repo_Rate_AVG : -0.017465724190792342
Current_Account_Balance_over_GDP : -0.5232330388904569
Foreign_Exchange_Reserve_over_GDP : -0.5411036487782952
Foreign_Exchange_Reserve_change_yryr% : -0.5831216440517144
--------------------

