--------------------
id : 6411543901
explain variance ratio : 0.2771907936940736
Weight :
Term_Premium : -0.19420441990598053
Stock_Prices_mom%_change : -0.3999542823853727
Stock_Prices_mom24mma%_change : -0.5991495140519261
One-Day_Repo_Rate_AVG : -0.015214569442832171
Current_Account_Balance_change_yryr% : -0.1455505412200639
Portfolio_Flows : -0.5138353123307521
Foreign_Exchange_Reserve_over_GDP : -0.3973636920141277
--------------------

