--------------------
id : 6423462366
explain variance ratio : 0.32092955954807795
Weight :
Term_Premium : -0.5772639596084952
Stock_Market_Volatility : -0.34152056388103913
Current_Account_Balance_change_yryr% : -0.032671067348957375
Foreign_Exchange_Reserve_change_yryr% : -0.33127987573928697
Broad_Money_mo12m%_change : -0.6628093773264987
--------------------

