--------------------
id : 6428849819
explain variance ratio : 0.3435031420411782
Weight :
Term_Premium : 0.26714651619124435
Stock_Prices_mom%_change : 0.20224257651944422
Stock_Prices_mom24mma%_change : 0.5470296857288282
One-Day_Repo_Rate_AVG : 0.37874819440617247
Current_Account_Balance_change_yryr% : 0.11455625655158104
Portfolio_Flows : 0.38680532134648493
Foreign_Exchange_Reserve_change_yryr% : 0.5313167743992966
--------------------

