--------------------
id : 6431320087
explain variance ratio : 0.3115239620884692
Weight :
Term_Premium : 0.10183787406387357
Risk_Premium : 0.33726814144306544
Stock_Prices_mom24mma%_change : 0.5689148243603248
Current_Account_Balance_change_yryr% : 0.25445166299607336
Portfolio_Flows : 0.45987827212998095
Foreign_Exchange_Reserve_over_GDP : 0.5253394110649119
--------------------

