--------------------
id : 6436335481
explain variance ratio : 0.2760935247440084
Weight :
Term_Premium : -0.34546835444721563
Risk_Premium : -0.02240250361497642
Stock_Market_Volatility : -0.11767971415626646
Current_Account_Balance_over_GDP : -0.5138417190858652
Current_Account_Balance_change_yryr% : -0.07279777846185789
Broad_Money_mo12m%_change : -0.5035133859169124
Portfolio_Flows : -0.44614370018831506
Foreign_Exchange_Reserve_change_yryr% : -0.3799979854500289
--------------------

