--------------------
id : 6444642069
explain variance ratio : 0.2777764594233286
Weight :
Term_Premium : -0.290437430388321
Stock_Prices_mom%_change : -0.1465355918657666
Stock_Market_Volatility : -0.2581170233224022
One-Day_Repo_Rate_AVG : -0.7038648732327368
REER : -0.45769157816247874
Foreign_Exchange_Reserve_change_yryr% : -0.3502023431180376
--------------------

