--------------------
id : 6469199580
explain variance ratio : 0.35923312858335693
Weight :
Term_Premium : -0.5069728163144364
Stock_Prices_mom%_change : -0.3176513138288565
Current_Account_Balance_over_GDP : -0.5275558759619012
Current_Account_Balance_change_yryr% : -0.01000968078100517
Broad_Money_mo12m%_change : -0.6030429589753483
--------------------

