--------------------
id : 6471098625
explain variance ratio : 0.2952877934061831
Weight :
Term_Premium : -0.5330667371069606
Stock_Market_Volatility : -0.2603782068009063
One-Day_Repo_Rate_AVG : -0.20782522326644254
Current_Account_Balance_change_yryr% : -0.031661866607715715
Broad_Money_mo12m%_change : -0.6258911279779853
Portfolio_Flows : -0.46055351687822066
--------------------

