--------------------
id : 6481261370
explain variance ratio : 0.3693215284981274
Weight :
Risk_Premium : -0.11470716859489212
Stock_Prices_mom%_change : -0.31091934713516634
Stock_Prices_mom24mma%_change : -0.5404828586770015
Current_Account_Balance_over_GDP : -0.48128936872168215
Current_Account_Balance_change_yryr% : -0.12187048819019006
Portfolio_Flows : -0.39196295912267115
Foreign_Exchange_Reserve_change_yryr% : -0.44488523336461694
--------------------

