--------------------
id : 6499918969
explain variance ratio : 0.36010891482489654
Weight :
Risk_Premium : -0.03295786690374623
Stock_Prices_mom%_change : -0.3333525733438989
Current_Account_Balance_over_GDP : -0.527945051950371
Broad_Money_mo12m%_change : -0.42919761163895986
Portfolio_Flows : -0.48079917402446143
Foreign_Exchange_Reserve_change_yryr% : -0.4400970658798852
--------------------

