--------------------
id : 6499687742
explain variance ratio : 0.5135955457372092
Weight :
Risk_Premium : 0.18987473895007803
Stock_Prices_mom24mma%_change : 0.4971962230622754
Current_Account_Balance_over_GDP : 0.49172250000786333
Foreign_Exchange_Reserve_over_GDP : 0.4825283514241892
Foreign_Exchange_Reserve_change_yryr% : 0.4920557614123806
--------------------

