--------------------
id : 6524459362
explain variance ratio : 0.27463273190867815
Weight :
Term_Premium : -0.4658334951194797
Stock_Prices_mom24mma%_change : -0.5067153817743747
Current_Account_Balance_change_yryr% : -0.12224419634347422
One-Day_Repo_Rate_EOP : -0.0497912324789567
Broad_Money_mo12m%_change : -0.549814463074662
Foreign_Exchange_Reserve_over_GDP : -0.454444630863326
--------------------

