--------------------
id : 6528456191
explain variance ratio : 0.425803357652263
Weight :
Term_Premium : -0.19143910063130964
Stock_Prices_mom24mma%_change : -0.44775877503064965
Current_Account_Balance_over_GDP : -0.45174550703216626
Foreign_Exchange_Reserve_change_yryr% : -0.43909161229984217
Broad_Money_mo12m%_change : -0.2994249338277244
Portfolio_Flows : -0.36087695588013263
Foreign_Exchange_Reserve_over_GDP : -0.38223060413009113
--------------------

