--------------------
id : 6538922962
explain variance ratio : 0.4016301353999024
Weight :
Term_Premium : -0.2546769785741247
Stock_Prices_mom24mma%_change : -0.5914073977186813
Current_Account_Balance_over_GDP : -0.5700929513553403
Current_Account_Balance_change_yryr% : -0.13181234069297504
Portfolio_Flows : -0.4929467112822319
--------------------

