--------------------
id : 6550782113
explain variance ratio : 0.36825886534917995
Weight :
Risk_Premium : -0.09864891842107622
Stock_Prices_mom24mma%_change : -0.5110155231860396
Current_Account_Balance_change_yryr% : -0.1226307906887879
Current_Account_Balance_over_GDP : -0.5052324718599132
Foreign_Exchange_Reserve_change_yryr% : -0.43550192793696413
Broad_Money_mo12m%_change : -0.3092047722744677
Portfolio_Flows : -0.4166099423639542
--------------------

