--------------------
id : 6554145610
explain variance ratio : 0.3919532712445583
Weight :
Term_Premium : -0.2802291050640721
Stock_Prices_mom24mma%_change : -0.5482114465183692
Current_Account_Balance_change_yryr% : -0.12254139331741358
One-Day_Repo_Rate_EOP : -0.4082106628338414
Foreign_Exchange_Reserve_change_yryr% : -0.5411209283899587
Portfolio_Flows : -0.3827161625959893
--------------------

