--------------------
id : 6557685496
explain variance ratio : 0.24403688917528496
Weight :
Term_Premium : 0.010515512977676495
Risk_Premium : 0.5256864492114498
Stock_Market_Volatility : 0.2946813870093604
Current_Account_Balance_change_yryr% : 0.4359646800593021
Broad_Money_mo12m%_change : 0.25099020946984835
Foreign_Exchange_Reserve_over_GDP : 0.6193906471231104
--------------------

