--------------------
id : 6559678344
explain variance ratio : 0.3274875905696904
Weight :
Term_Premium : -0.2871177352494163
Stock_Prices_mom%_change : -0.24532023326847197
Stock_Prices_mom24mma%_change : -0.5541827198250184
Stock_Market_Volatility : -0.08976350056290577
One-Day_Repo_Rate_AVG : -0.3752168555392466
Portfolio_Flows : -0.3973444242054505
Foreign_Exchange_Reserve_change_yryr% : -0.49349279238958105
--------------------

