--------------------
id : 6560901552
explain variance ratio : 0.3860056682230029
Weight :
Term_Premium : -0.28969562329366255
Stock_Prices_mom24mma%_change : -0.5152113315289901
Stock_Market_Volatility : -0.002183353369954913
Current_Account_Balance_over_GDP : -0.5430099456728821
Foreign_Exchange_Reserve_change_yryr% : -0.46637297195295435
Broad_Money_mo12m%_change : -0.3718405741830569
--------------------

