--------------------
id : 6570897488
explain variance ratio : 0.2923383786416644
Weight :
Risk_Premium : -0.15932139156506933
Stock_Market_Volatility : -0.25828073258388556
Current_Account_Balance_over_GDP : -0.6624225201840395
Current_Account_Balance_change_yryr% : -0.2029671290710447
Broad_Money_mo12m%_change : -0.49340999561824905
Foreign_Exchange_Reserve_change_yryr% : -0.4294823428959389
--------------------

