--------------------
id : 6579790108
explain variance ratio : 0.34786921235220963
Weight :
Term_Premium : -0.20207420400165527
Risk_Premium : -0.26821509749351
Stock_Prices_mom24mma%_change : -0.5713654125302015
Current_Account_Balance_over_GDP : -0.5765082646484914
Current_Account_Balance_change_yryr% : -0.16447694247795805
Portfolio_Flows : -0.4487246361666854
--------------------

