--------------------
id : 6582447099
explain variance ratio : 0.2615452521457327
Weight :
Term_Premium : 0.1894344726970007
Stock_Prices_mom%_change : 0.25522762432628443
One-Day_Repo_Rate_AVG : 0.2805636736352903
Policy_Rate_&_Fed_Funds_Rate_Differential_AVG : 0.21640025072421162
Current_Account_Balance_change_yryr% : 0.07402015819891619
Current_Account_Balance_over_GDP : 0.3702252278062471
Foreign_Exchange_Reserve_change_yryr% : 0.6456087429719861
Foreign_Exchange_Reserve_over_GDP : 0.46267920283031005
--------------------

