--------------------
id : 6583641401
explain variance ratio : 0.3153574180980151
Weight :
Term_Premium : -0.3029347544333996
Stock_Prices_mom%_change : -0.26750410230582966
One-Day_Repo_Rate_AVG : -0.27763447440947964
Foreign_Exchange_Reserve_change_yryr% : -0.6161536661337385
Broad_Money_mo12m%_change : -0.37176376739474687
Foreign_Exchange_Reserve_over_GDP : -0.49166812931866805
--------------------

