--------------------
id : 6591773031
explain variance ratio : 0.28072798485758566
Weight :
Term_Premium : -0.3048293073269207
Risk_Premium : -0.09995746343174727
Stock_Prices_mom%_change : -0.4228844979199292
Stock_Market_Volatility : -0.010223999508830975
Current_Account_Balance_over_GDP : -0.6408060768261175
Foreign_Exchange_Reserve_change_yryr% : -0.5545442651895818
--------------------

