--------------------
id : 6635597723
explain variance ratio : 0.34506133242506454
Weight :
Term_Premium : -0.22674681084748005
Stock_Prices_mom%_change : -0.1076535189631932
Stock_Prices_mom24mma%_change : -0.3566378192819902
Stock_Market_Volatility : -0.130542640573273
Policy_Rate_&_Fed_Funds_Rate_Differential_AVG : -0.5417241372785437
REER : -0.3032983360031962
One-Day_Repo_Rate_EOP : -0.5534212107285115
Foreign_Exchange_Reserve_change_yryr% : -0.3178596080954329
--------------------

