--------------------
id : 6653280757
explain variance ratio : 0.300082417981141
Weight :
Term_Premium : -0.1404396163159239
Risk_Premium : -0.16755685977042062
Stock_Prices_mom%_change : -0.239244472329401
Current_Account_Balance_over_GDP : -0.5017352165170164
Current_Account_Balance_change_yryr% : -0.15081316733732897
Portfolio_Flows : -0.3707720279689376
Foreign_Exchange_Reserve_over_GDP : -0.4899314376573941
Foreign_Exchange_Reserve_change_yryr% : -0.492925903263162
--------------------

