--------------------
id : 6655190160
explain variance ratio : 0.3755724888995332
Weight :
Term_Premium : -0.20390602902770857
Stock_Prices_mom24mma%_change : -0.4143523822841284
Current_Account_Balance_change_yryr% : -0.07716848941272954
Policy_Rate_&_Fed_Funds_Rate_Differential_EOP : -0.5017472761230994
REER : -0.24260938608717403
One-Day_Repo_Rate_EOP : -0.5032279719435081
Foreign_Exchange_Reserve_change_yryr% : -0.4126264361755692
Portfolio_Flows : -0.21603436757030914
--------------------

