--------------------
id : 6668507602
explain variance ratio : 0.3254652341830359
Weight :
Term_Premium : -0.20082269696315727
Stock_Prices_mom24mma%_change : -0.38172762196897847
Stock_Market_Volatility : -0.005271795119832549
One-Day_Repo_Rate_AVG : -0.5691225017503623
REER : -0.3471745053734674
Policy_Rate_&_Fed_Funds_Rate_Differential_AVG : -0.5773465810047862
Current_Account_Balance_change_yryr% : -0.07559646607155723
Portfolio_Flows : -0.1745050593141597
--------------------

