--------------------
id : 6678322489
explain variance ratio : 0.31255056539526754
Weight :
Risk_Premium : -0.49564538856468476
Stock_Market_Volatility : -0.21431600640876258
Current_Account_Balance_change_yryr% : -0.33539937410079157
Current_Account_Balance_over_GDP : -0.6500512735331854
Portfolio_Flows : -0.4163470905653634
--------------------

