--------------------
id : 6688449437
explain variance ratio : 0.3390722760734026
Weight :
Risk_Premium : -0.1848839354146742
Stock_Prices_mom%_change : -0.2335421734732061
Current_Account_Balance_over_GDP : -0.4992299804795073
Current_Account_Balance_change_yryr% : -0.16869694297245486
Portfolio_Flows : -0.36412195018011606
Foreign_Exchange_Reserve_over_GDP : -0.5047159280879172
Foreign_Exchange_Reserve_change_yryr% : -0.49624972442164084
--------------------

