--------------------
id : 6708113194
explain variance ratio : 0.3196301052030073
Weight :
Term_Premium : -0.26786309195142355
Stock_Prices_mom24mma%_change : -0.5493125198163583
Stock_Market_Volatility : -0.08586718316901093
One-Day_Repo_Rate_AVG : -0.4452670871782687
REER : -0.1542240573544948
Portfolio_Flows : -0.3778604064335423
Foreign_Exchange_Reserve_change_yryr% : -0.5042872404261487
--------------------

