--------------------
id : 6718540613
explain variance ratio : 0.29052040689935116
Weight :
Term_Premium : -0.3479497764510211
Stock_Prices_mom%_change : -0.21388429813332233
One-Day_Repo_Rate_AVG : -0.5955751770340686
REER : -0.2411298906949046
Portfolio_Flows : -0.4063359929062968
Foreign_Exchange_Reserve_change_yryr% : -0.5051951160322672
--------------------

