--------------------
id : 6725400325
explain variance ratio : 0.3923928643395175
Weight :
Risk_Premium : 0.1304102416376686
Stock_Prices_mom24mma%_change : 0.5200552304684269
Current_Account_Balance_change_yryr% : 0.16866054312757028
Portfolio_Flows : 0.38375609935462657
Foreign_Exchange_Reserve_over_GDP : 0.5001321154267804
Foreign_Exchange_Reserve_change_yryr% : 0.535432974943835
--------------------

