--------------------
id : 6726741322
explain variance ratio : 0.2975144284345208
Weight :
Term_Premium : -0.5105551589160809
Stock_Market_Volatility : -0.19644932405321758
Current_Account_Balance_change_yryr% : -0.06364351521432134
One-Day_Repo_Rate_EOP : -0.47921114625938493
Foreign_Exchange_Reserve_change_yryr% : -0.49905075167528556
Broad_Money_mo12m%_change : -0.4669000110382022
--------------------

