--------------------
id : 6735210632
explain variance ratio : 0.38005337904944514
Weight :
Term_Premium : -0.13975584879529798
Stock_Prices_mom%_change : -0.2595062592858829
Stock_Prices_mom24mma%_change : -0.5044672746077031
Current_Account_Balance_over_GDP : -0.467105600894898
One-Day_Repo_Rate_AVG : -0.02852074680782188
Foreign_Exchange_Reserve_change_yryr% : -0.5070238358984067
Foreign_Exchange_Reserve_over_GDP : -0.42727429996880945
--------------------

