--------------------
id : 6755730077
explain variance ratio : 0.25375327483798793
Weight :
Term_Premium : -0.51865942607547
Stock_Prices_mom24mma%_change : -0.5097854690963242
Stock_Market_Volatility : -0.1647155499327688
REER : -0.10705017842262332
Current_Account_Balance_change_yryr% : -0.1176669285753783
One-Day_Repo_Rate_EOP : -0.4764062638871216
Broad_Money_mo12m%_change : -0.43784904681874887
--------------------

