--------------------
id : 6763155142
explain variance ratio : 0.3154579027721153
Weight :
Term_Premium : -0.34793051331074054
Stock_Market_Volatility : -0.11635309904383839
Current_Account_Balance_change_yryr% : -0.06927602735232227
Current_Account_Balance_over_GDP : -0.5096346119089719
Foreign_Exchange_Reserve_change_yryr% : -0.3822460756805644
Broad_Money_mo12m%_change : -0.5055279385964809
Portfolio_Flows : -0.4463285220037947
--------------------

