--------------------
id : 6772326125
explain variance ratio : 0.334247764215502
Weight :
Term_Premium : -0.17638612136553028
Stock_Prices_mom%_change : -0.2631343142916569
Current_Account_Balance_over_GDP : -0.4910234331330172
One-Day_Repo_Rate_AVG : -0.008029426574152732
Foreign_Exchange_Reserve_change_yryr% : -0.5303646289401563
Portfolio_Flows : -0.39171780369501885
Foreign_Exchange_Reserve_over_GDP : -0.4730225236630511
--------------------

