--------------------
id : 6773121610
explain variance ratio : 0.37981672137267536
Weight :
Term_Premium : -0.24901606097062368
Risk_Premium : -0.06070452206576471
Stock_Prices_mom24mma%_change : -0.48160832228155387
Current_Account_Balance_over_GDP : -0.48852520691892565
Foreign_Exchange_Reserve_change_yryr% : -0.4128991857168704
Broad_Money_mo12m%_change : -0.3529362284486539
Portfolio_Flows : -0.41067358032407675
--------------------

