--------------------
id : 6782927365
explain variance ratio : 0.3213393704993527
Weight :
Term_Premium : -0.23133918184133442
Stock_Prices_mom%_change : -0.07944882721198743
Stock_Market_Volatility : -0.16228240723156956
Policy_Rate_&_Fed_Funds_Rate_Differential_AVG : -0.5904714263318074
One-Day_Repo_Rate_AVG : -0.5903295406588412
REER : -0.35134104810476674
Portfolio_Flows : -0.16503094826613246
Foreign_Exchange_Reserve_change_yryr% : -0.25693047550840786
--------------------

