--------------------
id : 6786397191
explain variance ratio : 0.26029465523144846
Weight :
Term_Premium : 0.2847275328494719
Stock_Market_Volatility : 0.02578125476057891
Current_Account_Balance_change_yryr% : 0.08784362531250903
One-Day_Repo_Rate_AVG : 0.17076428201992327
Foreign_Exchange_Reserve_change_yryr% : 0.5424154502198147
Broad_Money_mo12m%_change : 0.41483183050491035
Portfolio_Flows : 0.4424922911594644
Foreign_Exchange_Reserve_over_GDP : 0.4682832694489816
--------------------

