--------------------
id : 6790467636
explain variance ratio : 0.35861244705169015
Weight :
Term_Premium : 0.10945399045339044
Stock_Prices_mom24mma%_change : 0.5166420194463737
One-Day_Repo_Rate_AVG : 0.20930715388906057
Current_Account_Balance_change_yryr% : 0.13678365212849325
Foreign_Exchange_Reserve_over_GDP : 0.5148081480186334
Foreign_Exchange_Reserve_change_yryr% : 0.6273389564590102
--------------------

