--------------------
id : 6808287802
explain variance ratio : 0.3310916874216892
Weight :
Term_Premium : -0.18479640202214834
Stock_Prices_mom%_change : -0.3418169189782003
Stock_Prices_mom24mma%_change : -0.5694144631619098
Current_Account_Balance_change_yryr% : -0.1058683604883574
Current_Account_Balance_over_GDP : -0.5067917612088166
One-Day_Repo_Rate_AVG : -0.04087472086913943
Foreign_Exchange_Reserve_change_yryr% : -0.5050365442759527
--------------------

