--------------------
id : 6817488099
explain variance ratio : 0.29675715828690785
Weight :
Term_Premium : -0.4957056799330744
Stock_Prices_mom%_change : -0.22947444869907319
Stock_Market_Volatility : -0.24836190378039236
Current_Account_Balance_change_yryr% : -0.022183290012901237
Broad_Money_mo12m%_change : -0.6365338169192776
Portfolio_Flows : -0.48401066371445123
--------------------

