--------------------
id : 6824495615
explain variance ratio : 0.25303305567663975
Weight :
Term_Premium : -0.3362855638494472
Stock_Prices_mom24mma%_change : -0.4848277750635577
Stock_Market_Volatility : -0.00784119414710642
Current_Account_Balance_change_yryr% : -0.10841389666324824
One-Day_Repo_Rate_AVG : -0.00625388394562898
Broad_Money_mo12m%_change : -0.4730200946918284
Portfolio_Flows : -0.5224188869286108
Foreign_Exchange_Reserve_over_GDP : -0.3785899844047873
--------------------

