--------------------
id : 6824167349
explain variance ratio : 0.4012494421873549
Weight :
Term_Premium : -0.17476195526527022
Stock_Prices_mom24mma%_change : -0.5723058265853191
Current_Account_Balance_over_GDP : -0.5976233843703257
Current_Account_Balance_change_yryr% : -0.19855881036343542
Foreign_Exchange_Reserve_over_GDP : -0.4953231158841356
--------------------

