--------------------
id : 6844029238
explain variance ratio : 0.38569471086518076
Weight :
Term_Premium : -0.12539255165674776
Risk_Premium : -0.15700591350532178
Stock_Prices_mom%_change : -0.24739017765142096
Stock_Prices_mom24mma%_change : -0.49942732661036
Current_Account_Balance_over_GDP : -0.4812786339771167
Foreign_Exchange_Reserve_over_GDP : -0.43723046201684185
Foreign_Exchange_Reserve_change_yryr% : -0.4756014046567316
--------------------

