--------------------
id : 6847058238
explain variance ratio : 0.2493094362653943
Weight :
Term_Premium : -0.4385678308712432
Stock_Prices_mom%_change : -0.27615968009980507
Stock_Market_Volatility : -0.18279099868874657
One-Day_Repo_Rate_EOP : -0.49826210111125435
Foreign_Exchange_Reserve_change_yryr% : -0.48752049564758837
Broad_Money_mo12m%_change : -0.019604902245027228
Portfolio_Flows : -0.4600606833213712
--------------------

