--------------------
id : 6866803743
explain variance ratio : 0.251168814720092
Weight :
Term_Premium : -0.5140010167414253
Stock_Prices_mom%_change : -0.4923294213088627
Stock_Market_Volatility : -0.0170901707674046
Current_Account_Balance_change_yryr% : -0.2018301686500233
Foreign_Exchange_Reserve_change_yryr% : -0.6725973571077313
--------------------

