--------------------
id : 6875816919
explain variance ratio : 0.26401233660252355
Weight :
Term_Premium : -0.4474265825697544
Risk_Premium : -0.08586435093763001
Stock_Prices_mom%_change : -0.277868944468676
Stock_Market_Volatility : -0.24095421885791848
Current_Account_Balance_over_GDP : -0.5459129186960315
Current_Account_Balance_change_yryr% : -0.048762506239522135
Broad_Money_mo12m%_change : -0.5973005807367553
--------------------

