--------------------
id : 6883755864
explain variance ratio : 0.3216187144074352
Weight :
Term_Premium : -0.245693470294243
Stock_Prices_mom%_change : -0.07847258291633463
Stock_Market_Volatility : -0.16356306530015222
REER : -0.34453324325628226
Policy_Rate_&_Fed_Funds_Rate_Differential_EOP : -0.5899247245928241
One-Day_Repo_Rate_EOP : -0.5897051997386755
Portfolio_Flows : -0.1666836290789595
Foreign_Exchange_Reserve_change_yryr% : -0.25391712202696004
--------------------

