--------------------
id : 6896126655
explain variance ratio : 0.30869933662027327
Weight :
Risk_Premium : -0.22567951700236275
Stock_Prices_mom%_change : -0.25264865387898133
Stock_Market_Volatility : -0.1680297964763838
Current_Account_Balance_over_GDP : -0.5568057577752245
Broad_Money_mo12m%_change : -0.43388025837076905
Portfolio_Flows : -0.4293686476915157
Foreign_Exchange_Reserve_over_GDP : -0.4175658447225491
--------------------

