--------------------
id : 6902349086
explain variance ratio : 0.29391423512013853
Weight :
Term_Premium : -0.4487127867369926
Stock_Prices_mom24mma%_change : -0.4828119664604319
Stock_Market_Volatility : -0.13418287736774134
Current_Account_Balance_change_yryr% : -0.0968804116782221
One-Day_Repo_Rate_AVG : -0.29282662527779035
Broad_Money_mo12m%_change : -0.47406668492004084
Portfolio_Flows : -0.47714979523525874
--------------------

