--------------------
id : 6912414583
explain variance ratio : 0.2771907936940737
Weight :
Term_Premium : -0.19420441990598095
Stock_Prices_mom%_change : -0.3999542823853728
Stock_Prices_mom24mma%_change : -0.5991495140519254
Current_Account_Balance_change_yryr% : -0.14555054122006322
One-Day_Repo_Rate_AVG : -0.01521456944283256
Portfolio_Flows : -0.5138353123307524
Foreign_Exchange_Reserve_over_GDP : -0.39736369201412725
--------------------

