--------------------
id : 6919856887
explain variance ratio : 0.35339381357302174
Weight :
Term_Premium : -0.22810623562698115
Stock_Prices_mom24mma%_change : -0.3738374246972379
Stock_Market_Volatility : -0.1216255303424914
One-Day_Repo_Rate_AVG : -0.5302235495814128
REER : -0.2796187253919996
Policy_Rate_&_Fed_Funds_Rate_Differential_AVG : -0.5200814451582908
Foreign_Exchange_Reserve_change_yryr% : -0.3382161768472547
Portfolio_Flows : -0.22185990970219038
--------------------

