--------------------
id : 6921468816
explain variance ratio : 0.26313592678697334
Weight :
Term_Premium : -0.2588220426368752
Risk_Premium : -0.13450716076769564
Stock_Market_Volatility : -0.030085654082307088
Current_Account_Balance_over_GDP : -0.6097029531995305
Current_Account_Balance_change_yryr% : -0.16012656057927
Portfolio_Flows : -0.4972688781441839
Foreign_Exchange_Reserve_change_yryr% : -0.5189983464828932
--------------------

