--------------------
id : 6935150506
explain variance ratio : 0.3300450149094015
Weight :
Term_Premium : -0.20551982718327771
Stock_Prices_mom%_change : -0.2770662311632853
Stock_Prices_mom24mma%_change : -0.4776107399555231
One-Day_Repo_Rate_AVG : -0.1329812770137146
Broad_Money_mo12m%_change : -0.2942141655357465
Portfolio_Flows : -0.40137599134249735
Foreign_Exchange_Reserve_over_GDP : -0.3794085439203461
Foreign_Exchange_Reserve_change_yryr% : -0.4935426632000945
--------------------

