--------------------
id : 6956672800
explain variance ratio : 0.4255785366234909
Weight :
Term_Premium : 0.13184724466989123
Stock_Prices_mom24mma%_change : 0.5183059462483662
One-Day_Repo_Rate_EOP : 0.2292357776069905
Foreign_Exchange_Reserve_change_yryr% : 0.6352789813144254
Foreign_Exchange_Reserve_over_GDP : 0.5077861994201576
--------------------

