--------------------
id : 6957855353
explain variance ratio : 0.28196705761205304
Weight :
Term_Premium : -0.1363073105157716
Stock_Prices_mom%_change : -0.1423152718975529
Policy_Rate_&_Fed_Funds_Rate_Differential_AVG : -0.6066307424221156
One-Day_Repo_Rate_AVG : -0.6217124826118159
REER : -0.117738158350908
Portfolio_Flows : -0.13768915460772094
Foreign_Exchange_Reserve_over_GDP : -0.04136178230730874
Foreign_Exchange_Reserve_change_yryr% : -0.4148590574323271
--------------------

