--------------------
id : 6975414442
explain variance ratio : 0.267854640133916
Weight :
Term_Premium : 0.1763233147849884
Stock_Prices_mom%_change : 0.46585883722112587
Stock_Prices_mom24mma%_change : 0.6698769809610883
One-Day_Repo_Rate_EOP : 0.013826134596574668
Current_Account_Balance_change_yryr% : 0.2266640680605978
Foreign_Exchange_Reserve_over_GDP : 0.5015802040322267
--------------------

