--------------------
id : 6995959522
explain variance ratio : 0.36916814622811195
Weight :
Term_Premium : 0.2097573219115514
Stock_Prices_mom24mma%_change : 0.4977881679389027
One-Day_Repo_Rate_AVG : 0.2091255263645376
Broad_Money_mo12m%_change : 0.2684154200878646
Foreign_Exchange_Reserve_change_yryr% : 0.5983340670998595
Foreign_Exchange_Reserve_over_GDP : 0.4841743760197099
--------------------

