--------------------
id : 6998952479
explain variance ratio : 0.2899642398758314
Weight :
Term_Premium : -0.3377720833372
Stock_Market_Volatility : -0.20749019338581098
One-Day_Repo_Rate_AVG : -0.6434794940909265
REER : -0.3372348553938905
Portfolio_Flows : -0.3529907031449765
Foreign_Exchange_Reserve_change_yryr% : -0.4364197473212332
--------------------

