--------------------
id : 7010771719
explain variance ratio : 0.24081862696572143
Weight :
Term_Premium : -0.378337254131738
Stock_Market_Volatility : -0.18357948008964214
REER : -0.47737239737042797
Current_Account_Balance_change_yryr% : -0.1358424660425871
One-Day_Repo_Rate_EOP : -0.7283222721072858
Broad_Money_mo12m%_change : -0.21533365558322046
--------------------

