--------------------
id : 7033757841
explain variance ratio : 0.310261366574326
Weight :
Risk_Premium : -0.03876141865035589
Stock_Prices_mom%_change : -0.3236429010984451
Stock_Market_Volatility : -0.10014752701248766
Current_Account_Balance_over_GDP : -0.5318429951517535
Foreign_Exchange_Reserve_change_yryr% : -0.42571933428944947
Broad_Money_mo12m%_change : -0.44227146203802753
Portfolio_Flows : -0.47331314012288256
--------------------

