--------------------
id : 7036329497
explain variance ratio : 0.3728173663852329
Weight :
Term_Premium : -0.2650577192775805
Stock_Market_Volatility : -0.1158515194208809
Current_Account_Balance_over_GDP : -0.5288086907608847
Foreign_Exchange_Reserve_change_yryr% : -0.48715359509477923
Broad_Money_mo12m%_change : -0.40665904256269886
Foreign_Exchange_Reserve_over_GDP : -0.48372926039595765
--------------------

