--------------------
id : 7052894500
explain variance ratio : 0.3138681192584708
Weight :
Term_Premium : 0.3196212580367411
Stock_Prices_mom24mma%_change : 0.5133320740445256
Current_Account_Balance_change_yryr% : 0.10009429038949483
REER : 0.060574507299658964
Policy_Rate_&_Fed_Funds_Rate_Differential_AVG : 0.37158776506142266
Foreign_Exchange_Reserve_change_yryr% : 0.4804360551196478
Broad_Money_mo12m%_change : 0.30294942091580207
Portfolio_Flows : 0.39996208999040433
--------------------

