--------------------
id : 7058379896
explain variance ratio : 0.2981381561956455
Weight :
Term_Premium : 0.12620685848882945
Risk_Premium : 0.02023780575977785
Stock_Prices_mom24mma%_change : 0.5130642655733196
One-Day_Repo_Rate_AVG : 0.14360644809042647
Current_Account_Balance_change_yryr% : 0.12542450296675584
Portfolio_Flows : 0.38417807069743537
Foreign_Exchange_Reserve_change_yryr% : 0.5655564592303483
Foreign_Exchange_Reserve_over_GDP : 0.46543130859509346
--------------------

