--------------------
id : 7058249906
explain variance ratio : 0.21051591358589436
Weight :
Risk_Premium : -0.8286408365687538
Stock_Prices_mom%_change : -0.09351015385595834
Current_Account_Balance_over_GDP : -0.29494160980417156
REER : -0.334972941231586
Portfolio_Flows : -0.26600146601365715
Velocity_of_Money_mo12m%_change : -0.18616124898549852
--------------------

