--------------------
id : 7066192697
explain variance ratio : 0.2889478698319464
Weight :
Term_Premium : -0.27152390449198627
Stock_Prices_mom%_change : -0.23492426266271482
Stock_Prices_mom24mma%_change : -0.5478331104129448
Stock_Market_Volatility : -0.10362324131201506
One-Day_Repo_Rate_AVG : -0.40931493852846457
REER : -0.12917944638002088
Foreign_Exchange_Reserve_change_yryr% : -0.47886139092171603
Portfolio_Flows : -0.38300416069800924
--------------------

