--------------------
id : 7073150285
explain variance ratio : 0.38895535989224705
Weight :
Risk_Premium : 0.002167121720949298
Stock_Prices_mom24mma%_change : 0.5165887537401136
One-Day_Repo_Rate_EOP : 0.1608247461339274
Foreign_Exchange_Reserve_change_yryr% : 0.582125347913975
Portfolio_Flows : 0.38398245753056526
Foreign_Exchange_Reserve_over_GDP : 0.47005777915960734
--------------------

