--------------------
id : 7094812864
explain variance ratio : 0.36990749520414645
Weight :
Risk_Premium : 0.14006027893400247
Stock_Prices_mom%_change : 0.27376979880984026
Stock_Prices_mom24mma%_change : 0.5405963158826709
Current_Account_Balance_change_yryr% : 0.17736454707575963
Foreign_Exchange_Reserve_over_GDP : 0.5184128964430187
Foreign_Exchange_Reserve_change_yryr% : 0.559445015189878
--------------------

