--------------------
id : 7109960657
explain variance ratio : 0.2898735258954795
Weight :
Term_Premium : -0.4345592599488369
Stock_Prices_mom%_change : -0.2854040627437917
Stock_Market_Volatility : -0.19616309153643363
One-Day_Repo_Rate_AVG : -0.49597532380863224
Portfolio_Flows : -0.46210953459208903
Foreign_Exchange_Reserve_change_yryr% : -0.48133779021902223
--------------------

