--------------------
id : 7121253353
explain variance ratio : 0.2544616880175405
Weight :
Term_Premium : -0.37147620247684
Risk_Premium : -0.008235923446703874
Stock_Market_Volatility : -0.009254707723723582
Current_Account_Balance_over_GDP : -0.6539076380120066
One-Day_Repo_Rate_AVG : -0.06741002572705593
Foreign_Exchange_Reserve_change_yryr% : -0.655524706112859
--------------------

