--------------------
id : 7128767497
explain variance ratio : 0.398721634050443
Weight :
Term_Premium : -0.4047021798032266
Stock_Prices_mom%_change : -0.32440228134446214
Current_Account_Balance_over_GDP : -0.5486184710755937
Foreign_Exchange_Reserve_change_yryr% : -0.4179462443274477
Broad_Money_mo12m%_change : -0.5052900311388342
--------------------

