--------------------
id : 7132495957
explain variance ratio : 0.2939116126032135
Weight :
Risk_Premium : -0.08031270315303927
Stock_Market_Volatility : -0.1463179997152723
Current_Account_Balance_change_yryr% : -0.14031790329247523
Current_Account_Balance_over_GDP : -0.5660124135932137
Foreign_Exchange_Reserve_change_yryr% : -0.42668180009350803
Broad_Money_mo12m%_change : -0.46941705303979
Portfolio_Flows : -0.47924108560302325
--------------------

