--------------------
id : 7136227555
explain variance ratio : 0.37347442378510987
Weight :
Term_Premium : 0.134923766540707
Stock_Prices_mom%_change : 0.2893132458394265
Stock_Prices_mom24mma%_change : 0.5274864309346624
One-Day_Repo_Rate_AVG : 0.2134576802915151
Foreign_Exchange_Reserve_over_GDP : 0.4595423769997009
Foreign_Exchange_Reserve_change_yryr% : 0.6025845257307605
--------------------

