--------------------
id : 7138456448
explain variance ratio : 0.34400633678211234
Weight :
Term_Premium : -0.13436170550335966
Risk_Premium : -0.28836309317794967
Stock_Prices_mom24mma%_change : -0.509606496571862
Current_Account_Balance_change_yryr% : -0.17429480098944372
Current_Account_Balance_over_GDP : -0.5282954841663737
Portfolio_Flows : -0.3755681811175413
Foreign_Exchange_Reserve_over_GDP : -0.434244887509749
--------------------

