--------------------
id : 7143207839
explain variance ratio : 0.2640123366025235
Weight :
Term_Premium : -0.4474265825697545
Risk_Premium : -0.08586435093762979
Stock_Prices_mom%_change : -0.27786894446867594
Stock_Market_Volatility : -0.240954218857918
Current_Account_Balance_change_yryr% : -0.048762506239521816
Current_Account_Balance_over_GDP : -0.5459129186960314
Broad_Money_mo12m%_change : -0.5973005807367555
--------------------

