--------------------
id : 7164929650
explain variance ratio : 0.32287178235642433
Weight :
Term_Premium : -0.24152623630675824
Risk_Premium : -0.14239892103394736
Stock_Market_Volatility : -0.11868598433093908
Current_Account_Balance_over_GDP : -0.5418812548293708
Broad_Money_mo12m%_change : -0.3816992784959252
Foreign_Exchange_Reserve_over_GDP : -0.5004369753453305
Foreign_Exchange_Reserve_change_yryr% : -0.4664058980702433
--------------------

