--------------------
id : 7174284921
explain variance ratio : 0.36316772675246
Weight :
Term_Premium : -0.2692584691729707
Stock_Prices_mom%_change : -0.26611729348757385
Stock_Prices_mom24mma%_change : -0.5842303990640773
Current_Account_Balance_change_yryr% : -0.13645783758730878
Foreign_Exchange_Reserve_change_yryr% : -0.5301262906229806
Portfolio_Flows : -0.46443694754640324
--------------------

