--------------------
id : 7176679374
explain variance ratio : 0.3250916180687895
Weight :
Risk_Premium : 0.10887114197209123
Stock_Prices_mom%_change : 0.28030355109030625
Stock_Prices_mom24mma%_change : 0.5304562986262383
Current_Account_Balance_change_yryr% : 0.16316672342989402
Broad_Money_mo12m%_change : 0.20745033035445593
Foreign_Exchange_Reserve_change_yryr% : 0.5507586310396008
Foreign_Exchange_Reserve_over_GDP : 0.5051722677225775
--------------------

