--------------------
id : 7190052851
explain variance ratio : 0.34732667967545144
Weight :
Term_Premium : -0.23663949498686027
Stock_Prices_mom24mma%_change : -0.5742773423763095
REER : -0.09633242715041679
One-Day_Repo_Rate_EOP : -0.4484113374163135
Foreign_Exchange_Reserve_change_yryr% : -0.5884166785014073
Broad_Money_mo12m%_change : -0.24004256260663503
--------------------

