--------------------
id : 7204464738
explain variance ratio : 0.3266448856515285
Weight :
Term_Premium : -0.2042738273881947
Stock_Prices_mom%_change : -0.028301492751757418
REER : -0.30638212580818863
Policy_Rate_&_Fed_Funds_Rate_Differential_EOP : -0.5826514704667733
Current_Account_Balance_change_yryr% : -0.05878840354362322
One-Day_Repo_Rate_EOP : -0.5894679721240463
Portfolio_Flows : -0.1566505579778718
Foreign_Exchange_Reserve_change_yryr% : -0.3855522299693521
--------------------

