--------------------
id : 7208877136
explain variance ratio : 0.3615541007944445
Weight :
Term_Premium : 0.2913548914587447
Stock_Prices_mom%_change : 0.19246685160683208
Stock_Prices_mom24mma%_change : 0.5647065338781263
One-Day_Repo_Rate_EOP : 0.46625760620448425
Current_Account_Balance_change_yryr% : 0.12398340682732611
Foreign_Exchange_Reserve_change_yryr% : 0.571320687826831
--------------------

