--------------------
id : 7218187520
explain variance ratio : 0.431851654283617
Weight :
Term_Premium : 0.12048369620286535
Risk_Premium : 0.1789041837511246
Stock_Prices_mom24mma%_change : 0.4961231783234761
Current_Account_Balance_over_GDP : 0.49424571510990867
Foreign_Exchange_Reserve_over_GDP : 0.4730341982861854
Foreign_Exchange_Reserve_change_yryr% : 0.4891815453010189
--------------------

