--------------------
id : 7239083617
explain variance ratio : 0.271934180449147
Weight :
Term_Premium : -0.303668932530442
Stock_Prices_mom%_change : -0.3416483444286117
Stock_Prices_mom24mma%_change : -0.4953155607897257
One-Day_Repo_Rate_EOP : -0.021693296709447918
Current_Account_Balance_change_yryr% : -0.0870150010259424
Broad_Money_mo12m%_change : -0.425609654877231
Portfolio_Flows : -0.4979141290832768
Foreign_Exchange_Reserve_over_GDP : -0.3295752047916036
--------------------

