--------------------
id : 7252196809
explain variance ratio : 0.28440130612941006
Weight :
Term_Premium : -0.1531675176642703
Risk_Premium : -0.3591782636912965
Stock_Prices_mom%_change : -0.2556685231268927
Current_Account_Balance_change_yryr% : -0.21368769729491238
Current_Account_Balance_over_GDP : -0.5762475943837869
Portfolio_Flows : -0.4028506977031386
Foreign_Exchange_Reserve_over_GDP : -0.49208930699434617
--------------------

