--------------------
id : 7253075679
explain variance ratio : 0.3937832258612065
Weight :
Term_Premium : 0.14508577646811588
Stock_Prices_mom24mma%_change : 0.5129638914669818
One-Day_Repo_Rate_EOP : 0.169192497634517
Portfolio_Flows : 0.38735566619882855
Foreign_Exchange_Reserve_change_yryr% : 0.574135909360977
Foreign_Exchange_Reserve_over_GDP : 0.4555388103200373
--------------------

