--------------------
id : 7263890886
explain variance ratio : 0.37108215422732344
Weight :
Term_Premium : 0.30279845879518
Stock_Prices_mom%_change : 0.30570273633971745
Stock_Prices_mom24mma%_change : 0.6467726946396182
Current_Account_Balance_change_yryr% : 0.17166301784486043
Foreign_Exchange_Reserve_change_yryr% : 0.6058678239671383
--------------------

