--------------------
id : 7270143714
explain variance ratio : 0.3790507959915464
Weight :
Term_Premium : -0.2550982043393892
Stock_Prices_mom24mma%_change : -0.47880641503468635
Current_Account_Balance_over_GDP : -0.4783276016283053
One-Day_Repo_Rate_EOP : -0.01742841557127428
Broad_Money_mo12m%_change : -0.3584871549634385
Portfolio_Flows : -0.4120521346190105
Foreign_Exchange_Reserve_change_yryr% : -0.422218281221663
--------------------

