--------------------
id : 7276911846
explain variance ratio : 0.2937959527686606
Weight :
Term_Premium : -0.298459295674322
Risk_Premium : -0.14056987376003027
Stock_Prices_mom24mma%_change : -0.46607401131892495
Stock_Market_Volatility : -0.052642638827313355
Current_Account_Balance_over_GDP : -0.5294663175055445
Current_Account_Balance_change_yryr% : -0.0990706184053507
Broad_Money_mo12m%_change : -0.4299611435700183
Portfolio_Flows : -0.4428879928186379
--------------------

