--------------------
id : 7285184286
explain variance ratio : 0.3448010651876289
Weight :
Term_Premium : -0.22100670586702661
Stock_Prices_mom%_change : -0.10806505257257071
Stock_Prices_mom24mma%_change : -0.3553351129510658
Stock_Market_Volatility : -0.13014947838266783
One-Day_Repo_Rate_AVG : -0.5534666377471361
REER : -0.3060346096386459
Policy_Rate_&_Fed_Funds_Rate_Differential_AVG : -0.5427519549394786
Foreign_Exchange_Reserve_change_yryr% : -0.31892611239696655
--------------------

