--------------------
id : 7287171845
explain variance ratio : 0.33596071033818553
Weight :
Term_Premium : -0.2802647289305869
Stock_Prices_mom24mma%_change : -0.54817557826126
Stock_Market_Volatility : -0.001989341878347768
Current_Account_Balance_change_yryr% : -0.12253940132713698
One-Day_Repo_Rate_EOP : -0.40821923375986924
Portfolio_Flows : -0.3827266268532402
Foreign_Exchange_Reserve_change_yryr% : -0.5411217432729185
--------------------

