--------------------
id : 7296193011
explain variance ratio : 0.3295896145226916
Weight :
Term_Premium : -0.3835568944394356
Stock_Prices_mom%_change : -0.458492878605385
Stock_Market_Volatility : -0.04227572298388166
Current_Account_Balance_over_GDP : -0.577129082237135
Portfolio_Flows : -0.5548001213756499
--------------------

