--------------------
id : 7297303926
explain variance ratio : 0.3401486861140696
Weight :
Term_Premium : -0.3250278721927718
Stock_Prices_mom%_change : -0.24132710105556465
Stock_Prices_mom24mma%_change : -0.514289433932795
Current_Account_Balance_change_yryr% : -0.10107070674791724
Broad_Money_mo12m%_change : -0.36704253543202375
Portfolio_Flows : -0.46074715001288546
Foreign_Exchange_Reserve_change_yryr% : -0.4630346033669124
--------------------

