--------------------
id : 7297066720
explain variance ratio : 0.3207121048658596
Weight :
Term_Premium : -0.21275835153204126
Stock_Prices_mom%_change : -0.035860082369246316
Stock_Prices_mom24mma%_change : -0.3647852284627034
Current_Account_Balance_change_yryr% : -0.06843475260052553
REER : -0.3496960827610203
Policy_Rate_&_Fed_Funds_Rate_Differential_AVG : -0.59007884704964
One-Day_Repo_Rate_EOP : -0.5838001489131528
Broad_Money_mo12m%_change : -0.06628235189629084
--------------------

