--------------------
id : 7298178601
explain variance ratio : 0.24861613753005016
Weight :
Term_Premium : -0.02080446513236946
Stock_Market_Volatility : -0.032146194588818
One-Day_Repo_Rate_AVG : -0.6955815337250912
REER : -0.6937564679506099
Current_Account_Balance_change_yryr% : -0.17770365255602547
Portfolio_Flows : -0.04270247521637095
--------------------

