--------------------
id : 7309319170
explain variance ratio : 0.2901009708297723
Weight :
Term_Premium : -0.3244259197702524
Risk_Premium : -0.008618393460780527
Stock_Prices_mom%_change : -0.29838158194095227
Current_Account_Balance_change_yryr% : -0.06026133709996637
Current_Account_Balance_over_GDP : -0.49123698073690825
Broad_Money_mo12m%_change : -0.45796719748536396
Portfolio_Flows : -0.44492139444362
Foreign_Exchange_Reserve_change_yryr% : -0.39116208435245026
--------------------

