--------------------
id : 7331787626
explain variance ratio : 0.3613693925416948
Weight :
Term_Premium : -0.2663421742351339
Stock_Prices_mom24mma%_change : -0.4546551943312842
Stock_Market_Volatility : -0.046396763009306854
Current_Account_Balance_over_GDP : -0.5069175922906937
Broad_Money_mo12m%_change : -0.4038348390601392
Portfolio_Flows : -0.41836822741058854
Foreign_Exchange_Reserve_over_GDP : -0.35372000869945286
--------------------

