--------------------
id : 7332095963
explain variance ratio : 0.3153574180980151
Weight :
Term_Premium : -0.3029347544333992
Stock_Prices_mom%_change : -0.2675041023058299
One-Day_Repo_Rate_AVG : -0.27763447440948036
Broad_Money_mo12m%_change : -0.3717637673947469
Foreign_Exchange_Reserve_over_GDP : -0.4916681293186677
Foreign_Exchange_Reserve_change_yryr% : -0.6161536661337383
--------------------

