--------------------
id : 7336903038
explain variance ratio : 0.26160056148140665
Weight :
Term_Premium : 0.277155580464793
Stock_Market_Volatility : 0.00632305735390698
Current_Account_Balance_change_yryr% : 0.09582480708083052
One-Day_Repo_Rate_AVG : 0.2755275677224807
Foreign_Exchange_Reserve_change_yryr% : 0.639364244347241
Broad_Money_mo12m%_change : 0.357585767115842
Foreign_Exchange_Reserve_over_GDP : 0.5489924873276812
--------------------

