--------------------
id : 7336533423
explain variance ratio : 0.29653282913481643
Weight :
Term_Premium : -0.3871996209481651
Stock_Market_Volatility : -0.03153872340902464
Current_Account_Balance_change_yryr% : -0.12118298971348487
One-Day_Repo_Rate_EOP : -0.5361087285779734
Portfolio_Flows : -0.41878700688483733
Foreign_Exchange_Reserve_change_yryr% : -0.6095911084279158
--------------------

