--------------------
id : 7338965942
explain variance ratio : 0.3440063367821128
Weight :
Term_Premium : -0.13436170550335994
Risk_Premium : -0.28836309317794956
Stock_Prices_mom24mma%_change : -0.5096064965718622
Current_Account_Balance_over_GDP : -0.5282954841663738
Current_Account_Balance_change_yryr% : -0.17429480098944355
Portfolio_Flows : -0.37556818111754153
Foreign_Exchange_Reserve_over_GDP : -0.4342448875097489
--------------------

