--------------------
id : 7347150102
explain variance ratio : 0.3390722760734025
Weight :
Risk_Premium : -0.18488393541467488
Stock_Prices_mom%_change : -0.23354217347320583
Current_Account_Balance_change_yryr% : -0.1686969429724549
Current_Account_Balance_over_GDP : -0.4992299804795074
Foreign_Exchange_Reserve_change_yryr% : -0.4962497244216405
Portfolio_Flows : -0.36412195018011595
Foreign_Exchange_Reserve_over_GDP : -0.5047159280879174
--------------------

