--------------------
id : 7370186354
explain variance ratio : 0.3566368094166387
Weight :
Term_Premium : -0.17874489792443327
Stock_Prices_mom%_change : -0.3283150334780719
Stock_Prices_mom24mma%_change : -0.5716043508622459
Current_Account_Balance_over_GDP : -0.5667277881124323
Current_Account_Balance_change_yryr% : -0.1610637636858714
Foreign_Exchange_Reserve_over_GDP : -0.43174766304192075
--------------------

