--------------------
id : 7395235040
explain variance ratio : 0.4238102764922309
Weight :
Risk_Premium : 0.21888324798795156
Stock_Prices_mom%_change : 0.2273952613280525
Current_Account_Balance_over_GDP : 0.5363316762928424
Foreign_Exchange_Reserve_over_GDP : 0.5695570693118422
Foreign_Exchange_Reserve_change_yryr% : 0.5369679661559021
--------------------

