--------------------
id : 7405336432
explain variance ratio : 0.2852534552360935
Weight :
Term_Premium : -0.3967536221136648
Stock_Prices_mom%_change : -0.3235325568669625
Current_Account_Balance_change_yryr% : -0.056966010467681016
Current_Account_Balance_over_GDP : -0.5518807760480452
One-Day_Repo_Rate_EOP : -0.0009206847067106672
Foreign_Exchange_Reserve_change_yryr% : -0.42179987449324746
Broad_Money_mo12m%_change : -0.5021750181798859
--------------------

