--------------------
id : 7409074295
explain variance ratio : 0.2530411221943649
Weight :
Term_Premium : -0.33695338737694647
Stock_Prices_mom24mma%_change : -0.48496998283727344
Stock_Market_Volatility : -0.006999561836168233
Current_Account_Balance_change_yryr% : -0.1076982990886641
One-Day_Repo_Rate_EOP : -0.010372198167839963
Broad_Money_mo12m%_change : -0.4729909809931341
Portfolio_Flows : -0.5223180206433976
Foreign_Exchange_Reserve_over_GDP : -0.3781196208939836
--------------------

