--------------------
id : 7410501426
explain variance ratio : 0.36183169128814674
Weight :
Risk_Premium : 0.1380214442041766
Stock_Prices_mom24mma%_change : 0.5206602204474051
Current_Account_Balance_change_yryr% : 0.19059678381882436
Broad_Money_mo12m%_change : 0.19749742409850754
Foreign_Exchange_Reserve_over_GDP : 0.5574498870945763
Foreign_Exchange_Reserve_change_yryr% : 0.5690169352787937
--------------------

