--------------------
id : 7417584736
explain variance ratio : 0.36353023540467366
Weight :
Term_Premium : -0.2531876847892844
Stock_Prices_mom24mma%_change : -0.462698408975048
Current_Account_Balance_over_GDP : -0.5048889516796427
Current_Account_Balance_change_yryr% : -0.10919240381113568
Broad_Money_mo12m%_change : -0.38936323509341497
Portfolio_Flows : -0.4166420941867808
Foreign_Exchange_Reserve_over_GDP : -0.3602443344926086
--------------------

