--------------------
id : 7417383701
explain variance ratio : 0.3388230991398402
Weight :
Risk_Premium : -0.1508368053818646
Stock_Prices_mom%_change : -0.335488394784652
Stock_Prices_mom24mma%_change : -0.5101172833177623
Stock_Market_Volatility : -0.023260668075671002
Current_Account_Balance_over_GDP : -0.5229055088624404
Broad_Money_mo12m%_change : -0.35923041850924575
Portfolio_Flows : -0.4488412067838417
--------------------

