--------------------
id : 7435117935
explain variance ratio : 0.26163023569536215
Weight :
Term_Premium : 0.2871066686465681
Stock_Market_Volatility : 0.002351832531094389
Current_Account_Balance_change_yryr% : 0.09220142916810531
One-Day_Repo_Rate_EOP : 0.277442436004968
Broad_Money_mo12m%_change : 0.3622017261761046
Foreign_Exchange_Reserve_over_GDP : 0.5438790982264102
Foreign_Exchange_Reserve_change_yryr% : 0.6364701540000756
--------------------

