--------------------
id : 7451552112
explain variance ratio : 0.39199927463924594
Weight :
Term_Premium : 0.12084084950663491
Stock_Prices_mom24mma%_change : 0.5207854424489424
Current_Account_Balance_change_yryr% : 0.14237328469472516
Portfolio_Flows : 0.39733424406917817
Foreign_Exchange_Reserve_change_yryr% : 0.5534562235274789
Foreign_Exchange_Reserve_over_GDP : 0.47929277791104286
--------------------

