--------------------
id : 7454102381
explain variance ratio : 0.2951690247952642
Weight :
Term_Premium : -0.45038981905472714
Stock_Prices_mom24mma%_change : -0.48253070883273275
Stock_Market_Volatility : -0.13110950296773843
Current_Account_Balance_change_yryr% : -0.0962163592531394
One-Day_Repo_Rate_EOP : -0.30413071228794986
Broad_Money_mo12m%_change : -0.47083687516938866
Portfolio_Flows : -0.47295135393907495
--------------------

