--------------------
id : 7462775046
explain variance ratio : 0.33445075757841475
Weight :
Term_Premium : -0.26252568294354245
Risk_Premium : -0.0982720483901659
Stock_Prices_mom24mma%_change : -0.5221648085762308
Current_Account_Balance_over_GDP : -0.5541753002270079
Current_Account_Balance_change_yryr% : -0.11307815209433923
Broad_Money_mo12m%_change : -0.349896751672146
Foreign_Exchange_Reserve_change_yryr% : -0.45435901475737456
--------------------

