--------------------
id : 7476177193
explain variance ratio : 0.320309199586037
Weight :
Term_Premium : -0.2143360697534234
Stock_Prices_mom%_change : -0.03609860638741824
Stock_Prices_mom24mma%_change : -0.3657104651800873
One-Day_Repo_Rate_AVG : -0.5816002271816934
REER : -0.3490440544384734
Policy_Rate_&_Fed_Funds_Rate_Differential_EOP : -0.591325525661355
Current_Account_Balance_change_yryr% : -0.06858245150863379
Broad_Money_mo12m%_change : -0.06747436051604444
--------------------

