--------------------
id : 7479066231
explain variance ratio : 0.33228550788091304
Weight :
Term_Premium : -0.40549493866741093
Stock_Prices_mom%_change : -0.32472613547015794
Current_Account_Balance_over_GDP : -0.5456414956406814
One-Day_Repo_Rate_EOP : -0.011613681866737197
Broad_Money_mo12m%_change : -0.50481925881077
Foreign_Exchange_Reserve_change_yryr% : -0.4212182192403032
--------------------

