--------------------
id : 7481088824
explain variance ratio : 0.4086438667492415
Weight :
Risk_Premium : -0.305070562997186
Stock_Prices_mom24mma%_change : -0.5794297106393235
Current_Account_Balance_over_GDP : -0.5788650907276824
Current_Account_Balance_change_yryr% : -0.19946965033434347
Portfolio_Flows : -0.4430803847535311
--------------------

