--------------------
id : 7496138610
explain variance ratio : 0.26029465523144824
Weight :
Term_Premium : 0.28472753284947183
Stock_Market_Volatility : 0.02578125476057902
One-Day_Repo_Rate_AVG : 0.17076428201992333
Current_Account_Balance_change_yryr% : 0.08784362531250949
Broad_Money_mo12m%_change : 0.41483183050491035
Portfolio_Flows : 0.44249229115946487
Foreign_Exchange_Reserve_over_GDP : 0.4682832694489815
Foreign_Exchange_Reserve_change_yryr% : 0.5424154502198145
--------------------

