--------------------
id : 7503645046
explain variance ratio : 0.31964377190789206
Weight :
Term_Premium : -0.3320547433993363
Stock_Prices_mom%_change : -0.27035249229767333
Current_Account_Balance_change_yryr% : -0.0835552727238397
Current_Account_Balance_over_GDP : -0.5063762977130963
Broad_Money_mo12m%_change : -0.49340470641441736
Portfolio_Flows : -0.4440652015497728
Foreign_Exchange_Reserve_over_GDP : -0.3355720954869778
--------------------

