--------------------
id : 7518156421
explain variance ratio : 0.30281646295960013
Weight :
Term_Premium : -0.24025791401289198
Stock_Prices_mom%_change : -0.18839462434317322
Stock_Prices_mom24mma%_change : -0.581177951441606
One-Day_Repo_Rate_AVG : -0.43384824675162187
REER : -0.09407637168137284
Foreign_Exchange_Reserve_change_yryr% : -0.572662689984631
Broad_Money_mo12m%_change : -0.20975835528599557
--------------------

