--------------------
id : 7521213709
explain variance ratio : 0.32034452333588925
Weight :
Term_Premium : -0.2738205334648173
Stock_Prices_mom24mma%_change : -0.5486630994565401
Stock_Market_Volatility : -0.08680826554533999
REER : -0.15196416693667258
One-Day_Repo_Rate_EOP : -0.4472390895186353
Portfolio_Flows : -0.37696036066127264
Foreign_Exchange_Reserve_change_yryr% : -0.5012388842106164
--------------------

