--------------------
id : 7528213737
explain variance ratio : 0.3873413597695179
Weight :
Term_Premium : -0.18337666065928707
Stock_Prices_mom24mma%_change : -0.46744151547630663
Current_Account_Balance_change_yryr% : -0.11917389456455582
Current_Account_Balance_over_GDP : -0.48606246940465964
Foreign_Exchange_Reserve_change_yryr% : -0.47898274364561966
Broad_Money_mo12m%_change : -0.28234723974900106
Foreign_Exchange_Reserve_over_GDP : -0.4338984398693515
--------------------

