--------------------
id : 7548537049
explain variance ratio : 0.3734512184574595
Weight :
Term_Premium : -0.21427165903964848
Risk_Premium : -0.1928086356360521
Stock_Prices_mom%_change : -0.36073058026696136
Stock_Prices_mom24mma%_change : -0.5589487520176991
Current_Account_Balance_over_GDP : -0.5306966983805484
Portfolio_Flows : -0.43900255302522384
--------------------

