--------------------
id : 7557040148
explain variance ratio : 0.36708356135790343
Weight :
Term_Premium : -0.35671561894237186
Stock_Market_Volatility : -0.11481667014387598
Current_Account_Balance_over_GDP : -0.5068476036317746
Foreign_Exchange_Reserve_change_yryr% : -0.37952520068154144
Broad_Money_mo12m%_change : -0.5093029684221236
Portfolio_Flows : -0.44637172239783407
--------------------

