--------------------
id : 7570398087
explain variance ratio : 0.3228717823564242
Weight :
Term_Premium : -0.241526236306758
Risk_Premium : -0.14239892103394797
Stock_Market_Volatility : -0.11868598433093894
Current_Account_Balance_over_GDP : -0.5418812548293706
Foreign_Exchange_Reserve_change_yryr% : -0.4664058980702432
Broad_Money_mo12m%_change : -0.38169927849592483
Foreign_Exchange_Reserve_over_GDP : -0.5004369753453308
--------------------

