--------------------
id : 7573650462
explain variance ratio : 0.44227475633114965
Weight :
Risk_Premium : -0.31204637957441494
Stock_Prices_mom24mma%_change : -0.5035074327276275
Current_Account_Balance_over_GDP : -0.5841544175770148
Broad_Money_mo12m%_change : -0.2876144805825631
Foreign_Exchange_Reserve_over_GDP : -0.47449852388286173
--------------------

