--------------------
id : 7604944613
explain variance ratio : 0.3444938657566827
Weight :
Term_Premium : -0.2273857531358388
Stock_Prices_mom%_change : -0.108065901062807
Stock_Prices_mom24mma%_change : -0.3575076127934724
Stock_Market_Volatility : -0.1307392894309724
One-Day_Repo_Rate_AVG : -0.5519314516499217
REER : -0.30318803233436575
Policy_Rate_&_Fed_Funds_Rate_Differential_EOP : -0.5420233959940812
Foreign_Exchange_Reserve_change_yryr% : -0.3183902530166364
--------------------

