--------------------
id : 7626655698
explain variance ratio : 0.38005337904944525
Weight :
Term_Premium : -0.13975584879529748
Stock_Prices_mom%_change : -0.25950625928588267
Stock_Prices_mom24mma%_change : -0.5044672746077026
One-Day_Repo_Rate_AVG : -0.028520746807821795
Current_Account_Balance_over_GDP : -0.4671056008948976
Foreign_Exchange_Reserve_over_GDP : -0.42727429996880956
Foreign_Exchange_Reserve_change_yryr% : -0.5070238358984064
--------------------

