--------------------
id : 7631526989
explain variance ratio : 0.2762258243916162
Weight :
Risk_Premium : -0.18674385945284974
Stock_Prices_mom%_change : -0.3362470014835888
Current_Account_Balance_change_yryr% : -0.21438026146568578
Broad_Money_mo12m%_change : -0.49151577555576015
Portfolio_Flows : -0.5832721387542822
Foreign_Exchange_Reserve_over_GDP : -0.47361550119973767
--------------------

