--------------------
id : 7639389410
explain variance ratio : 0.3281548208808827
Weight :
Term_Premium : -0.2916120476978399
Stock_Prices_mom%_change : -0.24366954274571584
Stock_Prices_mom24mma%_change : -0.5533832525586925
Stock_Market_Volatility : -0.09056492890813211
One-Day_Repo_Rate_EOP : -0.3785277980626668
Portfolio_Flows : -0.39608495120732656
Foreign_Exchange_Reserve_change_yryr% : -0.4909032028169216
--------------------

