--------------------
id : 7639594260
explain variance ratio : 0.3464070801409582
Weight :
Risk_Premium : 0.18695487433051475
Stock_Prices_mom%_change : 0.20925694506718126
Current_Account_Balance_change_yryr% : 0.26510239593631696
Foreign_Exchange_Reserve_over_GDP : 0.6802850002873082
Foreign_Exchange_Reserve_change_yryr% : 0.6230509160238301
--------------------

