--------------------
id : 7661141985
explain variance ratio : 0.2599664923258891
Weight :
Term_Premium : -0.5304123046549997
Stock_Prices_mom%_change : -0.2345269550978749
Stock_Prices_mom24mma%_change : -0.4973257869617134
Stock_Market_Volatility : -0.16324542564669764
Current_Account_Balance_change_yryr% : -0.0883698530447716
One-Day_Repo_Rate_EOP : -0.38119132966134617
Broad_Money_mo12m%_change : -0.486376218883379
--------------------

