--------------------
id : 7663818672
explain variance ratio : 0.28037390498455567
Weight :
Term_Premium : -0.15970813463908057
Stock_Prices_mom%_change : -0.15076259154304006
Policy_Rate_&_Fed_Funds_Rate_Differential_EOP : -0.5970112602967632
One-Day_Repo_Rate_AVG : -0.6146371200935856
REER : -0.0903483513985428
Foreign_Exchange_Reserve_change_yryr% : -0.42826003616128133
Portfolio_Flows : -0.15145141829409897
Foreign_Exchange_Reserve_over_GDP : -0.055278414654134155
--------------------

