--------------------
id : 7674620341
explain variance ratio : 0.4455058679913996
Weight :
Risk_Premium : 0.16791853548951655
Stock_Prices_mom%_change : 0.24524011465033968
Stock_Prices_mom24mma%_change : 0.5015375071732557
Current_Account_Balance_over_GDP : 0.47967433670903703
Foreign_Exchange_Reserve_over_GDP : 0.4473598106342486
Foreign_Exchange_Reserve_change_yryr% : 0.4794815022874348
--------------------

