--------------------
id : 7675300441
explain variance ratio : 0.29350153625087716
Weight :
Term_Premium : -0.44865729320913006
Stock_Prices_mom24mma%_change : -0.5524045204485428
REER : -0.24362753087752514
One-Day_Repo_Rate_EOP : -0.5636468036520175
Current_Account_Balance_change_yryr% : -0.1511117952288658
Broad_Money_mo12m%_change : -0.3060539352995896
--------------------

