--------------------
id : 7675089960
explain variance ratio : 0.3109375258402325
Weight :
Term_Premium : -0.38168997982937763
Stock_Prices_mom%_change : -0.2811878253523974
Stock_Prices_mom24mma%_change : -0.6091857669665206
One-Day_Repo_Rate_AVG : -0.37832138865025566
Current_Account_Balance_change_yryr% : -0.1456253250787981
Portfolio_Flows : -0.4896989473975713
--------------------

