--------------------
id : 7691129503
explain variance ratio : 0.44412346204974745
Weight :
Risk_Premium : -0.12368292359361353
Stock_Prices_mom24mma%_change : -0.5625106508177766
Current_Account_Balance_over_GDP : -0.5779928061702869
Broad_Money_mo12m%_change : -0.3034352820942917
Foreign_Exchange_Reserve_change_yryr% : -0.49207280734018705
--------------------

