--------------------
id : 7691375254
explain variance ratio : 0.41807851479021163
Weight :
Term_Premium : -0.14186937149069823
Stock_Prices_mom%_change : -0.25371939971037727
Stock_Prices_mom24mma%_change : -0.48429876200471944
Current_Account_Balance_over_GDP : -0.4424476444476453
Portfolio_Flows : -0.34990123913384774
Foreign_Exchange_Reserve_change_yryr% : -0.4632332309240524
Foreign_Exchange_Reserve_over_GDP : -0.3849395216227189
--------------------

