--------------------
id : 7694118586
explain variance ratio : 0.33755647281484763
Weight :
Term_Premium : 0.15767017377191997
Stock_Market_Volatility : 0.03641501736449115
Current_Account_Balance_over_GDP : 0.530846899848747
One-Day_Repo_Rate_AVG : 0.006060201841184859
Foreign_Exchange_Reserve_change_yryr% : 0.5944439230013588
Foreign_Exchange_Reserve_over_GDP : 0.5819066317670297
--------------------

