--------------------
id : 7699233381
explain variance ratio : 0.4032479490772123
Weight :
Term_Premium : -0.13161032437337888
Stock_Prices_mom24mma%_change : -0.4833116447689356
Current_Account_Balance_change_yryr% : -0.12184358733697537
Current_Account_Balance_over_GDP : -0.45397340035096234
Foreign_Exchange_Reserve_change_yryr% : -0.47968190699164237
Portfolio_Flows : -0.34844543098431924
Foreign_Exchange_Reserve_over_GDP : -0.4202878992770738
--------------------

