--------------------
id : 7707247925
explain variance ratio : 0.2921390063727895
Weight :
Term_Premium : -0.29355130953701
Risk_Premium : -0.1544553466072333
Stock_Prices_mom24mma%_change : -0.5011714561379222
Current_Account_Balance_change_yryr% : -0.1426920515586677
Broad_Money_mo12m%_change : -0.4294536325862226
Portfolio_Flows : -0.5091517134618286
Foreign_Exchange_Reserve_over_GDP : -0.4180567362039526
--------------------

