--------------------
id : 7711100913
explain variance ratio : 0.2105159135858947
Weight :
Risk_Premium : -0.8286408365687539
Stock_Prices_mom%_change : -0.09351015385595834
Current_Account_Balance_over_GDP : -0.29494160980417217
REER : -0.3349729412315855
Velocity_of_Money_mo12m%_change : -0.18616124898549863
Portfolio_Flows : -0.26600146601365693
--------------------

