--------------------
id : 7712463757
explain variance ratio : 0.3196858732508388
Weight :
Term_Premium : -0.31085739967779186
Stock_Prices_mom%_change : -0.1991811218424202
Stock_Prices_mom24mma%_change : -0.5057648838464401
One-Day_Repo_Rate_AVG : -0.3267801600855206
Current_Account_Balance_change_yryr% : -0.09386713014113932
Broad_Money_mo12m%_change : -0.3082985412314044
Portfolio_Flows : -0.403497834967815
Foreign_Exchange_Reserve_change_yryr% : -0.4841917342741147
--------------------

