--------------------
id : 7722941533
explain variance ratio : 0.23567537993921692
Weight :
Term_Premium : -0.46436408366880916
Stock_Prices_mom24mma%_change : -0.4856962013316797
Stock_Market_Volatility : -0.0647585183246257
Current_Account_Balance_change_yryr% : -0.12637607544687426
One-Day_Repo_Rate_EOP : -0.030630703097652645
Broad_Money_mo12m%_change : -0.5674785566889613
Foreign_Exchange_Reserve_over_GDP : -0.45313405013903474
--------------------

