--------------------
id : 7727538831
explain variance ratio : 0.2887857059586745
Weight :
Term_Premium : -0.39381494336204026
Stock_Prices_mom%_change : -0.2724120885793785
Stock_Prices_mom24mma%_change : -0.5593501834289749
Stock_Market_Volatility : -0.10152757249940214
Current_Account_Balance_change_yryr% : -0.11856290120263055
Broad_Money_mo12m%_change : -0.4029238355657998
Foreign_Exchange_Reserve_change_yryr% : -0.5206881887389838
--------------------

