--------------------
id : 7729133787
explain variance ratio : 0.3429627546098898
Weight :
Term_Premium : 0.08339816144766551
Stock_Prices_mom%_change : 0.2452344097051652
Current_Account_Balance_change_yryr% : 0.2156200400645451
Foreign_Exchange_Reserve_over_GDP : 0.6544361466789754
Foreign_Exchange_Reserve_change_yryr% : 0.6768501748586951
--------------------

