--------------------
id : 7732031618
explain variance ratio : 0.3394682704333298
Weight :
Risk_Premium : -0.05662984662479096
Stock_Market_Volatility : -0.1446626211657068
Current_Account_Balance_over_GDP : -0.5640106413305745
Foreign_Exchange_Reserve_change_yryr% : -0.43185512246618213
Broad_Money_mo12m%_change : -0.4833439022777459
Portfolio_Flows : -0.4874808799381095
--------------------

