--------------------
id : 7733712631
explain variance ratio : 0.2199068804847345
Weight :
Term_Premium : 0.24985837687788562
Risk_Premium : 0.011448502023473361
Stock_Prices_mom24mma%_change : 0.624073015894484
Current_Account_Balance_change_yryr% : 0.13856069198607998
Policy_Rate_&_Fed_Funds_Rate_Differential_EOP : 0.13262181824356034
One-Day_Repo_Rate_AVG : 0.15850380326497177
Portfolio_Flows : 0.5456992028274379
Foreign_Exchange_Reserve_over_GDP : 0.43390541190895443
--------------------

