--------------------
id : 7741022401
explain variance ratio : 0.3264822272543919
Weight :
Term_Premium : -0.187973105077733
Stock_Market_Volatility : -0.013850296782510041
Current_Account_Balance_change_yryr% : -0.05917767771729532
One-Day_Repo_Rate_AVG : -0.5910186224601779
REER : -0.31722870036946854
Policy_Rate_&_Fed_Funds_Rate_Differential_AVG : -0.5840014968494731
Foreign_Exchange_Reserve_change_yryr% : -0.38358672010240613
Portfolio_Flows : -0.15112479251362315
--------------------

