--------------------
id : 7742393925
explain variance ratio : 0.32574100973180325
Weight :
Term_Premium : -0.39405330246616915
Stock_Prices_mom%_change : -0.1640835055959926
Current_Account_Balance_change_yryr% : -0.1111950844594797
One-Day_Repo_Rate_AVG : -0.6305398218326318
Foreign_Exchange_Reserve_change_yryr% : -0.6386343118578564
--------------------

