--------------------
id : 7748089116
explain variance ratio : 0.31817861243207624
Weight :
Term_Premium : -0.35968081572312055
Stock_Prices_mom24mma%_change : -0.5283178165497517
Stock_Market_Volatility : -0.06917516795353748
Current_Account_Balance_change_yryr% : -0.11004116815173101
One-Day_Repo_Rate_EOP : -0.4434873960947684
Broad_Money_mo12m%_change : -0.2949880172825519
Foreign_Exchange_Reserve_change_yryr% : -0.5393669735273448
--------------------

