--------------------
id : 7754257600
explain variance ratio : 0.3613217991375553
Weight :
Risk_Premium : 0.2370200111655681
Stock_Prices_mom%_change : 0.21051401506731876
Current_Account_Balance_over_GDP : 0.5253680725324411
Current_Account_Balance_change_yryr% : 0.2019548490420733
Foreign_Exchange_Reserve_over_GDP : 0.5631982280238028
Foreign_Exchange_Reserve_change_yryr% : 0.5152822013519394
--------------------

