--------------------
id : 7763642406
explain variance ratio : 0.2961708115056632
Weight :
Term_Premium : -0.15938833344190267
Risk_Premium : -0.1519747564572429
Stock_Prices_mom%_change : -0.24958317617502407
Stock_Market_Volatility : -0.016414592156715098
Current_Account_Balance_over_GDP : -0.5067197497415914
Foreign_Exchange_Reserve_change_yryr% : -0.5010517377709198
Portfolio_Flows : -0.37961987368287664
Foreign_Exchange_Reserve_over_GDP : -0.4868355314689434
--------------------

