--------------------
id : 7772342250
explain variance ratio : 0.35875755687640026
Weight :
Term_Premium : -0.4122011717051951
Stock_Prices_mom24mma%_change : -0.614295219716995
One-Day_Repo_Rate_AVG : -0.4311533611544708
Current_Account_Balance_change_yryr% : -0.1665385425140986
Portfolio_Flows : -0.4889818709320356
--------------------

