--------------------
id : 7802206753
explain variance ratio : 0.28472082253046654
Weight :
Term_Premium : 0.29785086408094896
Stock_Prices_mom%_change : 0.2522371449150218
Stock_Prices_mom24mma%_change : 0.5462267435085608
Stock_Market_Volatility : 0.13183568751737107
Policy_Rate_&_Fed_Funds_Rate_Differential_AVG : 0.3910422935235162
REER : 0.1336515411353771
Portfolio_Flows : 0.4020391589196396
Foreign_Exchange_Reserve_change_yryr% : 0.44665947497775305
--------------------

