--------------------
id : 7804432420
explain variance ratio : 0.3108530276172624
Weight :
Term_Premium : -0.28990053436815916
Stock_Prices_mom%_change : -0.31550742161498335
Stock_Prices_mom24mma%_change : -0.4660034822675545
Stock_Market_Volatility : -0.023584191477479297
Current_Account_Balance_over_GDP : -0.486164739805379
Current_Account_Balance_change_yryr% : -0.06954002170400164
Broad_Money_mo12m%_change : -0.4104301513603553
Portfolio_Flows : -0.43480157487235305
--------------------

