--------------------
id : 7806417934
explain variance ratio : 0.33220889708698975
Weight :
Term_Premium : -0.3223566534025191
Stock_Prices_mom24mma%_change : -0.45796612348400323
Stock_Market_Volatility : -0.05158559599754549
Current_Account_Balance_over_GDP : -0.5143144092655968
Current_Account_Balance_change_yryr% : -0.07994938373575558
Broad_Money_mo12m%_change : -0.45595426923757393
Portfolio_Flows : -0.4526440465308522
--------------------

