--------------------
id : 7808491410
explain variance ratio : 0.37302949984528605
Weight :
Term_Premium : 0.1385280681609225
Stock_Prices_mom%_change : 0.2897420919477104
Stock_Prices_mom24mma%_change : 0.5283376357728597
One-Day_Repo_Rate_EOP : 0.20909213931471182
Foreign_Exchange_Reserve_over_GDP : 0.45955393738839045
Foreign_Exchange_Reserve_change_yryr% : 0.60233669406648
--------------------

