--------------------
id : 7823833776
explain variance ratio : 0.47727045785970335
Weight :
Risk_Premium : -0.128117725838874
Stock_Prices_mom24mma%_change : -0.5625764827542741
Current_Account_Balance_over_GDP : -0.5166657119282174
Foreign_Exchange_Reserve_change_yryr% : -0.478301567582214
Portfolio_Flows : -0.4139779003084704
--------------------

