--------------------
id : 7825574284
explain variance ratio : 0.35527545314861575
Weight :
Term_Premium : -0.25477069059034885
Risk_Premium : -0.06714274475384074
Stock_Prices_mom%_change : -0.31496665312008393
Stock_Prices_mom24mma%_change : -0.5128310393934543
Current_Account_Balance_over_GDP : -0.5178991379947491
Foreign_Exchange_Reserve_change_yryr% : -0.43532287612878384
Broad_Money_mo12m%_change : -0.3326538078592505
--------------------

