--------------------
id : 7831531486
explain variance ratio : 0.28101959421058537
Weight :
Term_Premium : -0.3254594510070371
Risk_Premium : -0.2470899030777608
Stock_Prices_mom%_change : -0.4171328850377099
Stock_Market_Volatility : -0.0742303797771883
Current_Account_Balance_over_GDP : -0.6184868505651229
Portfolio_Flows : -0.5205638752002553
--------------------

