--------------------
id : 7838084098
explain variance ratio : 0.3747065789080183
Weight :
Term_Premium : -0.19441102629947848
Stock_Prices_mom24mma%_change : -0.4125151017532528
One-Day_Repo_Rate_AVG : -0.5037539808408225
REER : -0.24847255781231625
Policy_Rate_&_Fed_Funds_Rate_Differential_AVG : -0.5023076085493647
Current_Account_Balance_change_yryr% : -0.0774466877895467
Portfolio_Flows : -0.21555291934910636
Foreign_Exchange_Reserve_change_yryr% : -0.4144333171739929
--------------------

