--------------------
id : 7853891114
explain variance ratio : 0.28878570595867475
Weight :
Term_Premium : -0.39381494336204054
Stock_Prices_mom%_change : -0.27241208857937893
Stock_Prices_mom24mma%_change : -0.5593501834289749
Stock_Market_Volatility : -0.10152757249940203
Current_Account_Balance_change_yryr% : -0.11856290120263042
Foreign_Exchange_Reserve_change_yryr% : -0.5206881887389837
Broad_Money_mo12m%_change : -0.4029238355658002
--------------------

