--------------------
id : 7854122151
explain variance ratio : 0.32092955954807795
Weight :
Term_Premium : -0.5772639596084953
Stock_Market_Volatility : -0.34152056388103824
Current_Account_Balance_change_yryr% : -0.03267106734895561
Broad_Money_mo12m%_change : -0.6628093773264989
Foreign_Exchange_Reserve_change_yryr% : -0.3312798757392869
--------------------

