--------------------
id : 7857572064
explain variance ratio : 0.3265746074021105
Weight :
Term_Premium : -0.21489908236769067
Stock_Prices_mom24mma%_change : -0.3854333210297852
Stock_Market_Volatility : -0.002083149184411208
REER : -0.337497296909108
Policy_Rate_&_Fed_Funds_Rate_Differential_EOP : -0.5762435903915293
Current_Account_Balance_change_yryr% : -0.0752858511163548
One-Day_Repo_Rate_EOP : -0.5678451709499712
Portfolio_Flows : -0.17657293532464313
--------------------

