--------------------
id : 7868041331
explain variance ratio : 0.31014621470900566
Weight :
Risk_Premium : 0.24044505337942193
Stock_Prices_mom%_change : 0.20696268572373028
Stock_Market_Volatility : 0.05197306255620369
Current_Account_Balance_over_GDP : 0.5283526453783107
Current_Account_Balance_change_yryr% : 0.2036466106339999
Foreign_Exchange_Reserve_over_GDP : 0.5626948851257023
Foreign_Exchange_Reserve_change_yryr% : 0.5093107402601219
--------------------

