--------------------
id : 7873383157
explain variance ratio : 0.33768600772280993
Weight :
Term_Premium : -0.16019274525355048
Stock_Prices_mom%_change : -0.25479213189070027
Current_Account_Balance_change_yryr% : -0.13298279566865095
Current_Account_Balance_over_GDP : -0.49016448517732003
Foreign_Exchange_Reserve_change_yryr% : -0.5245039211296934
Portfolio_Flows : -0.3856919917147168
Foreign_Exchange_Reserve_over_GDP : -0.4770858745220165
--------------------

