--------------------
id : 7896264131
explain variance ratio : 0.36175806379953324
Weight :
Risk_Premium : -0.2383217866971819
Stock_Prices_mom24mma%_change : -0.47805272888789896
Current_Account_Balance_change_yryr% : -0.16074641823192592
Current_Account_Balance_over_GDP : -0.5213663796975355
Broad_Money_mo12m%_change : -0.30580409715482776
Portfolio_Flows : -0.39231195809334996
Foreign_Exchange_Reserve_over_GDP : -0.41180235943383225
--------------------

