--------------------
id : 7897944955
explain variance ratio : 0.30392335022908745
Weight :
Term_Premium : 0.24020588400892764
Stock_Prices_mom%_change : 0.18326654521205532
Stock_Prices_mom24mma%_change : 0.5444237257986524
Current_Account_Balance_change_yryr% : 0.12136612491040878
One-Day_Repo_Rate_AVG : 0.4114161853296766
REER : 0.1450517653061405
Foreign_Exchange_Reserve_change_yryr% : 0.522294982782467
Portfolio_Flows : 0.36673183117352276
--------------------

