--------------------
id : 7908884079
explain variance ratio : 0.32630125717169656
Weight :
Term_Premium : -0.19530735250908246
Stock_Market_Volatility : -0.01237535183570504
Policy_Rate_&_Fed_Funds_Rate_Differential_AVG : -0.583487069555873
REER : -0.31373340894774093
Current_Account_Balance_change_yryr% : -0.0592178127606298
One-Day_Repo_Rate_EOP : -0.590607281439498
Portfolio_Flows : -0.15233842139180725
Foreign_Exchange_Reserve_change_yryr% : -0.38377776332704605
--------------------

