--------------------
id : 7923609018
explain variance ratio : 0.3543044154864451
Weight :
Term_Premium : -0.23722073634908267
Stock_Prices_mom%_change : -0.12365316790173198
Stock_Prices_mom24mma%_change : -0.3957477702803552
REER : -0.25508915981784097
One-Day_Repo_Rate_EOP : -0.51873649648754
Policy_Rate_&_Fed_Funds_Rate_Differential_EOP : -0.5057091346814908
Portfolio_Flows : -0.23528333977209298
Foreign_Exchange_Reserve_change_yryr% : -0.35575540405261585
--------------------

