--------------------
id : 7926615277
explain variance ratio : 0.3264409756615276
Weight :
Term_Premium : -0.19675720853369638
Stock_Prices_mom%_change : -0.029554907252142937
Current_Account_Balance_change_yryr% : -0.058977486148194105
REER : -0.3107029383840137
Policy_Rate_&_Fed_Funds_Rate_Differential_AVG : -0.5824957023586179
One-Day_Repo_Rate_EOP : -0.5893822304863979
Foreign_Exchange_Reserve_change_yryr% : -0.38649207406303554
Portfolio_Flows : -0.1560438027016629
--------------------

