--------------------
id : 7927804795
explain variance ratio : 0.33863219903692277
Weight :
Term_Premium : -0.22713409005022517
Risk_Premium : -0.16033614797136608
Stock_Prices_mom%_change : -0.2679342057089294
Stock_Prices_mom24mma%_change : -0.4643135990650408
Current_Account_Balance_over_GDP : -0.4930324434813761
Broad_Money_mo12m%_change : -0.3462068234733006
Portfolio_Flows : -0.3954065617843545
Foreign_Exchange_Reserve_over_GDP : -0.3406465380395634
--------------------

