--------------------
id : 7933719872
explain variance ratio : 0.32662560743377583
Weight :
Term_Premium : -0.18947707942014197
Stock_Prices_mom%_change : -0.030516892167501752
Policy_Rate_&_Fed_Funds_Rate_Differential_AVG : -0.5829952513906191
One-Day_Repo_Rate_AVG : -0.5897810088579242
REER : -0.3141032208820921
Current_Account_Balance_change_yryr% : -0.05893031712203042
Portfolio_Flows : -0.15494461624552447
Foreign_Exchange_Reserve_change_yryr% : -0.3863943637856116
--------------------

