--------------------
id : 7953139492
explain variance ratio : 0.35481685329407825
Weight :
Term_Premium : -0.13668930822881695
Risk_Premium : -0.3605346795024955
Stock_Prices_mom24mma%_change : -0.5255337141140315
Stock_Market_Volatility : -0.003856470095588708
Current_Account_Balance_over_GDP : -0.5803322105622739
Foreign_Exchange_Reserve_over_GDP : -0.4882056392994434
--------------------

