--------------------
id : 7958990535
explain variance ratio : 0.3250916180687899
Weight :
Risk_Premium : 0.10887114197209027
Stock_Prices_mom%_change : 0.28030355109030664
Stock_Prices_mom24mma%_change : 0.5304562986262386
Current_Account_Balance_change_yryr% : 0.1631667234298942
Broad_Money_mo12m%_change : 0.20745033035445615
Foreign_Exchange_Reserve_over_GDP : 0.505172267722577
Foreign_Exchange_Reserve_change_yryr% : 0.5507586310396013
--------------------

