--------------------
id : 7969554735
explain variance ratio : 0.31681124897872714
Weight :
Term_Premium : -0.35575379999021794
Stock_Prices_mom24mma%_change : -0.5301955114032673
Stock_Market_Volatility : -0.07097781420524744
One-Day_Repo_Rate_AVG : -0.439474940986507
Current_Account_Balance_change_yryr% : -0.11120965147097572
Broad_Money_mo12m%_change : -0.29423935751088937
Foreign_Exchange_Reserve_change_yryr% : -0.5433336852498502
--------------------

