--------------------
id : 7988693992
explain variance ratio : 0.38365178442464387
Weight :
Term_Premium : -0.12709154141801415
Stock_Prices_mom%_change : -0.25249620026998876
Stock_Prices_mom24mma%_change : -0.5005196304567113
Current_Account_Balance_change_yryr% : -0.1248592232360527
Current_Account_Balance_over_GDP : -0.46990134502139536
Foreign_Exchange_Reserve_change_yryr% : -0.49784847772014207
Foreign_Exchange_Reserve_over_GDP : -0.43049193027093746
--------------------

