--------------------
id : 8019232528
explain variance ratio : 0.3225704193323493
Weight :
Term_Premium : -0.39759813354905393
Stock_Prices_mom%_change : -0.2758822162980096
Current_Account_Balance_over_GDP : -0.5688449217569393
Current_Account_Balance_change_yryr% : -0.09408239281802602
Broad_Money_mo12m%_change : -0.5380650321957705
Foreign_Exchange_Reserve_over_GDP : -0.37928182979144637
--------------------

