--------------------
id : 8020285844
explain variance ratio : 0.3448010651876289
Weight :
Term_Premium : -0.22100670586702648
Stock_Prices_mom%_change : -0.10806505257257015
Stock_Prices_mom24mma%_change : -0.355335112951066
Stock_Market_Volatility : -0.13014947838266755
Policy_Rate_&_Fed_Funds_Rate_Differential_AVG : -0.5427519549394781
One-Day_Repo_Rate_AVG : -0.553466637747136
REER : -0.3060346096386469
Foreign_Exchange_Reserve_change_yryr% : -0.31892611239696694
--------------------

