--------------------
id : 8038487335
explain variance ratio : 0.25228499292087236
Weight :
Term_Premium : -0.36084115931181493
Risk_Premium : -0.03190847869508828
Stock_Prices_mom24mma%_change : -0.4851330830508568
One-Day_Repo_Rate_AVG : -0.042916295004877134
Policy_Rate_&_Fed_Funds_Rate_Differential_EOP : -0.04684561275590335
Broad_Money_mo12m%_change : -0.4784887096054981
Portfolio_Flows : -0.5218990491794793
Foreign_Exchange_Reserve_over_GDP : -0.3578477551943566
--------------------

