--------------------
id : 8039531885
explain variance ratio : 0.3056412761889087
Weight :
Risk_Premium : -0.649831857486868
Stock_Prices_mom24mma%_change : -0.2249575009968422
REER : -0.5106098887594928
Velocity_of_Money_mo12m%_change : -0.49678809379623645
Foreign_Exchange_Reserve_over_GDP : -0.13997075088654434
--------------------

