--------------------
id : 8062958598
explain variance ratio : 0.3263679782065314
Weight :
Term_Premium : -0.21060242777398
Stock_Prices_mom%_change : -0.05456868947391147
Stock_Prices_mom24mma%_change : -0.3913281271879281
Policy_Rate_&_Fed_Funds_Rate_Differential_AVG : -0.5724031287941974
REER : -0.33664813960875445
Current_Account_Balance_change_yryr% : -0.07539182456714177
One-Day_Repo_Rate_EOP : -0.5650273692261722
Portfolio_Flows : -0.18334122688244442
--------------------

