--------------------
id : 8068713359
explain variance ratio : 0.38390551533098255
Weight :
Term_Premium : -0.197157488429516
Stock_Prices_mom24mma%_change : -0.46934374523729505
Current_Account_Balance_over_GDP : -0.48628476909445983
One-Day_Repo_Rate_EOP : -0.013952416407000762
Broad_Money_mo12m%_change : -0.2899322399596479
Foreign_Exchange_Reserve_over_GDP : -0.43089675226560537
Foreign_Exchange_Reserve_change_yryr% : -0.4841953243319098
--------------------

