--------------------
id : 8070411748
explain variance ratio : 0.2710480855327255
Weight :
Term_Premium : -0.2901296079145064
Stock_Prices_mom%_change : -0.274694437747952
Stock_Market_Volatility : -0.004859268733156785
One-Day_Repo_Rate_AVG : -0.17447216889901218
Foreign_Exchange_Reserve_change_yryr% : -0.5219700723471545
Broad_Money_mo12m%_change : -0.40584483451382625
Portfolio_Flows : -0.4449186610709559
Foreign_Exchange_Reserve_over_GDP : -0.41807681730986146
--------------------

