--------------------
id : 8075971630
explain variance ratio : 0.33027952272686467
Weight :
Term_Premium : -0.25011424616518146
Stock_Prices_mom%_change : -0.12382107258717501
Stock_Prices_mom24mma%_change : -0.3214326188121826
Stock_Market_Volatility : -0.18836173132775816
One-Day_Repo_Rate_AVG : -0.5529624735494914
REER : -0.3479803417524498
Policy_Rate_&_Fed_Funds_Rate_Differential_AVG : -0.5636264301524013
Portfolio_Flows : -0.19692528384357455
--------------------

