--------------------
id : 8082287350
explain variance ratio : 0.2767613008780747
Weight :
Term_Premium : 0.26813525459201365
Stock_Prices_mom24mma%_change : 0.5731072130368415
Stock_Market_Volatility : 0.009789995823133002
Policy_Rate_&_Fed_Funds_Rate_Differential_AVG : 0.3227771943549363
REER : 0.04668564690302285
Broad_Money_mo12m%_change : 0.2002361526702719
Portfolio_Flows : 0.40468354609504475
Foreign_Exchange_Reserve_change_yryr% : 0.5378920035222248
--------------------

