--------------------
id : 8082949822
explain variance ratio : 0.36211315659066884
Weight :
Risk_Premium : -0.38138833008655587
Stock_Prices_mom24mma%_change : -0.5021994662985609
Stock_Market_Volatility : -0.018908000577006423
Current_Account_Balance_over_GDP : -0.5548637748094898
Current_Account_Balance_change_yryr% : -0.22911864344148064
Foreign_Exchange_Reserve_over_GDP : -0.4915403990203742
--------------------

