--------------------
id : 8091131971
explain variance ratio : 0.3747065789080181
Weight :
Term_Premium : -0.1944110262994787
Stock_Prices_mom24mma%_change : -0.4125151017532528
Policy_Rate_&_Fed_Funds_Rate_Differential_AVG : -0.5023076085493646
One-Day_Repo_Rate_AVG : -0.5037539808408222
REER : -0.24847255781231603
Current_Account_Balance_change_yryr% : -0.07744668778954676
Portfolio_Flows : -0.21555291934910636
Foreign_Exchange_Reserve_change_yryr% : -0.4144333171739929
--------------------

