--------------------
id : 8102143197
explain variance ratio : 0.22091900306713508
Weight :
Term_Premium : -0.48324149257452087
Stock_Prices_mom%_change : -0.6571185963319492
Current_Account_Balance_change_yryr% : -0.197751095288133
One-Day_Repo_Rate_AVG : -0.09518532909922439
Foreign_Exchange_Reserve_over_GDP : -0.5352635497077062
--------------------

