--------------------
id : 8103565622
explain variance ratio : 0.2925838840449241
Weight :
Term_Premium : -0.43049320151926335
Stock_Prices_mom%_change : -0.20825064719869868
Current_Account_Balance_change_yryr% : -0.06835749362314454
One-Day_Repo_Rate_EOP : -0.3542368659793965
Broad_Money_mo12m%_change : -0.44704184168726574
Portfolio_Flows : -0.457740732681273
Foreign_Exchange_Reserve_change_yryr% : -0.48143304898910183
--------------------

