--------------------
id : 8110381739
explain variance ratio : 0.3839212261850361
Weight :
Term_Premium : -0.26338561539139965
Stock_Prices_mom%_change : -0.24520295476216936
Current_Account_Balance_over_GDP : -0.5189398980417228
Broad_Money_mo12m%_change : -0.38369262359841716
Foreign_Exchange_Reserve_over_GDP : -0.459248338446575
Foreign_Exchange_Reserve_change_yryr% : -0.49302722544649125
--------------------

