--------------------
id : 8118410349
explain variance ratio : 0.24309896331353026
Weight :
Term_Premium : -0.2616138471950628
Risk_Premium : -0.15371746749201715
Stock_Prices_mom%_change : -0.40185291936380363
Stock_Market_Volatility : -0.032665075624908634
Current_Account_Balance_change_yryr% : -0.16674656925940037
Current_Account_Balance_over_GDP : -0.6529949878135527
Foreign_Exchange_Reserve_change_yryr% : -0.5396012293420432
--------------------

