--------------------
id : 8129769890
explain variance ratio : 0.31182910355455973
Weight :
Term_Premium : 0.11399690085522944
Risk_Premium : 0.22152817078022674
Stock_Prices_mom%_change : 0.21824513546307248
Current_Account_Balance_over_GDP : 0.5313978148439693
Current_Account_Balance_change_yryr% : 0.1859276845795096
Foreign_Exchange_Reserve_over_GDP : 0.5534629240096512
Foreign_Exchange_Reserve_change_yryr% : 0.5167447021746034
--------------------

