--------------------
id : 8158446022
explain variance ratio : 0.3552754531486158
Weight :
Term_Premium : -0.2547706905903487
Risk_Premium : -0.06714274475384097
Stock_Prices_mom%_change : -0.314966653120084
Stock_Prices_mom24mma%_change : -0.5128310393934542
Current_Account_Balance_over_GDP : -0.5178991379947491
Broad_Money_mo12m%_change : -0.33265380785925036
Foreign_Exchange_Reserve_change_yryr% : -0.43532287612878384
--------------------

