--------------------
id : 8163970421
explain variance ratio : 0.33424380199215503
Weight :
Term_Premium : -0.17641177779084344
Stock_Prices_mom%_change : -0.2631012286501192
Current_Account_Balance_over_GDP : -0.4914244745155657
One-Day_Repo_Rate_EOP : -0.006370311487377434
Portfolio_Flows : -0.39174540782515743
Foreign_Exchange_Reserve_over_GDP : -0.4730279185800426
Foreign_Exchange_Reserve_change_yryr% : -0.5299982611385236
--------------------

