--------------------
id : 8173785169
explain variance ratio : 0.38897849952384633
Weight :
Risk_Premium : -0.16929418540205432
Stock_Prices_mom%_change : -0.24633823309556352
Current_Account_Balance_over_GDP : -0.5049640941690257
Foreign_Exchange_Reserve_change_yryr% : -0.5095525439097591
Portfolio_Flows : -0.37516012967333495
Foreign_Exchange_Reserve_over_GDP : -0.505251718852143
--------------------

