--------------------
id : 8174311187
explain variance ratio : 0.3964993288523037
Weight :
Term_Premium : -0.41147490991294544
Stock_Prices_mom24mma%_change : -0.4564725697997458
Stock_Market_Volatility : -0.10300521936562165
Current_Account_Balance_over_GDP : -0.5835879361150877
Broad_Money_mo12m%_change : -0.5207074391027275
--------------------

