--------------------
id : 8178663660
explain variance ratio : 0.33088285730963873
Weight :
Term_Premium : -0.33187723862688473
Stock_Prices_mom%_change : -0.29976000135701986
Current_Account_Balance_over_GDP : -0.4869884243007917
One-Day_Repo_Rate_EOP : -0.0018619314639847229
Foreign_Exchange_Reserve_change_yryr% : -0.39010784233508267
Broad_Money_mo12m%_change : -0.4613331375622902
Portfolio_Flows : -0.44477843406767037
--------------------

