--------------------
id : 8183207348
explain variance ratio : 0.32295528119402556
Weight :
Term_Premium : -0.19695326468257962
Risk_Premium : -0.20731316126831878
Stock_Prices_mom%_change : -0.35122430868508187
Stock_Prices_mom24mma%_change : -0.5567996533930828
Current_Account_Balance_change_yryr% : -0.12685610256762625
Current_Account_Balance_over_GDP : -0.5305988742501219
Portfolio_Flows : -0.43268771597041517
--------------------

