--------------------
id : 8194752975
explain variance ratio : 0.31855219377860317
Weight :
Term_Premium : 0.09317235131365141
Risk_Premium : 0.128380876297509
Stock_Prices_mom%_change : 0.2792567910949554
Stock_Prices_mom24mma%_change : 0.5427318317255039
Current_Account_Balance_change_yryr% : 0.1651719836185692
Foreign_Exchange_Reserve_change_yryr% : 0.5602407373816677
Foreign_Exchange_Reserve_over_GDP : 0.5110221120622372
--------------------

