--------------------
id : 8195132133
explain variance ratio : 0.3500082255195261
Weight :
Risk_Premium : 0.0933377598105586
Stock_Prices_mom24mma%_change : 0.4990092998199676
Current_Account_Balance_change_yryr% : 0.14924011274817986
Broad_Money_mo12m%_change : 0.2537054298673044
Portfolio_Flows : 0.40882807451974057
Foreign_Exchange_Reserve_change_yryr% : 0.5136636366946435
Foreign_Exchange_Reserve_over_GDP : 0.47397046185559344
--------------------

