--------------------
id : 8198945456
explain variance ratio : 0.23556409693469327
Weight :
Term_Premium : -0.4990286178354488
Stock_Prices_mom%_change : -0.026195774297543162
Current_Account_Balance_change_yryr% : -0.11477140559155105
One-Day_Repo_Rate_AVG : -0.7133698761188975
REER : -0.3744644383816236
Broad_Money_mo12m%_change : -0.2966336944488538
--------------------

