--------------------
id : 8204012672
explain variance ratio : 0.298554702277396
Weight :
Term_Premium : -0.24570595889624613
Stock_Prices_mom24mma%_change : -0.5425716074250572
Stock_Market_Volatility : -0.0022738199185507735
Current_Account_Balance_change_yryr% : -0.12919404228935583
REER : -0.17024469535802111
One-Day_Repo_Rate_EOP : -0.44129409925427
Foreign_Exchange_Reserve_change_yryr% : -0.5264343391813686
Portfolio_Flows : -0.35733948837970997
--------------------

