--------------------
id : 8205314716
explain variance ratio : 0.2774947907028268
Weight :
Term_Premium : -0.11410670498369326
Risk_Premium : -0.4106661960020022
Stock_Market_Volatility : -0.13142751981446
Current_Account_Balance_change_yryr% : -0.24914028583766032
Current_Account_Balance_over_GDP : -0.5769365192103162
Portfolio_Flows : -0.359677994515161
Foreign_Exchange_Reserve_over_GDP : -0.5260844546365093
--------------------

