--------------------
id : 8208104827
explain variance ratio : 0.25233675620932217
Weight :
Term_Premium : -0.3604775740081439
Risk_Premium : -0.03499414104767451
Stock_Prices_mom24mma%_change : -0.48523352021424937
Policy_Rate_&_Fed_Funds_Rate_Differential_EOP : -0.04365534391079115
One-Day_Repo_Rate_EOP : -0.04224505962017906
Broad_Money_mo12m%_change : -0.4780376187141715
Portfolio_Flows : -0.5216994890737253
Foreign_Exchange_Reserve_over_GDP : -0.3591643129126876
--------------------

