--------------------
id : 8210074196
explain variance ratio : 0.299106734832666
Weight :
Risk_Premium : -0.1636658726924651
Stock_Prices_mom%_change : -0.3272341837145261
Stock_Prices_mom24mma%_change : -0.508329600280708
Stock_Market_Volatility : -0.02635051668515522
Current_Account_Balance_change_yryr% : -0.12317296551161155
Current_Account_Balance_over_GDP : -0.5225947996902576
Broad_Money_mo12m%_change : -0.3508100578536356
Portfolio_Flows : -0.44237239751806967
--------------------

