--------------------
id : 8221002290
explain variance ratio : 0.30615505335702525
Weight :
Term_Premium : -0.3470466344657119
Stock_Prices_mom%_change : -0.35011755325049154
Stock_Prices_mom24mma%_change : -0.49088670454439
Stock_Market_Volatility : -0.05044962510713616
Current_Account_Balance_change_yryr% : -0.0757549928798465
Current_Account_Balance_over_GDP : -0.5537721877146337
Broad_Money_mo12m%_change : -0.44839598148013277
--------------------

