--------------------
id : 8223231451
explain variance ratio : 0.25079399948137693
Weight :
Risk_Premium : -0.6810643576046405
Stock_Prices_mom24mma%_change : -0.3042298688680709
Current_Account_Balance_over_GDP : -0.02876126333321205
REER : -0.4820668714420292
Foreign_Exchange_Reserve_change_yryr% : -0.0922094873349033
Velocity_of_Money_mo12m%_change : -0.4493075331263662
--------------------

