--------------------
id : 8227961941
explain variance ratio : 0.38551417283305145
Weight :
Term_Premium : -0.4152731556732719
Stock_Prices_mom%_change : -0.27976121983935043
Current_Account_Balance_over_GDP : -0.5635988552910487
Broad_Money_mo12m%_change : -0.5463611150731318
Foreign_Exchange_Reserve_over_GDP : -0.36486672676722004
--------------------

