--------------------
id : 8228197486
explain variance ratio : 0.30942723535906547
Weight :
Term_Premium : 0.2931808830144043
Stock_Prices_mom%_change : 0.30129644294542146
Stock_Prices_mom24mma%_change : 0.6505743614236401
REER : 0.03885782770711821
Current_Account_Balance_change_yryr% : 0.17666213774330036
Foreign_Exchange_Reserve_change_yryr% : 0.606051963015883
--------------------

