--------------------
id : 8239643759
explain variance ratio : 0.38620615741825454
Weight :
Term_Premium : -0.2910847540350724
Stock_Prices_mom24mma%_change : -0.5161920454632593
Current_Account_Balance_over_GDP : -0.5354010601967905
One-Day_Repo_Rate_EOP : -0.03254630073816106
Foreign_Exchange_Reserve_change_yryr% : -0.4735408013507099
Broad_Money_mo12m%_change : -0.3699472809378907
--------------------

