--------------------
id : 8264069165
explain variance ratio : 0.40177596827141154
Weight :
Term_Premium : -0.19256969639845564
Stock_Prices_mom%_change : -0.3173168025954346
Stock_Prices_mom24mma%_change : -0.5383892525428673
Current_Account_Balance_over_GDP : -0.5104277505612063
Portfolio_Flows : -0.41961186340338347
Foreign_Exchange_Reserve_over_GDP : -0.3684472378972561
--------------------

