--------------------
id : 8272330728
explain variance ratio : 0.32780871896729674
Weight :
Term_Premium : 0.18382763037265734
Stock_Prices_mom%_change : 0.28565714019697164
One-Day_Repo_Rate_EOP : 0.24311315258855765
Portfolio_Flows : 0.4163780004014831
Foreign_Exchange_Reserve_over_GDP : 0.4984557197714193
Foreign_Exchange_Reserve_change_yryr% : 0.6353539578953872
--------------------

