--------------------
id : 8289044855
explain variance ratio : 0.3860293416881898
Weight :
Term_Premium : -0.33176253239229886
Stock_Prices_mom%_change : -0.2997186858756057
Current_Account_Balance_over_GDP : -0.48737582095162363
Foreign_Exchange_Reserve_change_yryr% : -0.38968146524365926
Broad_Money_mo12m%_change : -0.46137890007680765
Portfolio_Flows : -0.4447977144712528
--------------------

