--------------------
id : 8320689465
explain variance ratio : 0.27106453308785505
Weight :
Term_Premium : -0.2936733980687013
Stock_Prices_mom%_change : -0.2743582075691374
Stock_Market_Volatility : -0.0030136635144045743
One-Day_Repo_Rate_EOP : -0.17501301784336107
Broad_Money_mo12m%_change : -0.4071499376410402
Portfolio_Flows : -0.4446036583018613
Foreign_Exchange_Reserve_over_GDP : -0.4162035408408548
Foreign_Exchange_Reserve_change_yryr% : -0.5207456178585166
--------------------

