--------------------
id : 8321149332
explain variance ratio : 0.30609082784305125
Weight :
Term_Premium : -0.3585156156881795
Stock_Prices_mom%_change : -0.17116641611357242
REER : -0.516640456144704
One-Day_Repo_Rate_EOP : -0.7028617012777691
Portfolio_Flows : -0.28502048918292416
--------------------

