--------------------
id : 8321396768
explain variance ratio : 0.32579728917228923
Weight :
Term_Premium : -0.20769444175312451
Stock_Prices_mom24mma%_change : -0.38397998949779166
Stock_Market_Volatility : -0.0037745650091058833
Current_Account_Balance_change_yryr% : -0.0756090670615294
REER : -0.3429426218023199
Policy_Rate_&_Fed_Funds_Rate_Differential_AVG : -0.5757355318372634
One-Day_Repo_Rate_EOP : -0.5689522386422684
Portfolio_Flows : -0.1757945216512088
--------------------

