--------------------
id : 8326361018
explain variance ratio : 0.3499235711115528
Weight :
Term_Premium : 0.1684387991835781
Stock_Prices_mom%_change : 0.2553525382212052
One-Day_Repo_Rate_AVG : 0.02169067055493401
Current_Account_Balance_over_GDP : 0.520648216340041
Foreign_Exchange_Reserve_change_yryr% : 0.5853526209130223
Foreign_Exchange_Reserve_over_GDP : 0.5405929253853127
--------------------

