--------------------
id : 8342693338
explain variance ratio : 0.297818673974527
Weight :
Term_Premium : -0.5343396912549063
Stock_Prices_mom%_change : -0.2573231844285758
Stock_Prices_mom24mma%_change : -0.5281474639836891
One-Day_Repo_Rate_AVG : -0.3892787773473067
Current_Account_Balance_change_yryr% : -0.09770499848750273
Broad_Money_mo12m%_change : -0.4563352892011427
--------------------

