--------------------
id : 8350083572
explain variance ratio : 0.3579091913746949
Weight :
Term_Premium : -0.21538874909759045
Stock_Prices_mom24mma%_change : -0.47659308839897685
One-Day_Repo_Rate_EOP : -0.14327387916279014
Foreign_Exchange_Reserve_change_yryr% : -0.5201171921735243
Broad_Money_mo12m%_change : -0.30642103487553507
Portfolio_Flows : -0.40848381436862524
Foreign_Exchange_Reserve_over_GDP : -0.41792886905828824
--------------------

