--------------------
id : 8358206457
explain variance ratio : 0.3426362827846832
Weight :
Term_Premium : -0.40982812933336704
Stock_Prices_mom%_change : -0.26065895827153884
One-Day_Repo_Rate_AVG : -0.5046450239638822
Portfolio_Flows : -0.46589593373059796
Foreign_Exchange_Reserve_change_yryr% : -0.5407145185786084
--------------------

