--------------------
id : 8359094518
explain variance ratio : 0.38072008886702574
Weight :
Term_Premium : -0.2455184920626631
Stock_Prices_mom24mma%_change : -0.47962609081087815
Current_Account_Balance_over_GDP : -0.482041234533912
Current_Account_Balance_change_yryr% : -0.08556383419923141
Broad_Money_mo12m%_change : -0.35416719128844054
Portfolio_Flows : -0.41058615125313846
Foreign_Exchange_Reserve_change_yryr% : -0.41949871819695966
--------------------

