--------------------
id : 8360681698
explain variance ratio : 0.3774770909982931
Weight :
Risk_Premium : -0.3202591496280111
Stock_Prices_mom24mma%_change : -0.4906570715852753
Current_Account_Balance_over_GDP : -0.5672282433835564
Current_Account_Balance_change_yryr% : -0.2023823237366602
Broad_Money_mo12m%_change : -0.26817690778088865
Foreign_Exchange_Reserve_over_GDP : -0.47123707012812677
--------------------

