--------------------
id : 8370980608
explain variance ratio : 0.3245181063784911
Weight :
Term_Premium : 0.152753841941369
Stock_Market_Volatility : 0.025210059850207855
Current_Account_Balance_over_GDP : 0.5000676438874025
Current_Account_Balance_change_yryr% : 0.15190149827592955
Portfolio_Flows : 0.3789472978852404
Foreign_Exchange_Reserve_over_GDP : 0.5169133235846255
Foreign_Exchange_Reserve_change_yryr% : 0.5404521850627495
--------------------

