--------------------
id : 8370009352
explain variance ratio : 0.27261132759886714
Weight :
Term_Premium : -0.4068408773722903
Stock_Prices_mom%_change : -0.1562497750424996
Stock_Market_Volatility : -0.025607308397182907
Current_Account_Balance_change_yryr% : -0.10956310878362642
One-Day_Repo_Rate_EOP : -0.6314877176750097
Foreign_Exchange_Reserve_change_yryr% : -0.6313714926048218
--------------------

