--------------------
id : 8372637054
explain variance ratio : 0.21995320505242813
Weight :
Term_Premium : 0.24953858578352964
Risk_Premium : 0.012598820298252211
Stock_Prices_mom24mma%_change : 0.6241123587576525
Policy_Rate_&_Fed_Funds_Rate_Differential_AVG : 0.13335238888262985
One-Day_Repo_Rate_EOP : 0.15649751632389364
Current_Account_Balance_change_yryr% : 0.13907396909107236
Portfolio_Flows : 0.5455748953203052
Foreign_Exchange_Reserve_over_GDP : 0.43449701962090587
--------------------

