--------------------
id : 8397069579
explain variance ratio : 0.3258081657378811
Weight :
Term_Premium : 0.1514615663921347
Risk_Premium : 0.1786688524364456
Stock_Market_Volatility : 0.03166012800709182
Current_Account_Balance_over_GDP : 0.5182438528479629
Foreign_Exchange_Reserve_change_yryr% : 0.5105674013532044
Portfolio_Flows : 0.37095019217655445
Foreign_Exchange_Reserve_over_GDP : 0.5265687646970448
--------------------

