--------------------
id : 8399935982
explain variance ratio : 0.38003349438665013
Weight :
Term_Premium : -0.14004712117329085
Stock_Prices_mom%_change : -0.25947306952763616
Stock_Prices_mom24mma%_change : -0.5044521074530333
Current_Account_Balance_over_GDP : -0.4675561640801117
One-Day_Repo_Rate_EOP : -0.026845300420600404
Foreign_Exchange_Reserve_over_GDP : -0.42722771765386136
Foreign_Exchange_Reserve_change_yryr% : -0.5066908740755702
--------------------

