--------------------
id : 8401691657
explain variance ratio : 0.32847849028153264
Weight :
Risk_Premium : -0.37419842378178825
Stock_Prices_mom%_change : -0.39423638136562544
Current_Account_Balance_over_GDP : -0.6283746316577502
Current_Account_Balance_change_yryr% : -0.24829278108394917
Portfolio_Flows : -0.49804541198323266
--------------------

