--------------------
id : 8415901968
explain variance ratio : 0.27353460778173855
Weight :
Term_Premium : -0.5567973361449903
Stock_Prices_mom%_change : -0.23651080388007428
Stock_Market_Volatility : -0.302223056112667
Current_Account_Balance_change_yryr% : -0.029358277911301647
Foreign_Exchange_Reserve_change_yryr% : -0.3569539259306047
Broad_Money_mo12m%_change : -0.6437566129715289
--------------------

