--------------------
id : 8417999268
explain variance ratio : 0.2541987214709783
Weight :
Term_Premium : -0.2575760108749509
Risk_Premium : -0.05961979238864701
Stock_Market_Volatility : -0.09284162516161713
Current_Account_Balance_change_yryr% : -0.17817688237740315
Broad_Money_mo12m%_change : -0.39954148271253065
Foreign_Exchange_Reserve_over_GDP : -0.620088190803328
Foreign_Exchange_Reserve_change_yryr% : -0.5878696704364239
--------------------

