--------------------
id : 8419258877
explain variance ratio : 0.3182182452262715
Weight :
Term_Premium : -0.4285687934447969
Risk_Premium : -0.013828403904081688
Stock_Market_Volatility : -0.18859919096853678
Current_Account_Balance_over_GDP : -0.5643591087669343
Foreign_Exchange_Reserve_change_yryr% : -0.37742022670517117
Broad_Money_mo12m%_change : -0.5653500495466138
--------------------

