--------------------
id : 8420619366
explain variance ratio : 0.37666848522336166
Weight :
Risk_Premium : 0.3375400861930513
Stock_Prices_mom%_change : 0.2607763815708459
Stock_Prices_mom24mma%_change : 0.5233071206381469
Current_Account_Balance_change_yryr% : 0.2020264801175236
Current_Account_Balance_over_GDP : 0.5453313310759789
Foreign_Exchange_Reserve_over_GDP : 0.45388442052491945
--------------------

