--------------------
id : 8428918596
explain variance ratio : 0.3245181063784913
Weight :
Term_Premium : 0.15275384194136912
Stock_Market_Volatility : 0.025210059850206856
Current_Account_Balance_change_yryr% : 0.15190149827592897
Current_Account_Balance_over_GDP : 0.5000676438874024
Foreign_Exchange_Reserve_change_yryr% : 0.5404521850627495
Portfolio_Flows : 0.37894729788524095
Foreign_Exchange_Reserve_over_GDP : 0.5169133235846254
--------------------

