--------------------
id : 8432449599
explain variance ratio : 0.3641383356771044
Weight :
Term_Premium : -0.10464212272704866
Risk_Premium : -0.36709954939536626
Stock_Prices_mom24mma%_change : -0.5090124779846291
Current_Account_Balance_over_GDP : -0.5606259028170346
Current_Account_Balance_change_yryr% : -0.2146101789292525
Foreign_Exchange_Reserve_over_GDP : -0.48459809371414553
--------------------

