--------------------
id : 8433274366
explain variance ratio : 0.4632056442931072
Weight :
Term_Premium : -0.28963730543710225
Stock_Prices_mom24mma%_change : -0.5155396100443688
Current_Account_Balance_over_GDP : -0.5428482840142883
Foreign_Exchange_Reserve_change_yryr% : -0.4665815377428827
Broad_Money_mo12m%_change : -0.37141156545625353
--------------------

