--------------------
id : 8435749740
explain variance ratio : 0.28596972679271154
Weight :
Term_Premium : -0.3127272056605558
Stock_Prices_mom%_change : -0.1795219812194263
Stock_Prices_mom24mma%_change : -0.5399648132645591
Current_Account_Balance_change_yryr% : -0.1140557205552057
REER : -0.12600692547205522
One-Day_Repo_Rate_EOP : -0.4559036230576584
Foreign_Exchange_Reserve_change_yryr% : -0.5330480061571197
Broad_Money_mo12m%_change : -0.23986831906588674
--------------------

