--------------------
id : 8444040035
explain variance ratio : 0.3202376261629341
Weight :
Term_Premium : -0.22109507964165961
Stock_Prices_mom%_change : -0.414366513319274
Stock_Prices_mom24mma%_change : -0.6010808758456407
One-Day_Repo_Rate_AVG : -0.04029374319335649
Portfolio_Flows : -0.5210508962665403
Foreign_Exchange_Reserve_over_GDP : -0.38079064700937215
--------------------

