--------------------
id : 8455775119
explain variance ratio : 0.34739849469954137
Weight :
Risk_Premium : -0.2597753391707621
Stock_Market_Volatility : -0.19879804793792089
Current_Account_Balance_over_GDP : -0.5679587330935434
Broad_Money_mo12m%_change : -0.43973329246484416
Portfolio_Flows : -0.4164897631760555
Foreign_Exchange_Reserve_over_GDP : -0.4512093698773828
--------------------

