--------------------
id : 8459748779
explain variance ratio : 0.3873413597695178
Weight :
Term_Premium : -0.18337666065928673
Stock_Prices_mom24mma%_change : -0.46744151547630686
Current_Account_Balance_over_GDP : -0.48606246940465986
Current_Account_Balance_change_yryr% : -0.11917389456455596
Broad_Money_mo12m%_change : -0.28234723974900056
Foreign_Exchange_Reserve_over_GDP : -0.433898439869352
Foreign_Exchange_Reserve_change_yryr% : -0.4789827436456201
--------------------

