--------------------
id : 8463889314
explain variance ratio : 0.35468280071283476
Weight :
Term_Premium : -0.3007862675482338
Stock_Prices_mom24mma%_change : -0.6712700462586535
REER : -0.08788591918956862
Current_Account_Balance_change_yryr% : -0.21528492449633965
Foreign_Exchange_Reserve_change_yryr% : -0.6362802941653287
--------------------

