--------------------
id : 8464389195
explain variance ratio : 0.3042588036453807
Weight :
Term_Premium : 0.09422303755622208
Risk_Premium : 0.25348244613787624
Stock_Market_Volatility : 0.06312365344914145
Current_Account_Balance_change_yryr% : 0.20812976989491988
Current_Account_Balance_over_GDP : 0.5340450354113776
Foreign_Exchange_Reserve_change_yryr% : 0.506349997100934
Foreign_Exchange_Reserve_over_GDP : 0.5813532940826099
--------------------

