--------------------
id : 8482244212
explain variance ratio : 0.3766684852233616
Weight :
Risk_Premium : 0.33754008619305104
Stock_Prices_mom%_change : 0.2607763815708458
Stock_Prices_mom24mma%_change : 0.5233071206381466
Current_Account_Balance_over_GDP : 0.5453313310759784
Current_Account_Balance_change_yryr% : 0.20202648011752372
Foreign_Exchange_Reserve_over_GDP : 0.4538844205249194
--------------------

