--------------------
id : 8484923512
explain variance ratio : 0.29098483101744604
Weight :
Risk_Premium : 0.15824702964349355
Stock_Market_Volatility : 0.07651494744543874
Current_Account_Balance_change_yryr% : 0.26041477233195165
Broad_Money_mo12m%_change : 0.2604152387559289
Foreign_Exchange_Reserve_over_GDP : 0.6863330036002383
Foreign_Exchange_Reserve_change_yryr% : 0.6020119586607051
--------------------

