--------------------
id : 8484790760
explain variance ratio : 0.3238927979844977
Weight :
Risk_Premium : -0.321433543103399
Stock_Market_Volatility : -0.40349438629890977
Current_Account_Balance_change_yryr% : -0.23927326405667432
Current_Account_Balance_over_GDP : -0.6392466309542685
Broad_Money_mo12m%_change : -0.5176724905908596
--------------------

