--------------------
id : 8493306948
explain variance ratio : 0.31604832972595287
Weight :
Term_Premium : -0.14284857749963625
Risk_Premium : -0.2468577850595302
Stock_Prices_mom%_change : -0.27432177422786735
Stock_Prices_mom24mma%_change : -0.5137152591697768
Current_Account_Balance_over_GDP : -0.5093352921959169
Current_Account_Balance_change_yryr% : -0.1491296584093013
Portfolio_Flows : -0.37916513329440416
Foreign_Exchange_Reserve_over_GDP : -0.3925193260754177
--------------------

