--------------------
id : 8493305098
explain variance ratio : 0.4261368923202615
Weight :
Term_Premium : 0.12753712760132058
Stock_Prices_mom24mma%_change : 0.5173632769342761
One-Day_Repo_Rate_AVG : 0.23361305567716156
Foreign_Exchange_Reserve_change_yryr% : 0.6354239335215066
Foreign_Exchange_Reserve_over_GDP : 0.5076720257097762
--------------------

