--------------------
id : 8496863958
explain variance ratio : 0.43542456690125175
Weight :
Risk_Premium : 0.19986594404959823
Stock_Prices_mom24mma%_change : 0.48840849780637174
Current_Account_Balance_change_yryr% : 0.16455388528351145
Current_Account_Balance_over_GDP : 0.48464467739766304
Foreign_Exchange_Reserve_change_yryr% : 0.47936656233664937
Foreign_Exchange_Reserve_over_GDP : 0.47933286774583544
--------------------

