--------------------
id : 8522786248
explain variance ratio : 0.3742653969487459
Weight :
Risk_Premium : -0.29732982838590005
Stock_Prices_mom24mma%_change : -0.5448689930160203
Stock_Market_Volatility : -0.10615916414860851
Current_Account_Balance_over_GDP : -0.6701472784977502
Broad_Money_mo12m%_change : -0.39286843929112775
--------------------

