--------------------
id : 8530691563
explain variance ratio : 0.31543850917120153
Weight :
Term_Premium : -0.31118325515173334
Stock_Prices_mom%_change : -0.26691453739458004
One-Day_Repo_Rate_EOP : -0.2781817173570627
Foreign_Exchange_Reserve_change_yryr% : -0.612766741790911
Broad_Money_mo12m%_change : -0.376246793619025
Foreign_Exchange_Reserve_over_GDP : -0.4873313185249207
--------------------

