--------------------
id : 8537773763
explain variance ratio : 0.39091399496251766
Weight :
Term_Premium : -0.27609393720284015
Stock_Prices_mom24mma%_change : -0.5489653671920014
Current_Account_Balance_change_yryr% : -0.12325604240867487
One-Day_Repo_Rate_AVG : -0.4048572615291159
Foreign_Exchange_Reserve_change_yryr% : -0.5435272890480933
Portfolio_Flows : -0.3845592221238637
--------------------

