--------------------
id : 8541946630
explain variance ratio : 0.3417068183375539
Weight :
Risk_Premium : -0.16319402965341842
Stock_Prices_mom%_change : -0.328933959372743
Stock_Prices_mom24mma%_change : -0.5121919004153355
Current_Account_Balance_change_yryr% : -0.12256178647570369
Current_Account_Balance_over_GDP : -0.5208969871944704
Broad_Money_mo12m%_change : -0.3465759906178008
Portfolio_Flows : -0.4431248539189329
--------------------

