--------------------
id : 8586922881
explain variance ratio : 0.32048062775143926
Weight :
Term_Premium : -0.31360740130989356
Stock_Prices_mom%_change : -0.197035844048576
Stock_Prices_mom24mma%_change : -0.5049772289829821
Current_Account_Balance_change_yryr% : -0.09341470890841362
One-Day_Repo_Rate_EOP : -0.33127716893786774
Foreign_Exchange_Reserve_change_yryr% : -0.4824719058471206
Broad_Money_mo12m%_change : -0.30861901095863425
Portfolio_Flows : -0.4016585214527621
--------------------

