--------------------
id : 8587179156
explain variance ratio : 0.2873334086078115
Weight :
Term_Premium : -0.22179656776951678
Stock_Market_Volatility : -0.0261941996516179
REER : -0.40499656616161395
One-Day_Repo_Rate_EOP : -0.6949951925397568
Current_Account_Balance_change_yryr% : -0.14466041088464082
Foreign_Exchange_Reserve_change_yryr% : -0.5311807373172408
--------------------

