--------------------
id : 8595033762
explain variance ratio : 0.3874026307606933
Weight :
Term_Premium : -0.27977728196700263
Risk_Premium : -0.08254497454473186
Stock_Prices_mom24mma%_change : -0.5202511942267508
Current_Account_Balance_over_GDP : -0.5531007079332876
Foreign_Exchange_Reserve_change_yryr% : -0.4562874036984391
Broad_Money_mo12m%_change : -0.3607368939934473
--------------------

