--------------------
id : 8599348923
explain variance ratio : 0.31044553757245724
Weight :
Term_Premium : -0.4081068307319722
Stock_Prices_mom%_change : -0.3455057799153818
Stock_Prices_mom24mma%_change : -0.5824163414040162
One-Day_Repo_Rate_AVG : -0.3709543688469653
Broad_Money_mo12m%_change : -0.051621227587219265
Portfolio_Flows : -0.4843489249665676
--------------------

