--------------------
id : 8630041081
explain variance ratio : 0.2899700833810589
Weight :
Term_Premium : 0.1276811346223903
Risk_Premium : 0.19681291353068986
Stock_Market_Volatility : 0.03835379373731199
Current_Account_Balance_change_yryr% : 0.17204178721462246
Current_Account_Balance_over_GDP : 0.5117325139921144
Foreign_Exchange_Reserve_change_yryr% : 0.4963291177581122
Portfolio_Flows : 0.3587770672855761
Foreign_Exchange_Reserve_over_GDP : 0.5262690109305128
--------------------

