--------------------
id : 8631393942
explain variance ratio : 0.24153588394655826
Weight :
Term_Premium : -0.23680172994443438
Risk_Premium : -0.04001469774203925
Stock_Prices_mom%_change : -0.4146301686018402
Stock_Prices_mom24mma%_change : -0.6027818653900225
Policy_Rate_&_Fed_Funds_Rate_Differential_EOP : -0.08744977241146903
One-Day_Repo_Rate_EOP : -0.09457872234814624
Portfolio_Flows : -0.5128409120421273
Foreign_Exchange_Reserve_over_GDP : -0.35701710354273397
--------------------

