--------------------
id : 8632607200
explain variance ratio : 0.3125007802622332
Weight :
Term_Premium : -0.3234705752354693
Stock_Prices_mom24mma%_change : -0.5034608454215085
Stock_Market_Volatility : -0.06497548622657978
Current_Account_Balance_change_yryr% : -0.09994148026480729
One-Day_Repo_Rate_AVG : -0.3465087917449978
Foreign_Exchange_Reserve_change_yryr% : -0.49163327269431883
Broad_Money_mo12m%_change : -0.32103673213230277
Portfolio_Flows : -0.4035438635904418
--------------------

