--------------------
id : 8632645305
explain variance ratio : 0.22500209827378315
Weight :
Risk_Premium : 0.6170919169559117
Stock_Prices_mom%_change : 0.43773107524923954
REER : 0.1105743240758959
Foreign_Exchange_Reserve_change_yryr% : 0.6068838166135522
Velocity_of_Money_mo12m%_change : 0.21692031665233752
--------------------

