--------------------
id : 8646556402
explain variance ratio : 0.24354660896855382
Weight :
Term_Premium : -0.21771758302235766
Risk_Premium : -0.35873808323514994
Stock_Prices_mom24mma%_change : -0.5403960674445064
Stock_Market_Volatility : -0.022115585278298093
Current_Account_Balance_change_yryr% : -0.27994181442143723
Broad_Money_mo12m%_change : -0.3338610395220965
Foreign_Exchange_Reserve_over_GDP : -0.5844299955389377
--------------------

