--------------------
id : 8649228700
explain variance ratio : 0.3608303733404176
Weight :
Term_Premium : -0.4168013182313759
Stock_Prices_mom24mma%_change : -0.610982508121079
Current_Account_Balance_change_yryr% : -0.16375530066619384
One-Day_Repo_Rate_EOP : -0.4396563702588747
Portfolio_Flows : -0.4825593367505993
--------------------

