--------------------
id : 8657445141
explain variance ratio : 0.3545506191020002
Weight :
Term_Premium : -0.26227064592320143
Stock_Prices_mom%_change : -0.3176252855987852
Stock_Prices_mom24mma%_change : -0.5098945332697071
Current_Account_Balance_over_GDP : -0.5032538899447673
One-Day_Repo_Rate_AVG : -0.03066238267956445
Foreign_Exchange_Reserve_change_yryr% : -0.4489015017255952
Broad_Money_mo12m%_change : -0.33855373793441185
--------------------

