--------------------
id : 8667393396
explain variance ratio : 0.29781867397452705
Weight :
Term_Premium : -0.5343396912549063
Stock_Prices_mom%_change : -0.2573231844285764
Stock_Prices_mom24mma%_change : -0.5281474639836892
Current_Account_Balance_change_yryr% : -0.09770499848750261
One-Day_Repo_Rate_AVG : -0.38927877734730687
Broad_Money_mo12m%_change : -0.45633528920114247
--------------------

