--------------------
id : 8681103667
explain variance ratio : 0.31671594436607753
Weight :
Risk_Premium : -0.5835300245844476
Stock_Prices_mom24mma%_change : -0.09335167029900016
Current_Account_Balance_change_yryr% : -0.27507464671683135
REER : -0.573642902539648
Velocity_of_Money_mo12m%_change : -0.49603017565502916
--------------------

