--------------------
id : 8695250064
explain variance ratio : 0.32185389707235224
Weight :
Risk_Premium : -0.42965381580260464
Stock_Market_Volatility : -0.13897485353226946
Current_Account_Balance_change_yryr% : -0.26855657234723024
Current_Account_Balance_over_GDP : -0.5666195463603894
Portfolio_Flows : -0.34369785513335
Foreign_Exchange_Reserve_over_GDP : -0.5336431674444404
--------------------

