--------------------
id : 8697173028
explain variance ratio : 0.2663328139548952
Weight :
Term_Premium : -0.42481343862561166
Stock_Prices_mom%_change : -0.23494701874829393
Stock_Prices_mom24mma%_change : -0.4880354918223052
Stock_Market_Volatility : -0.11236796434151966
Current_Account_Balance_change_yryr% : -0.08792958537071363
One-Day_Repo_Rate_EOP : -0.27726820452255435
Broad_Money_mo12m%_change : -0.45411305589926304
Portfolio_Flows : -0.47191132990751755
--------------------

