--------------------
id : 8697438785
explain variance ratio : 0.2706660751825069
Weight :
Risk_Premium : -0.2674927347750547
Stock_Market_Volatility : -0.25988117115679604
Current_Account_Balance_change_yryr% : -0.2756645727937295
Broad_Money_mo12m%_change : -0.49978215301927076
Portfolio_Flows : -0.5063197621578988
Foreign_Exchange_Reserve_over_GDP : -0.5279929497625667
--------------------

