--------------------
id : 8699979719
explain variance ratio : 0.3342477642155018
Weight :
Term_Premium : -0.17638612136553009
Stock_Prices_mom%_change : -0.2631343142916568
One-Day_Repo_Rate_AVG : -0.00802942657415262
Current_Account_Balance_over_GDP : -0.49102343313301655
Portfolio_Flows : -0.3917178036950187
Foreign_Exchange_Reserve_over_GDP : -0.47302252366305086
Foreign_Exchange_Reserve_change_yryr% : -0.5303646289401562
--------------------

