--------------------
id : 8715791788
explain variance ratio : 0.24158761047914853
Weight :
Term_Premium : -0.23472580198998336
Risk_Premium : -0.040270598776713795
Stock_Prices_mom%_change : -0.4146958810521304
Stock_Prices_mom24mma%_change : -0.6029207571692116
One-Day_Repo_Rate_AVG : -0.09631864194971226
Policy_Rate_&_Fed_Funds_Rate_Differential_EOP : -0.08739153534018965
Portfolio_Flows : -0.5127754715710913
Foreign_Exchange_Reserve_over_GDP : -0.3576908135333052
--------------------

