--------------------
id : 8744540459
explain variance ratio : 0.3265114339022484
Weight :
Term_Premium : -0.20289141208450925
Stock_Market_Volatility : -0.010703474172316096
Current_Account_Balance_change_yryr% : -0.059017471178614944
Policy_Rate_&_Fed_Funds_Rate_Differential_EOP : -0.5836277011366517
REER : -0.3092765090228473
One-Day_Repo_Rate_EOP : -0.5906504050376185
Foreign_Exchange_Reserve_change_yryr% : -0.38295736046399986
Portfolio_Flows : -0.15310112725453517
--------------------

