--------------------
id : 8748382104
explain variance ratio : 0.2566868370745564
Weight :
Risk_Premium : -0.6602684315465102
Stock_Prices_mom%_change : -0.20550785691535162
Stock_Prices_mom24mma%_change : -0.5394571740614352
REER : -0.26296880469406575
Current_Account_Balance_change_yryr% : -0.37777369596116744
Velocity_of_Money_mo12m%_change : -0.13759548975324462
--------------------

