--------------------
id : 8750844370
explain variance ratio : 0.3563759630806977
Weight :
Term_Premium : -0.1985755264622932
Stock_Prices_mom24mma%_change : -0.4832774839448538
Current_Account_Balance_change_yryr% : -0.11446221568423687
Foreign_Exchange_Reserve_change_yryr% : -0.5040902162253116
Broad_Money_mo12m%_change : -0.3081097036946791
Portfolio_Flows : -0.4174521926667232
Foreign_Exchange_Reserve_over_GDP : -0.43658237048196386
--------------------

