--------------------
id : 8753908560
explain variance ratio : 0.2461902611590279
Weight :
Risk_Premium : -0.7213362401593802
Stock_Prices_mom%_change : -0.06446735621892308
Stock_Prices_mom24mma%_change : -0.4139982598009239
REER : -0.4363085039309069
Velocity_of_Money_mo12m%_change : -0.32046527789215384
Portfolio_Flows : -0.10516807766502247
--------------------

