--------------------
id : 8764067954
explain variance ratio : 0.3499131498978671
Weight :
Term_Premium : 0.1687518330685036
Stock_Prices_mom%_change : 0.2553112571195857
Current_Account_Balance_over_GDP : 0.5212199836178997
One-Day_Repo_Rate_EOP : 0.019996193485408598
Foreign_Exchange_Reserve_over_GDP : 0.5405286220496291
Foreign_Exchange_Reserve_change_yryr% : 0.5848911612365298
--------------------

