--------------------
id : 8778275240
explain variance ratio : 0.42107412898330115
Weight :
Term_Premium : -0.2669276583327677
Stock_Prices_mom24mma%_change : -0.46167001405263475
Current_Account_Balance_over_GDP : -0.5052636122359551
Broad_Money_mo12m%_change : -0.39789933315028975
Portfolio_Flows : -0.42038039681644923
Foreign_Exchange_Reserve_over_GDP : -0.3539428599970603
--------------------

