--------------------
id : 8804769986
explain variance ratio : 0.36518474414798946
Weight :
Term_Premium : -0.22523218268043357
Stock_Prices_mom24mma%_change : -0.5400746126970541
One-Day_Repo_Rate_AVG : -0.5266831205781038
REER : -0.25665648098317506
Current_Account_Balance_change_yryr% : -0.1411309006889099
Foreign_Exchange_Reserve_change_yryr% : -0.5425903489220159
--------------------

