--------------------
id : 8806270717
explain variance ratio : 0.3476594220345212
Weight :
Risk_Premium : -0.13639576829806255
Stock_Market_Volatility : -0.09334681018226698
Current_Account_Balance_over_GDP : -0.5096770755620573
Foreign_Exchange_Reserve_change_yryr% : -0.46187336879326735
Broad_Money_mo12m%_change : -0.34759372800460375
Portfolio_Flows : -0.38517427755643924
Foreign_Exchange_Reserve_over_GDP : -0.48000438896533193
--------------------

