--------------------
id : 8808070435
explain variance ratio : 0.3354955928931793
Weight :
Term_Premium : -0.3577481899964195
Stock_Prices_mom24mma%_change : -0.48034538396732773
One-Day_Repo_Rate_AVG : -0.023760093969150242
Broad_Money_mo12m%_change : -0.48275322857235653
Portfolio_Flows : -0.5245577737691803
Foreign_Exchange_Reserve_over_GDP : -0.36401712167346145
--------------------

