--------------------
id : 8810805364
explain variance ratio : 0.33636972797550563
Weight :
Term_Premium : -0.3220720573028453
Stock_Prices_mom%_change : -0.4303710597249647
Current_Account_Balance_over_GDP : -0.5845087020490372
One-Day_Repo_Rate_AVG : -0.08549013238102798
Foreign_Exchange_Reserve_change_yryr% : -0.6017402723354548
--------------------

