--------------------
id : 8816345958
explain variance ratio : 0.3109375258402324
Weight :
Term_Premium : -0.3816899798293773
Stock_Prices_mom%_change : -0.28118782535239695
Stock_Prices_mom24mma%_change : -0.6091857669665204
Current_Account_Balance_change_yryr% : -0.14562532507879822
One-Day_Repo_Rate_AVG : -0.378321388650255
Portfolio_Flows : -0.48969894739757125
--------------------

