--------------------
id : 8817948774
explain variance ratio : 0.280252424535128
Weight :
Term_Premium : -0.3059012528969292
Stock_Prices_mom24mma%_change : -0.5346696708550028
Stock_Market_Volatility : -0.055445690427810175
Current_Account_Balance_change_yryr% : -0.12346741140700951
One-Day_Repo_Rate_AVG : -0.4823584348301258
REER : -0.16072890652063632
Foreign_Exchange_Reserve_change_yryr% : -0.5387077100071157
Broad_Money_mo12m%_change : -0.23135449512193873
--------------------

