--------------------
id : 8852964474
explain variance ratio : 0.3172837146599551
Weight :
Term_Premium : -0.2298025259333066
Stock_Prices_mom%_change : -0.1578184088277086
Stock_Prices_mom24mma%_change : -0.5488729003554544
Current_Account_Balance_change_yryr% : -0.13425359025887487
One-Day_Repo_Rate_AVG : -0.5042846080346027
REER : -0.22900566989432836
Foreign_Exchange_Reserve_change_yryr% : -0.5442904545584023
--------------------

