--------------------
id : 8858908480
explain variance ratio : 0.386005668223003
Weight :
Term_Premium : -0.2896956232936629
Stock_Prices_mom24mma%_change : -0.5152113315289899
Stock_Market_Volatility : -0.0021833533699548713
Current_Account_Balance_over_GDP : -0.5430099456728822
Broad_Money_mo12m%_change : -0.3718405741830577
Foreign_Exchange_Reserve_change_yryr% : -0.46637297195295424
--------------------

