--------------------
id : 8864028982
explain variance ratio : 0.39091399496251766
Weight :
Term_Premium : -0.27609393720283976
Stock_Prices_mom24mma%_change : -0.5489653671920017
One-Day_Repo_Rate_AVG : -0.4048572615291161
Current_Account_Balance_change_yryr% : -0.12325604240867526
Portfolio_Flows : -0.3845592221238636
Foreign_Exchange_Reserve_change_yryr% : -0.5435272890480934
--------------------

