--------------------
id : 8873382828
explain variance ratio : 0.2586343812207094
Weight :
Term_Premium : -0.44634910951493345
Stock_Prices_mom%_change : -0.19839779052717088
Stock_Market_Volatility : -0.09585037998170526
One-Day_Repo_Rate_EOP : -0.6321341901248686
Broad_Money_mo12m%_change : -0.10587824187509785
Foreign_Exchange_Reserve_change_yryr% : -0.5843112675442272
--------------------

