--------------------
id : 8876493937
explain variance ratio : 0.21995320505242827
Weight :
Term_Premium : 0.2495385857835293
Risk_Premium : 0.012598820298252433
Stock_Prices_mom24mma%_change : 0.6241123587576521
Current_Account_Balance_change_yryr% : 0.13907396909107345
Policy_Rate_&_Fed_Funds_Rate_Differential_AVG : 0.13335238888262912
One-Day_Repo_Rate_EOP : 0.1564975163238937
Portfolio_Flows : 0.5455748953203049
Foreign_Exchange_Reserve_over_GDP : 0.43449701962090687
--------------------

