--------------------
id : 8891376725
explain variance ratio : 0.2939116126032133
Weight :
Risk_Premium : -0.08031270315303929
Stock_Market_Volatility : -0.14631799971527146
Current_Account_Balance_change_yryr% : -0.14031790329247468
Current_Account_Balance_over_GDP : -0.566012413593214
Broad_Money_mo12m%_change : -0.46941705303978987
Portfolio_Flows : -0.4792410856030235
Foreign_Exchange_Reserve_change_yryr% : -0.426681800093509
--------------------

