--------------------
id : 8897138400
explain variance ratio : 0.3499131498978673
Weight :
Term_Premium : 0.1687518330685036
Stock_Prices_mom%_change : 0.2553112571195858
Current_Account_Balance_over_GDP : 0.5212199836178998
One-Day_Repo_Rate_EOP : 0.019996193485408043
Foreign_Exchange_Reserve_change_yryr% : 0.5848911612365297
Foreign_Exchange_Reserve_over_GDP : 0.5405286220496293
--------------------

