--------------------
id : 8899576097
explain variance ratio : 0.2803220276804264
Weight :
Term_Premium : -0.31897792814248016
Risk_Premium : -0.023753603424808922
Stock_Prices_mom%_change : -0.4295205930814924
Current_Account_Balance_over_GDP : -0.6076533401322826
One-Day_Repo_Rate_EOP : -0.04310796447482165
Foreign_Exchange_Reserve_change_yryr% : -0.5848931777907044
--------------------

