--------------------
id : 8900081779
explain variance ratio : 0.3312636801936036
Weight :
Term_Premium : -0.21247562300859313
Risk_Premium : -0.2734318537592344
Stock_Prices_mom24mma%_change : -0.4799441867566009
Current_Account_Balance_change_yryr% : -0.16586836476115052
Current_Account_Balance_over_GDP : -0.5661742586482712
Broad_Money_mo12m%_change : -0.32742477814608106
Foreign_Exchange_Reserve_over_GDP : -0.4409876615586602
--------------------

