--------------------
id : 8922569059
explain variance ratio : 0.37027591691783895
Weight :
Term_Premium : -0.3571413320865516
Stock_Prices_mom24mma%_change : -0.5337597843031806
One-Day_Repo_Rate_EOP : -0.44770429488914076
Current_Account_Balance_change_yryr% : -0.11172263719112328
Broad_Money_mo12m%_change : -0.28074244959306605
Foreign_Exchange_Reserve_change_yryr% : -0.5438870795021962
--------------------

