--------------------
id : 8955411408
explain variance ratio : 0.4344551864304775
Weight :
Risk_Premium : -0.38063063651434853
Stock_Prices_mom24mma%_change : -0.5050333884355893
Current_Account_Balance_over_GDP : -0.5537258216194297
Current_Account_Balance_change_yryr% : -0.22850373806241825
Foreign_Exchange_Reserve_over_GDP : -0.4911571553742641
--------------------

