--------------------
id : 8957798605
explain variance ratio : 0.3499336928546959
Weight :
Term_Premium : -0.166577107000034
Stock_Prices_mom%_change : -0.25382542016563003
Stock_Market_Volatility : -0.021197476190296327
Current_Account_Balance_over_GDP : -0.5281181695764692
Foreign_Exchange_Reserve_over_GDP : -0.5417269658831606
Foreign_Exchange_Reserve_change_yryr% : -0.5787905354293787
--------------------

