--------------------
id : 8977417432
explain variance ratio : 0.3838664912696284
Weight :
Term_Premium : -0.19655667229156495
Stock_Prices_mom24mma%_change : -0.4686188965370912
Stock_Market_Volatility : -0.004082913612136724
Current_Account_Balance_over_GDP : -0.489145551507226
Foreign_Exchange_Reserve_change_yryr% : -0.4814954270378631
Broad_Money_mo12m%_change : -0.29091715901112275
Foreign_Exchange_Reserve_over_GDP : -0.43129006941694786
--------------------

