--------------------
id : 8979197516
explain variance ratio : 0.3617568175223426
Weight :
Term_Premium : -0.3560158155375792
Stock_Prices_mom24mma%_change : -0.5452359922981447
One-Day_Repo_Rate_AVG : -0.5510200756096082
REER : -0.3198241911574318
Portfolio_Flows : -0.41238309230065084
--------------------

