--------------------
id : 8989219296
explain variance ratio : 0.3154579027721154
Weight :
Term_Premium : -0.34793051331074093
Stock_Market_Volatility : -0.1163530990438385
Current_Account_Balance_over_GDP : -0.5096346119089719
Current_Account_Balance_change_yryr% : -0.06927602735232188
Broad_Money_mo12m%_change : -0.505527938596481
Portfolio_Flows : -0.4463285220037947
Foreign_Exchange_Reserve_change_yryr% : -0.3822460756805644
--------------------

