--------------------
id : 9003590033
explain variance ratio : 0.2507939994813772
Weight :
Risk_Premium : -0.6810643576046402
Stock_Prices_mom24mma%_change : -0.30422986886807024
REER : -0.48206687144202953
Current_Account_Balance_over_GDP : -0.028761263333211606
Velocity_of_Money_mo12m%_change : -0.4493075331263663
Foreign_Exchange_Reserve_change_yryr% : -0.0922094873349035
--------------------

