--------------------
id : 9014763708
explain variance ratio : 0.3523353229131466
Weight :
Term_Premium : -0.23516777565005162
Stock_Prices_mom%_change : -0.2893100954668725
Stock_Prices_mom24mma%_change : -0.47299895397923253
Current_Account_Balance_over_GDP : -0.45368534513254444
One-Day_Repo_Rate_EOP : -0.020719181287389615
Broad_Money_mo12m%_change : -0.33271534327849717
Portfolio_Flows : -0.3959636475784307
Foreign_Exchange_Reserve_change_yryr% : -0.4043777797722172
--------------------

