--------------------
id : 9017625469
explain variance ratio : 0.35505340440433736
Weight :
Term_Premium : 0.07281141544253177
Risk_Premium : 0.16092185280715426
Stock_Prices_mom24mma%_change : 0.5302601517555816
Current_Account_Balance_change_yryr% : 0.19516268493365307
Foreign_Exchange_Reserve_over_GDP : 0.5637777282880355
Foreign_Exchange_Reserve_change_yryr% : 0.5759279694774209
--------------------

