--------------------
id : 9019988754
explain variance ratio : 0.2476392079164718
Weight :
Term_Premium : -0.2717659179375036
Risk_Premium : -0.03662135949801282
Stock_Prices_mom%_change : -0.3775025169035093
Current_Account_Balance_over_GDP : -0.539763548163331
Policy_Rate_&_Fed_Funds_Rate_Differential_AVG : -0.014586885783827941
One-Day_Repo_Rate_EOP : -0.010326342293374563
Foreign_Exchange_Reserve_change_yryr% : -0.5072378768997013
Portfolio_Flows : -0.48305242918135016
--------------------

