--------------------
id : 9022406473
explain variance ratio : 0.27608354374747707
Weight :
Risk_Premium : -0.12719748731405078
Stock_Prices_mom%_change : -0.37318266814044887
Stock_Market_Volatility : -0.011401073942183804
Current_Account_Balance_over_GDP : -0.5705383805731845
Current_Account_Balance_change_yryr% : -0.1646342597556832
Portfolio_Flows : -0.4824085979636009
Foreign_Exchange_Reserve_change_yryr% : -0.50900783132674
--------------------

