--------------------
id : 9023559527
explain variance ratio : 0.32822210037494864
Weight :
Term_Premium : -0.2483127742496243
Stock_Prices_mom24mma%_change : -0.3982281507064883
One-Day_Repo_Rate_AVG : -0.5501899070386467
REER : -0.3011855652034473
Policy_Rate_&_Fed_Funds_Rate_Differential_EOP : -0.5642295463992785
Current_Account_Balance_change_yryr% : -0.0735105154161226
Broad_Money_mo12m%_change : -0.13143611762355584
Portfolio_Flows : -0.2128360817920633
--------------------

