--------------------
id : 9025752943
explain variance ratio : 0.30253985955879253
Weight :
Term_Premium : -0.3753228412064959
Stock_Prices_mom%_change : -0.21134120688593971
Current_Account_Balance_change_yryr% : -0.11129850271920563
One-Day_Repo_Rate_EOP : -0.4992179882255896
Foreign_Exchange_Reserve_change_yryr% : -0.602886945879918
Portfolio_Flows : -0.43518850301073075
--------------------

