--------------------
id : 9033254974
explain variance ratio : 0.41471279029583075
Weight :
Term_Premium : -0.23414669530304952
Stock_Prices_mom24mma%_change : -0.5762736275508438
One-Day_Repo_Rate_AVG : -0.40557073289205614
Broad_Money_mo12m%_change : -0.2861597474699794
Foreign_Exchange_Reserve_change_yryr% : -0.6055650343417878
--------------------

