--------------------
id : 9044139943
explain variance ratio : 0.38097387155419055
Weight :
Term_Premium : -0.24973378872584132
Stock_Prices_mom%_change : -0.280300876725999
Stock_Prices_mom24mma%_change : -0.4635874246356298
Current_Account_Balance_over_GDP : -0.48361488985065854
Broad_Money_mo12m%_change : -0.3728230591337494
Portfolio_Flows : -0.4093856954668889
Foreign_Exchange_Reserve_over_GDP : -0.3219846428557713
--------------------

