--------------------
id : 9045877285
explain variance ratio : 0.31128662602596757
Weight :
Term_Premium : -0.26923421096022
Stock_Prices_mom%_change : -0.2661070063325526
Stock_Prices_mom24mma%_change : -0.5842445104160682
REER : -0.00013998385385372014
Current_Account_Balance_change_yryr% : -0.13647135655988876
Portfolio_Flows : -0.4644317145819288
Foreign_Exchange_Reserve_change_yryr% : -0.530129309330994
--------------------

