--------------------
id : 9046571487
explain variance ratio : 0.2517478820505703
Weight :
Term_Premium : -0.5209192803023601
Stock_Prices_mom24mma%_change : -0.5097270701556733
Stock_Market_Volatility : -0.17411015903844063
Current_Account_Balance_change_yryr% : -0.11800540034642004
One-Day_Repo_Rate_AVG : -0.46225968967026443
REER : -0.10005193771315529
Broad_Money_mo12m%_change : -0.4482046233968011
--------------------

