--------------------
id : 9048101355
explain variance ratio : 0.32829781331114
Weight :
Term_Premium : -0.34982977589186337
Risk_Premium : -0.2273882436817493
Stock_Prices_mom%_change : -0.2561992850859639
Current_Account_Balance_over_GDP : -0.5921192729453852
Broad_Money_mo12m%_change : -0.4818022369613483
Foreign_Exchange_Reserve_over_GDP : -0.4213514114392979
--------------------

