--------------------
id : 9049803258
explain variance ratio : 0.25606547162727733
Weight :
Term_Premium : -0.39624469936279666
Stock_Prices_mom%_change : -0.40342417777612305
Stock_Prices_mom24mma%_change : -0.5411998352370375
Current_Account_Balance_change_yryr% : -0.09607352784400258
One-Day_Repo_Rate_EOP : -0.058875880710803574
Broad_Money_mo12m%_change : -0.4747244477931932
Foreign_Exchange_Reserve_over_GDP : -0.3863703093374705
--------------------

