--------------------
id : 9064225555
explain variance ratio : 0.43639831606326096
Weight :
Risk_Premium : -0.22338892388350176
Stock_Prices_mom%_change : -0.36810825609772274
Stock_Prices_mom24mma%_change : -0.5747121858501567
Current_Account_Balance_over_GDP : -0.5378941566355813
Portfolio_Flows : -0.4415534850632436
--------------------

