--------------------
id : 9067636243
explain variance ratio : 0.38050044160540103
Weight :
Term_Premium : -0.24346116669235984
Risk_Premium : -0.2563064200409766
Stock_Prices_mom24mma%_change : -0.48374502151735244
Current_Account_Balance_over_GDP : -0.5741529827797905
Broad_Money_mo12m%_change : -0.3503205385192564
Foreign_Exchange_Reserve_over_GDP : -0.43433662771218784
--------------------

