--------------------
id : 9077934447
explain variance ratio : 0.42909785144556123
Weight :
Term_Premium : -0.19449214026992614
Risk_Premium : -0.14808664377772385
Stock_Prices_mom24mma%_change : -0.5914382646764615
Current_Account_Balance_over_GDP : -0.5736165203979834
Foreign_Exchange_Reserve_change_yryr% : -0.5112807642683995
--------------------

