--------------------
id : 9078763706
explain variance ratio : 0.31939573360277523
Weight :
Risk_Premium : -0.20573603496316223
Stock_Market_Volatility : -0.12262569722368105
Current_Account_Balance_over_GDP : -0.5402842958194742
Current_Account_Balance_change_yryr% : -0.18931103970035315
Broad_Money_mo12m%_change : -0.30428569613228956
Foreign_Exchange_Reserve_over_GDP : -0.5446387500243116
Foreign_Exchange_Reserve_change_yryr% : -0.4750459760251754
--------------------

