--------------------
id : 9086031257
explain variance ratio : 0.38620615741825465
Weight :
Term_Premium : -0.29108475403507245
Stock_Prices_mom24mma%_change : -0.5161920454632589
One-Day_Repo_Rate_EOP : -0.03254630073816167
Current_Account_Balance_over_GDP : -0.5354010601967901
Broad_Money_mo12m%_change : -0.3699472809378908
Foreign_Exchange_Reserve_change_yryr% : -0.4735408013507099
--------------------

