--------------------
id : 9095521531
explain variance ratio : 0.24907880924653564
Weight :
Term_Premium : -0.3514807570314307
Stock_Prices_mom%_change : -0.212679253358385
One-Day_Repo_Rate_AVG : -0.5777103060456428
REER : -0.20462748336310715
Foreign_Exchange_Reserve_change_yryr% : -0.5282302061496854
Broad_Money_mo12m%_change : -0.04544515748456343
Portfolio_Flows : -0.4177496797616097
--------------------

