--------------------
id : 9095604964
explain variance ratio : 0.3588227298160609
Weight :
Term_Premium : -0.4600951795133358
Stock_Prices_mom24mma%_change : -0.5492508476579947
Stock_Market_Volatility : -0.25066301087768916
One-Day_Repo_Rate_AVG : -0.44322122955314214
Portfolio_Flows : -0.4768216949622763
--------------------

