--------------------
id : 9102592184
explain variance ratio : 0.3861299267944187
Weight :
Term_Premium : -0.2904171316592992
Stock_Prices_mom24mma%_change : -0.5162665403476003
One-Day_Repo_Rate_AVG : -0.0257156745269477
Current_Account_Balance_over_GDP : -0.5370087945841467
Broad_Money_mo12m%_change : -0.37012819385732365
Foreign_Exchange_Reserve_change_yryr% : -0.47232629366903467
--------------------

