--------------------
id : 9114740200
explain variance ratio : 0.3675389270112373
Weight :
Term_Premium : 0.1232711626148349
Stock_Prices_mom24mma%_change : 0.49820108655402817
Current_Account_Balance_over_GDP : 0.4798983998090641
Current_Account_Balance_change_yryr% : 0.13954976017248255
One-Day_Repo_Rate_EOP : 0.008700666605608143
Foreign_Exchange_Reserve_over_GDP : 0.46648913602525127
Foreign_Exchange_Reserve_change_yryr% : 0.5187826832995756
--------------------

