--------------------
id : 9122215974
explain variance ratio : 0.3263012571716964
Weight :
Term_Premium : -0.19530735250908263
Stock_Market_Volatility : -0.012375351835704707
Current_Account_Balance_change_yryr% : -0.059217812760629276
REER : -0.313733408947741
Policy_Rate_&_Fed_Funds_Rate_Differential_AVG : -0.5834870695558729
One-Day_Repo_Rate_EOP : -0.5906072814394978
Foreign_Exchange_Reserve_change_yryr% : -0.3837777633270456
Portfolio_Flows : -0.15233842139180673
--------------------

