--------------------
id : 9134833198
explain variance ratio : 0.28997008338105884
Weight :
Term_Premium : 0.1276811346223901
Risk_Premium : 0.19681291353069025
Stock_Market_Volatility : 0.038353793737312084
Current_Account_Balance_over_GDP : 0.5117325139921143
Current_Account_Balance_change_yryr% : 0.1720417872146227
Portfolio_Flows : 0.3587770672855759
Foreign_Exchange_Reserve_over_GDP : 0.5262690109305127
Foreign_Exchange_Reserve_change_yryr% : 0.4963291177581118
--------------------

