--------------------
id : 9145683071
explain variance ratio : 0.3797900769907246
Weight :
Term_Premium : -0.24268195235921203
Stock_Prices_mom24mma%_change : -0.558388309538525
One-Day_Repo_Rate_AVG : -0.3513990060693374
Foreign_Exchange_Reserve_change_yryr% : -0.5548266706865148
Broad_Money_mo12m%_change : -0.2394866780073665
Portfolio_Flows : -0.37502026725928495
--------------------

