--------------------
id : 9147756920
explain variance ratio : 0.25996649232588903
Weight :
Term_Premium : -0.5304123046549996
Stock_Prices_mom%_change : -0.2345269550978757
Stock_Prices_mom24mma%_change : -0.49732578696171387
Stock_Market_Volatility : -0.16324542564669822
One-Day_Repo_Rate_EOP : -0.38119132966134595
Current_Account_Balance_change_yryr% : -0.08836985304477206
Broad_Money_mo12m%_change : -0.4863762188833786
--------------------

