--------------------
id : 9158934138
explain variance ratio : 0.3576945643654654
Weight :
Term_Premium : -0.2508055569379796
Stock_Market_Volatility : -0.08418436774624716
Current_Account_Balance_over_GDP : -0.4860466863876054
Broad_Money_mo12m%_change : -0.4022901836380539
Portfolio_Flows : -0.39006746148935695
Foreign_Exchange_Reserve_over_GDP : -0.42403547570118416
Foreign_Exchange_Reserve_change_yryr% : -0.44718238166368235
--------------------

