--------------------
id : 9170696348
explain variance ratio : 0.24907880924653572
Weight :
Term_Premium : -0.35148075703143045
Stock_Prices_mom%_change : -0.21267925335838478
One-Day_Repo_Rate_AVG : -0.5777103060456431
REER : -0.204627483363108
Broad_Money_mo12m%_change : -0.04544515748456293
Portfolio_Flows : -0.41774967976160926
Foreign_Exchange_Reserve_change_yryr% : -0.528230206149685
--------------------

