--------------------
id : 9183877176
explain variance ratio : 0.27101686167166134
Weight :
Term_Premium : -0.28681535094389166
Stock_Prices_mom%_change : -0.2638210390862532
One-Day_Repo_Rate_AVG : -0.2637984071135017
Current_Account_Balance_change_yryr% : -0.07781995427984362
Broad_Money_mo12m%_change : -0.36480437066086957
Foreign_Exchange_Reserve_over_GDP : -0.5053225272709858
Foreign_Exchange_Reserve_change_yryr% : -0.6197231506873333
--------------------

