--------------------
id : 9187374856
explain variance ratio : 0.29997233174071686
Weight :
Term_Premium : -0.167823055359479
Stock_Prices_mom%_change : -0.2542782471505779
Stock_Market_Volatility : -0.01792939494611477
Current_Account_Balance_over_GDP : -0.5238713328181227
One-Day_Repo_Rate_EOP : -0.015471566433325867
Foreign_Exchange_Reserve_change_yryr% : -0.5825889110847983
Foreign_Exchange_Reserve_over_GDP : -0.5410786910211831
--------------------

