--------------------
id : 9193591007
explain variance ratio : 0.34765942203452105
Weight :
Risk_Premium : -0.13639576829806263
Stock_Market_Volatility : -0.0933468101822672
Current_Account_Balance_over_GDP : -0.5096770755620574
Broad_Money_mo12m%_change : -0.34759372800460375
Portfolio_Flows : -0.3851742775564389
Foreign_Exchange_Reserve_over_GDP : -0.48000438896533204
Foreign_Exchange_Reserve_change_yryr% : -0.4618733687932679
--------------------

