--------------------
id : 9199345454
explain variance ratio : 0.328398151816393
Weight :
Risk_Premium : 0.21321383077197145
Stock_Market_Volatility : 0.044124643025183374
Current_Account_Balance_over_GDP : 0.5078100339480174
Current_Account_Balance_change_yryr% : 0.18878760502168718
Portfolio_Flows : 0.35060975216605894
Foreign_Exchange_Reserve_over_GDP : 0.5380606500516105
Foreign_Exchange_Reserve_change_yryr% : 0.4966332916845422
--------------------

