--------------------
id : 9208687539
explain variance ratio : 0.338429279624274
Weight :
Term_Premium : -0.15998677418349072
Risk_Premium : -0.1508529165978656
Stock_Prices_mom%_change : -0.2504251083480099
Current_Account_Balance_over_GDP : -0.5054927600474073
Foreign_Exchange_Reserve_change_yryr% : -0.5022468267727249
Portfolio_Flows : -0.3801850176512483
Foreign_Exchange_Reserve_over_GDP : -0.48643544447240733
--------------------

