--------------------
id : 9210305982
explain variance ratio : 0.28940467560888883
Weight :
Risk_Premium : -0.6111171285877935
Stock_Prices_mom%_change : -0.0005928960485450663
Stock_Market_Volatility : -0.17594862314369641
Current_Account_Balance_change_yryr% : -0.4696242674844302
Foreign_Exchange_Reserve_over_GDP : -0.6123974469447394
--------------------

