--------------------
id : 9214783734
explain variance ratio : 0.38903735491408103
Weight :
Term_Premium : -0.3139228133736171
Risk_Premium : -0.1265238096285891
Stock_Prices_mom24mma%_change : -0.47152636663735575
Current_Account_Balance_over_GDP : -0.5248104520413108
Broad_Money_mo12m%_change : -0.43195994909803415
Portfolio_Flows : -0.44843245891645134
--------------------

