--------------------
id : 9232920347
explain variance ratio : 0.30632200628203965
Weight :
Term_Premium : -0.2890293067985523
Stock_Prices_mom%_change : -0.27399762879418255
Current_Account_Balance_change_yryr% : -0.13169240364753068
Broad_Money_mo12m%_change : -0.4031274768481401
Foreign_Exchange_Reserve_over_GDP : -0.5576977069986401
Foreign_Exchange_Reserve_change_yryr% : -0.5920354508530393
--------------------

