--------------------
id : 9233969599
explain variance ratio : 0.41778665137914733
Weight :
Term_Premium : -0.4058819929533161
Stock_Prices_mom%_change : -0.3066742372532326
Current_Account_Balance_over_GDP : -0.4817538841723497
Broad_Money_mo12m%_change : -0.5432820592821845
Portfolio_Flows : -0.4625673130997854
--------------------

