--------------------
id : 9246438983
explain variance ratio : 0.20551057353404312
Weight :
Risk_Premium : -0.7482897599805419
Stock_Prices_mom%_change : -0.2192467561408461
REER : -0.36288697387521596
Velocity_of_Money_mo12m%_change : -0.17508189471522842
Foreign_Exchange_Reserve_change_yryr% : -0.3109399638611276
Portfolio_Flows : -0.36464915773745316
--------------------

