--------------------
id : 9250863292
explain variance ratio : 0.3608555163951422
Weight :
Term_Premium : -0.3471988841073108
Stock_Market_Volatility : -0.171536120059806
Current_Account_Balance_over_GDP : -0.5128779427105069
Broad_Money_mo12m%_change : -0.5327390357016023
Portfolio_Flows : -0.42774173843281627
Foreign_Exchange_Reserve_over_GDP : -0.3467140541032372
--------------------

