--------------------
id : 9270275385
explain variance ratio : 0.3355373339652457
Weight :
Term_Premium : -0.35868553461699143
Stock_Prices_mom24mma%_change : -0.4801588184386164
One-Day_Repo_Rate_EOP : -0.028612435589936286
Broad_Money_mo12m%_change : -0.48289373135357344
Portfolio_Flows : -0.5242131732381716
Foreign_Exchange_Reserve_over_GDP : -0.36330113966894734
--------------------

