--------------------
id : 9272603306
explain variance ratio : 0.3257972891722895
Weight :
Term_Premium : -0.20769444175312443
Stock_Prices_mom24mma%_change : -0.383979989497791
Stock_Market_Volatility : -0.0037745650091056196
REER : -0.34294262180231944
Policy_Rate_&_Fed_Funds_Rate_Differential_AVG : -0.5757355318372633
One-Day_Repo_Rate_EOP : -0.5689522386422683
Current_Account_Balance_change_yryr% : -0.07560906706152853
Portfolio_Flows : -0.1757945216512081
--------------------

