--------------------
id : 9273031701
explain variance ratio : 0.35231469889097533
Weight :
Term_Premium : -0.23486322619745378
Stock_Prices_mom%_change : -0.2893469327084467
Stock_Prices_mom24mma%_change : -0.47303089944050447
Current_Account_Balance_over_GDP : -0.4541046432569701
One-Day_Repo_Rate_AVG : -0.018213934563325013
Foreign_Exchange_Reserve_change_yryr% : -0.4040469381810538
Broad_Money_mo12m%_change : -0.33270950674160477
Portfolio_Flows : -0.3960644734349466
--------------------

