--------------------
id : 9280762309
explain variance ratio : 0.25031277681250497
Weight :
Risk_Premium : -0.6858361094108464
Stock_Prices_mom24mma%_change : -0.35401393232612743
REER : -0.4512167262544819
Velocity_of_Money_mo12m%_change : -0.42479015017924804
Foreign_Exchange_Reserve_change_yryr% : -0.14232748248558735
Portfolio_Flows : -0.0016274935884833391
--------------------

