--------------------
id : 9281350021
explain variance ratio : 0.3215667065301095
Weight :
Term_Premium : -0.22240364944981736
Stock_Prices_mom%_change : -0.03558964016048638
Stock_Prices_mom24mma%_change : -0.36675885863032387
REER : -0.34218010536431065
One-Day_Repo_Rate_EOP : -0.5822635031431082
Current_Account_Balance_change_yryr% : -0.06793231362136083
Policy_Rate_&_Fed_Funds_Rate_Differential_EOP : -0.5904522248837539
Broad_Money_mo12m%_change : -0.07342542568545896
--------------------

