--------------------
id : 9281550720
explain variance ratio : 0.3581551168987335
Weight :
Term_Premium : 0.11308885679968783
Stock_Prices_mom24mma%_change : 0.5176044574558337
Current_Account_Balance_change_yryr% : 0.1372016533478988
One-Day_Repo_Rate_EOP : 0.2042861568330938
Foreign_Exchange_Reserve_change_yryr% : 0.6271660954427531
Foreign_Exchange_Reserve_over_GDP : 0.51517191039657
--------------------

