--------------------
id : 9288791669
explain variance ratio : 0.311950160436995
Weight :
Term_Premium : -0.30525162175692294
Stock_Prices_mom24mma%_change : -0.5869596375991029
Current_Account_Balance_change_yryr% : -0.17844353152099485
REER : -0.31095715301154075
One-Day_Repo_Rate_EOP : -0.5261440512773036
Portfolio_Flows : -0.3961512635333603
--------------------

