--------------------
id : 9289907624
explain variance ratio : 0.3650137096757756
Weight :
Risk_Premium : -0.16629700510040965
Stock_Market_Volatility : -0.2694636462884593
Current_Account_Balance_over_GDP : -0.5824535040107794
Broad_Money_mo12m%_change : -0.5668699578970873
Portfolio_Flows : -0.48902046575054603
--------------------

