--------------------
id : 9296496221
explain variance ratio : 0.34046645118677865
Weight :
Term_Premium : -0.2403578190132936
Stock_Prices_mom24mma%_change : -0.5427884869751918
One-Day_Repo_Rate_AVG : -0.4396163719376956
REER : -0.17332828493222635
Current_Account_Balance_change_yryr% : -0.12991906926201166
Portfolio_Flows : -0.358199188782682
Foreign_Exchange_Reserve_change_yryr% : -0.5283161033043251
--------------------

