--------------------
id : 9300203053
explain variance ratio : 0.34635483388225635
Weight :
Term_Premium : -0.5226528680042151
Stock_Prices_mom%_change : -0.26275725132492744
Current_Account_Balance_change_yryr% : -0.025667574859297118
Broad_Money_mo12m%_change : -0.6221911644407953
Portfolio_Flows : -0.5196267284655272
--------------------

