--------------------
id : 9301230783
explain variance ratio : 0.2980915680030388
Weight :
Risk_Premium : -0.11080635243142817
Stock_Prices_mom%_change : -0.24213420874437558
Current_Account_Balance_change_yryr% : -0.22495895075071326
Broad_Money_mo12m%_change : -0.26760709382401976
Foreign_Exchange_Reserve_over_GDP : -0.6482507057973157
Foreign_Exchange_Reserve_change_yryr% : -0.6218069744398655
--------------------

