--------------------
id : 9301060847
explain variance ratio : 0.3205130216187621
Weight :
Term_Premium : -0.2107029703327665
Stock_Prices_mom24mma%_change : -0.35986463617612596
Stock_Market_Volatility : -0.014948641107514576
Policy_Rate_&_Fed_Funds_Rate_Differential_AVG : -0.5912398067419344
REER : -0.3532318419595061
Current_Account_Balance_change_yryr% : -0.06866296786286813
One-Day_Repo_Rate_EOP : -0.5853597913752013
Broad_Money_mo12m%_change : -0.06465530362553507
--------------------

