--------------------
id : 9320691297
explain variance ratio : 0.3138681192584704
Weight :
Term_Premium : 0.3196212580367404
Stock_Prices_mom24mma%_change : 0.5133320740445255
Policy_Rate_&_Fed_Funds_Rate_Differential_AVG : 0.37158776506142305
REER : 0.06057450729965963
Current_Account_Balance_change_yryr% : 0.1000942903894951
Broad_Money_mo12m%_change : 0.30294942091580157
Portfolio_Flows : 0.39996208999040395
Foreign_Exchange_Reserve_change_yryr% : 0.4804360551196476
--------------------

