--------------------
id : 9329008440
explain variance ratio : 0.3359607103381857
Weight :
Term_Premium : -0.2802647289305872
Stock_Prices_mom24mma%_change : -0.5481755782612595
Stock_Market_Volatility : -0.001989341878347893
One-Day_Repo_Rate_EOP : -0.40821923375986885
Current_Account_Balance_change_yryr% : -0.12253940132713725
Portfolio_Flows : -0.3827266268532401
Foreign_Exchange_Reserve_change_yryr% : -0.5411217432729183
--------------------

