--------------------
id : 9336752423
explain variance ratio : 0.32234334404558135
Weight :
Term_Premium : 0.14412696805198053
Stock_Prices_mom%_change : 0.28656381920615515
Current_Account_Balance_change_yryr% : 0.1579271811762306
Foreign_Exchange_Reserve_change_yryr% : 0.6103373942595203
Portfolio_Flows : 0.44275849626366515
Foreign_Exchange_Reserve_over_GDP : 0.5510179481674736
--------------------

