--------------------
id : 9337644587
explain variance ratio : 0.32551162688633845
Weight :
Term_Premium : -0.12212119639720494
Risk_Premium : -0.32066202905115093
Stock_Prices_mom%_change : -0.26741959581519514
Stock_Prices_mom24mma%_change : -0.5255480797695968
Current_Account_Balance_over_GDP : -0.550326342465703
Current_Account_Balance_change_yryr% : -0.18574112213779587
Foreign_Exchange_Reserve_over_GDP : -0.44406013610225686
--------------------

