--------------------
id : 9348650535
explain variance ratio : 0.3215014213652986
Weight :
Term_Premium : -0.42089135425141544
Stock_Prices_mom%_change : -0.3470600925388352
Stock_Prices_mom24mma%_change : -0.5359267694990717
Stock_Market_Volatility : -0.2491006890311609
One-Day_Repo_Rate_EOP : -0.3813813810979487
Portfolio_Flows : -0.45571849500942474
--------------------

