--------------------
id : 9350001425
explain variance ratio : 0.3162139208594472
Weight :
Term_Premium : -0.3621821736248997
Stock_Prices_mom%_change : -0.3108822652440665
Stock_Prices_mom24mma%_change : -0.5598863068212949
One-Day_Repo_Rate_AVG : -0.4636689496595951
REER : -0.22892121067350002
Portfolio_Flows : -0.4373897553949087
--------------------

