--------------------
id : 9353824343
explain variance ratio : 0.2817410149563827
Weight :
Term_Premium : -0.3007338644891694
Stock_Prices_mom%_change : -0.42309205590236276
Current_Account_Balance_change_yryr% : -0.1117303024595519
Current_Account_Balance_over_GDP : -0.6007315689044506
One-Day_Repo_Rate_EOP : -0.055027772514329276
Foreign_Exchange_Reserve_change_yryr% : -0.5951152164646167
--------------------

