--------------------
id : 9356776188
explain variance ratio : 0.2586343812207092
Weight :
Term_Premium : -0.44634910951493034
Stock_Prices_mom%_change : -0.1983977905271681
Stock_Market_Volatility : -0.09585037998170004
One-Day_Repo_Rate_EOP : -0.6321341901248677
Foreign_Exchange_Reserve_change_yryr% : -0.5843112675442305
Broad_Money_mo12m%_change : -0.10587824187510382
--------------------

