--------------------
id : 9375619963
explain variance ratio : 0.31331642628799905
Weight :
Term_Premium : -0.31233201372092745
Stock_Prices_mom24mma%_change : -0.5116995556009521
REER : -0.06441895281448523
Current_Account_Balance_change_yryr% : -0.10506308254971226
One-Day_Repo_Rate_EOP : -0.37217790206952217
Broad_Money_mo12m%_change : -0.2933439458013167
Portfolio_Flows : -0.3950150350993906
Foreign_Exchange_Reserve_change_yryr% : -0.49479317489687136
--------------------

