--------------------
id : 9394076040
explain variance ratio : 0.2873334086078113
Weight :
Term_Premium : -0.22179656776951573
Stock_Market_Volatility : -0.026194199651618455
Current_Account_Balance_change_yryr% : -0.14466041088464102
REER : -0.404996566161615
One-Day_Repo_Rate_EOP : -0.6949951925397566
Foreign_Exchange_Reserve_change_yryr% : -0.5311807373172406
--------------------

