--------------------
id : 9424777922
explain variance ratio : 0.3039141968503566
Weight :
Risk_Premium : -0.2791658665589679
Stock_Market_Volatility : -0.1924708445397718
Current_Account_Balance_change_yryr% : -0.19404656302341222
Current_Account_Balance_over_GDP : -0.5577961702823218
Broad_Money_mo12m%_change : -0.41134896061672277
Portfolio_Flows : -0.3983942248561083
Foreign_Exchange_Reserve_over_GDP : -0.45640424072147556
--------------------

