--------------------
id : 9425404638
explain variance ratio : 0.26633281395489555
Weight :
Term_Premium : -0.42481343862561155
Stock_Prices_mom%_change : -0.23494701874829416
Stock_Prices_mom24mma%_change : -0.4880354918223054
Stock_Market_Volatility : -0.11236796434151963
One-Day_Repo_Rate_EOP : -0.2772682045225541
Current_Account_Balance_change_yryr% : -0.08792958537071363
Broad_Money_mo12m%_change : -0.4541130558992632
Portfolio_Flows : -0.4719113299075177
--------------------

