--------------------
id : 9437642181
explain variance ratio : 0.4206111830343446
Weight :
Term_Premium : 0.09331221820153483
Stock_Prices_mom24mma%_change : 0.5335830540089468
Current_Account_Balance_change_yryr% : 0.17494409197711103
Foreign_Exchange_Reserve_change_yryr% : 0.6105077452407981
Foreign_Exchange_Reserve_over_GDP : 0.5506875812038038
--------------------

