--------------------
id : 9440056778
explain variance ratio : 0.3471460450775481
Weight :
Term_Premium : -0.23781134643022905
Stock_Prices_mom24mma%_change : -0.6246325350056515
One-Day_Repo_Rate_EOP : -0.023401662729866157
Portfolio_Flows : -0.5670659569677429
Foreign_Exchange_Reserve_over_GDP : -0.4807998776530522
--------------------

