--------------------
id : 9440470893
explain variance ratio : 0.3281548208808829
Weight :
Term_Premium : -0.29161204769784
Stock_Prices_mom%_change : -0.24366954274571562
Stock_Prices_mom24mma%_change : -0.5533832525586926
Stock_Market_Volatility : -0.09056492890813181
One-Day_Repo_Rate_EOP : -0.37852779806266673
Foreign_Exchange_Reserve_change_yryr% : -0.4909032028169219
Portfolio_Flows : -0.3960849512073265
--------------------

