--------------------
id : 9449556567
explain variance ratio : 0.3757426645388424
Weight :
Term_Premium : 0.10459829028259293
Risk_Premium : 0.19010258119374734
Stock_Prices_mom24mma%_change : 0.4888538900627676
Current_Account_Balance_over_GDP : 0.48803277834384007
Current_Account_Balance_change_yryr% : 0.15421246836848662
Foreign_Exchange_Reserve_over_GDP : 0.4722034601322325
Foreign_Exchange_Reserve_change_yryr% : 0.4785483199894971
--------------------

