--------------------
id : 9474598534
explain variance ratio : 0.3296407784284025
Weight :
Term_Premium : -0.2547086506104994
Stock_Prices_mom24mma%_change : -0.39835121791963213
REER : -0.29491838303881057
Policy_Rate_&_Fed_Funds_Rate_Differential_EOP : -0.5626632401035063
Current_Account_Balance_change_yryr% : -0.07276985270492563
One-Day_Repo_Rate_EOP : -0.5509341138649783
Broad_Money_mo12m%_change : -0.1360107507397963
Portfolio_Flows : -0.21342507460097687
--------------------

