--------------------
id : 9480020979
explain variance ratio : 0.2572513313289212
Weight :
Term_Premium : -0.4977657153845953
Stock_Prices_mom%_change : -0.17944029054061228
Stock_Market_Volatility : -0.18928212423950921
Current_Account_Balance_change_yryr% : -0.05855820090435268
One-Day_Repo_Rate_AVG : -0.4514929663770171
Foreign_Exchange_Reserve_change_yryr% : -0.5050801817266197
Broad_Money_mo12m%_change : -0.47097961803848254
--------------------

