--------------------
id : 9484412444
explain variance ratio : 0.3279376732874197
Weight :
Term_Premium : -0.23863411383564812
Stock_Prices_mom24mma%_change : -0.39526422429727026
Current_Account_Balance_change_yryr% : -0.07364150933448138
One-Day_Repo_Rate_AVG : -0.5542679781599755
REER : -0.3086367523269744
Policy_Rate_&_Fed_Funds_Rate_Differential_AVG : -0.565526798001163
Broad_Money_mo12m%_change : -0.12368170982236543
Portfolio_Flows : -0.20930723758382086
--------------------

