--------------------
id : 9489187754
explain variance ratio : 0.33737671900545446
Weight :
Risk_Premium : 0.06010954285499526
Stock_Prices_mom24mma%_change : 0.517557801050947
Current_Account_Balance_change_yryr% : 0.1488094298865147
One-Day_Repo_Rate_EOP : 0.10276480505264857
Foreign_Exchange_Reserve_change_yryr% : 0.5614803412807602
Portfolio_Flows : 0.3812798588323006
Foreign_Exchange_Reserve_over_GDP : 0.48495505920907256
--------------------

