--------------------
id : 9504441691
explain variance ratio : 0.36236135845472983
Weight :
Term_Premium : -0.17128551785898996
Risk_Premium : -0.1679490695229986
Stock_Prices_mom24mma%_change : -0.585438114697269
Current_Account_Balance_over_GDP : -0.5696681686791073
Current_Account_Balance_change_yryr% : -0.15689743187571364
Foreign_Exchange_Reserve_change_yryr% : -0.5005776350801566
--------------------

