--------------------
id : 9504047861
explain variance ratio : 0.2893375586380319
Weight :
Term_Premium : -0.4423137918802009
Stock_Market_Volatility : -0.1548453670515132
Current_Account_Balance_change_yryr% : -0.07108808290531637
One-Day_Repo_Rate_EOP : -0.36522145069551315
Broad_Money_mo12m%_change : -0.4740392183559119
Portfolio_Flows : -0.4436991164814057
Foreign_Exchange_Reserve_change_yryr% : -0.4694242342807712
--------------------

