--------------------
id : 9510489215
explain variance ratio : 0.3094272353590654
Weight :
Term_Premium : 0.29318088301440426
Stock_Prices_mom%_change : 0.3012964429454218
Stock_Prices_mom24mma%_change : 0.6505743614236402
Current_Account_Balance_change_yryr% : 0.17666213774330036
REER : 0.03885782770711821
Foreign_Exchange_Reserve_change_yryr% : 0.6060519630158832
--------------------

