--------------------
id : 9517355975
explain variance ratio : 0.3737568005022516
Weight :
Term_Premium : -0.1759679962869267
Stock_Prices_mom%_change : -0.31393231053912807
Stock_Prices_mom24mma%_change : -0.5301017613499324
Current_Account_Balance_change_yryr% : -0.0946851781669904
Current_Account_Balance_over_GDP : -0.46913873290547553
Portfolio_Flows : -0.39619683081036317
Foreign_Exchange_Reserve_change_yryr% : -0.45104936412235647
--------------------

