--------------------
id : 9532402252
explain variance ratio : 0.3300147635311171
Weight :
Risk_Premium : -0.22657127552571663
Stock_Prices_mom%_change : -0.31149225725646346
Stock_Market_Volatility : -0.352556781740135
Current_Account_Balance_over_GDP : -0.6438507905557758
Broad_Money_mo12m%_change : -0.5592833860626162
--------------------

