--------------------
id : 9539785887
explain variance ratio : 0.3213672941966225
Weight :
Term_Premium : -0.2204024370709611
Stock_Prices_mom24mma%_change : -0.3619349992923142
Stock_Market_Volatility : -0.014415246840920305
REER : -0.3456905852158072
One-Day_Repo_Rate_EOP : -0.5838494645390911
Current_Account_Balance_change_yryr% : -0.06816474566130269
Policy_Rate_&_Fed_Funds_Rate_Differential_EOP : -0.5916399459089534
Broad_Money_mo12m%_change : -0.07177455387055948
--------------------

