--------------------
id : 9562109159
explain variance ratio : 0.26300640027274796
Weight :
Term_Premium : -0.31141820049361413
Stock_Prices_mom%_change : -0.1603618130408334
REER : -0.20995838435156916
Current_Account_Balance_change_yryr% : -0.12983284173074955
One-Day_Repo_Rate_EOP : -0.5710453629517062
Portfolio_Flows : -0.38299122350258147
Foreign_Exchange_Reserve_change_yryr% : -0.5861643281022156
--------------------

