--------------------
id : 9577966613
explain variance ratio : 0.28128337668429054
Weight :
Term_Premium : -0.313002173363975
Stock_Prices_mom24mma%_change : -0.533277972474953
Stock_Market_Volatility : -0.05454601145085966
REER : -0.1549104189588223
Current_Account_Balance_change_yryr% : -0.12191077381542886
One-Day_Repo_Rate_EOP : -0.4834208499914301
Broad_Money_mo12m%_change : -0.2357931634725725
Foreign_Exchange_Reserve_change_yryr% : -0.5352713025710601
--------------------

