--------------------
id : 9584498645
explain variance ratio : 0.3963985677426968
Weight :
Risk_Premium : 0.13998856980308017
Stock_Prices_mom%_change : 0.2443236447938742
Stock_Prices_mom24mma%_change : 0.482451355029815
Current_Account_Balance_over_GDP : 0.4850959883517588
Broad_Money_mo12m%_change : 0.23520092892036987
Foreign_Exchange_Reserve_over_GDP : 0.4290761858244948
Foreign_Exchange_Reserve_change_yryr% : 0.4617422211876982
--------------------

