--------------------
id : 9587843845
explain variance ratio : 0.2879820529678366
Weight :
Term_Premium : -0.3870102416519789
Stock_Prices_mom%_change : -0.306511824238471
Stock_Market_Volatility : -0.14040348057426294
Current_Account_Balance_over_GDP : -0.5526442227866726
Current_Account_Balance_change_yryr% : -0.061406367651522215
Broad_Money_mo12m%_change : -0.5184098268033412
Foreign_Exchange_Reserve_change_yryr% : -0.39827793010309337
--------------------

