--------------------
id : 9588651983
explain variance ratio : 0.34837428875156284
Weight :
Term_Premium : -0.40201746637147745
Stock_Prices_mom%_change : -0.30639777258077716
Current_Account_Balance_change_yryr% : -0.035028547461204734
Current_Account_Balance_over_GDP : -0.4840977445003231
Broad_Money_mo12m%_change : -0.5423573668539531
Portfolio_Flows : -0.46343632026579473
--------------------

