--------------------
id : 9626363260
explain variance ratio : 0.29460617696947605
Weight :
Risk_Premium : -0.7321318421618492
Stock_Prices_mom24mma%_change : -0.44353917187819103
REER : -0.40619040149039926
Velocity_of_Money_mo12m%_change : -0.28242956009523695
Portfolio_Flows : -0.1499962333653258
--------------------

