--------------------
id : 9641465362
explain variance ratio : 0.33150069225712747
Weight :
Term_Premium : -0.24567813025582297
Risk_Premium : -0.1189746006596839
Stock_Prices_mom%_change : -0.2371150569219736
Current_Account_Balance_over_GDP : -0.5310573278739745
Broad_Money_mo12m%_change : -0.36498101506850433
Foreign_Exchange_Reserve_over_GDP : -0.4750895622969624
Foreign_Exchange_Reserve_change_yryr% : -0.4778290818275502
--------------------

