--------------------
id : 9669597306
explain variance ratio : 0.25023821798385715
Weight :
Risk_Premium : -0.5810851719351254
Stock_Prices_mom%_change : -0.20595237513115738
Current_Account_Balance_change_yryr% : -0.603941012396032
Velocity_of_Money_mo12m%_change : -0.1507410228690212
Foreign_Exchange_Reserve_change_yryr% : -0.4821369511927277
--------------------

