--------------------
id : 9670110150
explain variance ratio : 0.3332336471250266
Weight :
Term_Premium : -0.2112180940787422
Stock_Prices_mom%_change : -0.2889493765896948
Stock_Prices_mom24mma%_change : -0.5047975353494483
One-Day_Repo_Rate_EOP : -0.1885245351786739
Broad_Money_mo12m%_change : -0.26833530978951436
Foreign_Exchange_Reserve_over_GDP : -0.4363172234300645
Foreign_Exchange_Reserve_change_yryr% : -0.5649394343656695
--------------------

