--------------------
id : 9672566463
explain variance ratio : 0.36211315659066884
Weight :
Risk_Premium : -0.3813883300865557
Stock_Prices_mom24mma%_change : -0.5021994662985612
Stock_Market_Volatility : -0.01890800057700623
Current_Account_Balance_change_yryr% : -0.2291186434414805
Current_Account_Balance_over_GDP : -0.55486377480949
Foreign_Exchange_Reserve_over_GDP : -0.4915403990203742
--------------------

