--------------------
id : 9685937166
explain variance ratio : 0.37525802387699
Weight :
Risk_Premium : 0.1417386720647289
Stock_Prices_mom24mma%_change : 0.5568468214306821
Current_Account_Balance_over_GDP : 0.572935934648474
Current_Account_Balance_change_yryr% : 0.15654037358600503
Broad_Money_mo12m%_change : 0.2913911083275354
Foreign_Exchange_Reserve_change_yryr% : 0.4818324548196795
--------------------

