--------------------
id : 9691040889
explain variance ratio : 0.2583526200362537
Weight :
Term_Premium : -0.5293431175696341
Stock_Prices_mom%_change : -0.24089646121803854
Stock_Prices_mom24mma%_change : -0.498035094450186
Stock_Market_Volatility : -0.16900152991936812
Current_Account_Balance_change_yryr% : -0.08891653910066666
One-Day_Repo_Rate_AVG : -0.3678986945319522
Broad_Money_mo12m%_change : -0.49184213531501986
--------------------

