--------------------
id : 9698619072
explain variance ratio : 0.3218538970723521
Weight :
Risk_Premium : -0.42965381580260464
Stock_Market_Volatility : -0.13897485353226935
Current_Account_Balance_over_GDP : -0.566619546360389
Current_Account_Balance_change_yryr% : -0.2685565723472302
Portfolio_Flows : -0.3436978551333496
Foreign_Exchange_Reserve_over_GDP : -0.5336431674444403
--------------------

