--------------------
id : 9699061293
explain variance ratio : 0.32579728917228923
Weight :
Term_Premium : -0.20769444175312454
Stock_Prices_mom24mma%_change : -0.38397998949779155
Stock_Market_Volatility : -0.0037745650091053212
Policy_Rate_&_Fed_Funds_Rate_Differential_AVG : -0.5757355318372638
REER : -0.34294262180231994
Current_Account_Balance_change_yryr% : -0.07560906706152876
One-Day_Repo_Rate_EOP : -0.5689522386422687
Portfolio_Flows : -0.1757945216512084
--------------------

