--------------------
id : 9716116978
explain variance ratio : 0.20551057353404287
Weight :
Risk_Premium : -0.7482897599805416
Stock_Prices_mom%_change : -0.21924675614084665
REER : -0.36288697387521524
Portfolio_Flows : -0.3646491577374532
Foreign_Exchange_Reserve_change_yryr% : -0.3109399638611283
Velocity_of_Money_mo12m%_change : -0.17508189471522817
--------------------

