--------------------
id : 9718948707
explain variance ratio : 0.335266586423633
Weight :
Term_Premium : -0.3904971970200649
Stock_Prices_mom%_change : -0.27974678428369926
Stock_Prices_mom24mma%_change : -0.5720235781293087
Current_Account_Balance_change_yryr% : -0.12254438758273618
Foreign_Exchange_Reserve_change_yryr% : -0.5305952106328864
Broad_Money_mo12m%_change : -0.3814371473676364
--------------------

