--------------------
id : 9731848291
explain variance ratio : 0.3203509605063869
Weight :
Term_Premium : -0.20357218546060724
Stock_Prices_mom%_change : -0.03589753716426569
Stock_Prices_mom24mma%_change : -0.36201626377798557
One-Day_Repo_Rate_AVG : -0.5841216217516085
REER : -0.35567300809789915
Policy_Rate_&_Fed_Funds_Rate_Differential_AVG : -0.5918213147258365
Current_Account_Balance_change_yryr% : -0.06858773100519953
Broad_Money_mo12m%_change : -0.05963098017947149
--------------------

