--------------------
id : 9731569104
explain variance ratio : 0.2616005614814069
Weight :
Term_Premium : 0.27715558046479455
Stock_Market_Volatility : 0.0063230573539067025
One-Day_Repo_Rate_AVG : 0.2755275677224801
Current_Account_Balance_change_yryr% : 0.09582480708083076
Broad_Money_mo12m%_change : 0.35758576711584306
Foreign_Exchange_Reserve_change_yryr% : 0.6393642443472407
Foreign_Exchange_Reserve_over_GDP : 0.5489924873276812
--------------------

