--------------------
id : 9737805346
explain variance ratio : 0.32198909489463295
Weight :
Term_Premium : -0.33278608065275794
Stock_Prices_mom%_change : -0.2592570934504759
Stock_Market_Volatility : -0.14148002363754453
Current_Account_Balance_over_GDP : -0.5034479585402468
Broad_Money_mo12m%_change : -0.5079167023767177
Portfolio_Flows : -0.43112896685366625
Foreign_Exchange_Reserve_over_GDP : -0.3235910650172782
--------------------

