--------------------
id : 9738044956
explain variance ratio : 0.3417068183375539
Weight :
Risk_Premium : -0.16319402965341878
Stock_Prices_mom%_change : -0.32893395937274245
Stock_Prices_mom24mma%_change : -0.5121919004153355
Current_Account_Balance_over_GDP : -0.5208969871944706
Current_Account_Balance_change_yryr% : -0.12256178647570413
Broad_Money_mo12m%_change : -0.3465759906178004
Portfolio_Flows : -0.44312485391893275
--------------------

