--------------------
id : 9746602342
explain variance ratio : 0.394136250581916
Weight :
Term_Premium : 0.142437831313059
Stock_Prices_mom24mma%_change : 0.5123878418009072
One-Day_Repo_Rate_AVG : 0.17335616133198367
Portfolio_Flows : 0.3866720723523023
Foreign_Exchange_Reserve_change_yryr% : 0.5745280288823328
Foreign_Exchange_Reserve_over_GDP : 0.4555436945069455
--------------------

