--------------------
id : 9764542251
explain variance ratio : 0.2963505706476264
Weight :
Term_Premium : -0.29965882093831725
Stock_Market_Volatility : -0.021022714025934586
One-Day_Repo_Rate_AVG : -0.18463743905931018
Foreign_Exchange_Reserve_change_yryr% : -0.5411915513316018
Broad_Money_mo12m%_change : -0.4207991820618161
Portfolio_Flows : -0.4431811949385427
Foreign_Exchange_Reserve_over_GDP : -0.45749517398843426
--------------------

