--------------------
id : 9777632554
explain variance ratio : 0.271631315194114
Weight :
Term_Premium : -0.3118769554474766
Risk_Premium : -0.16719434230981656
Stock_Prices_mom%_change : -0.3375132527758535
Stock_Prices_mom24mma%_change : -0.5005014326680015
Stock_Market_Volatility : -0.05153774221400561
Current_Account_Balance_over_GDP : -0.5717268409673124
Current_Account_Balance_change_yryr% : -0.10317676526072726
Broad_Money_mo12m%_change : -0.41253941898162205
--------------------

