--------------------
id : 9779238590
explain variance ratio : 0.37347442378510975
Weight :
Term_Premium : 0.13492376654070654
Stock_Prices_mom%_change : 0.2893132458394264
Stock_Prices_mom24mma%_change : 0.5274864309346625
One-Day_Repo_Rate_AVG : 0.2134576802915152
Foreign_Exchange_Reserve_change_yryr% : 0.6025845257307605
Foreign_Exchange_Reserve_over_GDP : 0.4595423769997008
--------------------

