--------------------
id : 9787267884
explain variance ratio : 0.32156670653010944
Weight :
Term_Premium : -0.2224036494498179
Stock_Prices_mom%_change : -0.03558964016048616
Stock_Prices_mom24mma%_change : -0.3667588586303242
Current_Account_Balance_change_yryr% : -0.06793231362136079
Policy_Rate_&_Fed_Funds_Rate_Differential_EOP : -0.5904522248837543
REER : -0.34218010536431
One-Day_Repo_Rate_EOP : -0.5822635031431085
Broad_Money_mo12m%_change : -0.07342542568545957
--------------------

