--------------------
id : 9793930535
explain variance ratio : 0.2879820529678367
Weight :
Term_Premium : -0.3870102416519789
Stock_Prices_mom%_change : -0.3065118242384711
Stock_Market_Volatility : -0.1404034805742627
Current_Account_Balance_change_yryr% : -0.06140636765152219
Current_Account_Balance_over_GDP : -0.5526442227866728
Foreign_Exchange_Reserve_change_yryr% : -0.3982779301030935
Broad_Money_mo12m%_change : -0.5184098268033415
--------------------

