--------------------
id : 9797226325
explain variance ratio : 0.3225357352172496
Weight :
Term_Premium : 0.12063550803090624
Stock_Prices_mom%_change : 0.28282329163914877
Stock_Prices_mom24mma%_change : 0.5270639282995736
One-Day_Repo_Rate_AVG : 0.19541081558334072
Current_Account_Balance_change_yryr% : 0.11742273190987512
Foreign_Exchange_Reserve_change_yryr% : 0.5979203890464668
Foreign_Exchange_Reserve_over_GDP : 0.46709677684644874
--------------------

