--------------------
id : 9812332495
explain variance ratio : 0.29221551069351864
Weight :
Term_Premium : 0.2464375347177335
Stock_Prices_mom%_change : 0.20464085126737142
Stock_Prices_mom24mma%_change : 0.5594826044947134
One-Day_Repo_Rate_AVG : 0.354891235072474
REER : 0.0484390786060474
Broad_Money_mo12m%_change : 0.1882892566856776
Portfolio_Flows : 0.37870709674487796
Foreign_Exchange_Reserve_change_yryr% : 0.5265015065191894
--------------------

