--------------------
id : 9827858548
explain variance ratio : 0.44399743878264225
Weight :
Risk_Premium : 0.1594753845274617
Stock_Prices_mom24mma%_change : 0.4794378078593722
Current_Account_Balance_over_GDP : 0.4987423763765353
Foreign_Exchange_Reserve_change_yryr% : 0.4750133656272882
Broad_Money_mo12m%_change : 0.23621671609956185
Foreign_Exchange_Reserve_over_GDP : 0.4631705923757233
--------------------

