--------------------
id : 9843769423
explain variance ratio : 0.2531984722073652
Weight :
Risk_Premium : -0.5040735019711209
Stock_Prices_mom%_change : -0.19484551432869734
Stock_Market_Volatility : -0.09384359699934394
Current_Account_Balance_change_yryr% : -0.4028254472036507
Portfolio_Flows : -0.3966919296486666
Foreign_Exchange_Reserve_over_GDP : -0.6160403245694038
--------------------

