--------------------
id : 9855000674
explain variance ratio : 0.33882269544336935
Weight :
Risk_Premium : -0.22805928869798384
Stock_Prices_mom%_change : -0.3748081745600005
Stock_Prices_mom24mma%_change : -0.5552982602027025
Stock_Market_Volatility : -0.04619825970947619
Current_Account_Balance_over_GDP : -0.6097633181544891
Broad_Money_mo12m%_change : -0.35384467209563053
--------------------

