--------------------
id : 9862362507
explain variance ratio : 0.33361145555243804
Weight :
Term_Premium : -0.24925612582272846
Stock_Prices_mom%_change : -0.2052308473411133
Stock_Prices_mom24mma%_change : -0.5592752802222105
One-Day_Repo_Rate_AVG : -0.3381405273857792
Foreign_Exchange_Reserve_change_yryr% : -0.5308101719297591
Broad_Money_mo12m%_change : -0.20386625850879928
Portfolio_Flows : -0.3811862244738793
--------------------

