--------------------
id : 9870631387
explain variance ratio : 0.3102865265514701
Weight :
Risk_Premium : -0.3726045138812932
Stock_Market_Volatility : -0.1599124032162318
Current_Account_Balance_over_GDP : -0.7058827868551776
Current_Account_Balance_change_yryr% : -0.3435869282319741
Foreign_Exchange_Reserve_change_yryr% : -0.46826425605909583
--------------------

