--------------------
id : 9887086600
explain variance ratio : 0.30422448647575867
Weight :
Term_Premium : -0.45037254948495675
Stock_Prices_mom%_change : -0.314054046553476
Current_Account_Balance_change_yryr% : -0.030330155511982343
Broad_Money_mo12m%_change : -0.5896356654870822
Portfolio_Flows : -0.5235809305777913
Foreign_Exchange_Reserve_over_GDP : -0.2753316097024207
--------------------

