--------------------
id : 9889562761
explain variance ratio : 0.41971239456372395
Weight :
Risk_Premium : -0.1260905126817833
Stock_Prices_mom24mma%_change : -0.4607957642426773
Current_Account_Balance_over_GDP : -0.46345865277673687
Foreign_Exchange_Reserve_change_yryr% : -0.44093328567603834
Broad_Money_mo12m%_change : -0.25918721293566127
Portfolio_Flows : -0.35471159651104106
Foreign_Exchange_Reserve_over_GDP : -0.4117693929473022
--------------------

