--------------------
id : 9890062601
explain variance ratio : 0.340687537854339
Weight :
Term_Premium : 0.12876725915143375
Stock_Prices_mom24mma%_change : 0.5111211958427859
One-Day_Repo_Rate_AVG : 0.15674682481917068
Current_Account_Balance_change_yryr% : 0.12107022707629689
Portfolio_Flows : 0.383390798723578
Foreign_Exchange_Reserve_over_GDP : 0.46081620024284814
Foreign_Exchange_Reserve_change_yryr% : 0.5688641966264982
--------------------

