--------------------
id : 9907699442
explain variance ratio : 0.3042022515146541
Weight :
Term_Premium : 0.1434023984491378
Stock_Prices_mom%_change : 0.2415429637454034
Stock_Market_Volatility : 0.02844963393856008
Current_Account_Balance_over_GDP : 0.5226941634494816
Current_Account_Balance_change_yryr% : 0.1622332952562855
Foreign_Exchange_Reserve_over_GDP : 0.5441527264329772
Foreign_Exchange_Reserve_change_yryr% : 0.5697827189680067
--------------------

