--------------------
id : 9923328080
explain variance ratio : 0.29346729486315026
Weight :
Term_Premium : -0.2843468676225708
Stock_Market_Volatility : -0.0611784049285401
Current_Account_Balance_change_yryr% : -0.1137914217683915
Foreign_Exchange_Reserve_change_yryr% : -0.5101234167063227
Broad_Money_mo12m%_change : -0.44133244251358766
Portfolio_Flows : -0.46090709556307485
Foreign_Exchange_Reserve_over_GDP : -0.48478861181759236
--------------------

