--------------------
id : 9932370090
explain variance ratio : 0.22314881836777084
Weight :
Risk_Premium : -0.7053229429868656
Stock_Prices_mom%_change : -0.1114825797401961
Current_Account_Balance_over_GDP : -0.4251676498252025
REER : -0.1346671245370656
Current_Account_Balance_change_yryr% : -0.5321504794084295
Velocity_of_Money_mo12m%_change : -0.08946665796390044
--------------------

