--------------------
id : 9932055978
explain variance ratio : 0.326644885651529
Weight :
Term_Premium : -0.20427382738819427
Stock_Prices_mom%_change : -0.02830149275175753
Current_Account_Balance_change_yryr% : -0.05878840354362305
Policy_Rate_&_Fed_Funds_Rate_Differential_EOP : -0.5826514704667733
REER : -0.3063821258081889
One-Day_Repo_Rate_EOP : -0.5894679721240466
Foreign_Exchange_Reserve_change_yryr% : -0.38555222996935223
Portfolio_Flows : -0.15665055797787167
--------------------

