--------------------
id : 9938569320
explain variance ratio : 0.352812470924789
Weight :
Term_Premium : -0.2304795111030467
Risk_Premium : -0.05096225594794934
Stock_Prices_mom%_change : -0.2878164982313147
Stock_Prices_mom24mma%_change : -0.4751589651903654
Current_Account_Balance_over_GDP : -0.4629451656036474
Broad_Money_mo12m%_change : -0.32886760044457625
Portfolio_Flows : -0.3952121592221457
Foreign_Exchange_Reserve_change_yryr% : -0.39623590044377366
--------------------

