--------------------
id : 9947909565
explain variance ratio : 0.3550534044043375
Weight :
Term_Premium : 0.07281141544253114
Risk_Premium : 0.16092185280715435
Stock_Prices_mom24mma%_change : 0.5302601517555816
Current_Account_Balance_change_yryr% : 0.1951626849336533
Foreign_Exchange_Reserve_change_yryr% : 0.5759279694774209
Foreign_Exchange_Reserve_over_GDP : 0.5637777282880354
--------------------

