--------------------
id : 9958946269
explain variance ratio : 0.3359575165239018
Weight :
Term_Premium : -0.414635018021322
Stock_Market_Volatility : -0.19137882313513566
Current_Account_Balance_over_GDP : -0.4938243481235618
Current_Account_Balance_change_yryr% : -0.04610804232176828
Broad_Money_mo12m%_change : -0.5899532538966469
Portfolio_Flows : -0.44431820549716383
--------------------

