--------------------
id : 9974429427
explain variance ratio : 0.36963528544179364
Weight :
Risk_Premium : -0.31046898407260365
Stock_Prices_mom24mma%_change : -0.4895238396749406
Stock_Market_Volatility : -0.07536802755137777
Current_Account_Balance_over_GDP : -0.586691134968092
Broad_Money_mo12m%_change : -0.3008527868166634
Foreign_Exchange_Reserve_over_GDP : -0.4728384433993737
--------------------

