--------------------
id : 9980671097
explain variance ratio : 0.32907539564205307
Weight :
Term_Premium : -0.26342263329832566
Stock_Prices_mom%_change : -0.24521578753783202
Current_Account_Balance_over_GDP : -0.5188089853014901
One-Day_Repo_Rate_EOP : -0.0006052615827822627
Foreign_Exchange_Reserve_change_yryr% : -0.49316162224412097
Broad_Money_mo12m%_change : -0.3836762638557524
Foreign_Exchange_Reserve_over_GDP : -0.4592371317048197
--------------------

