--------------------
id : 9984993529
explain variance ratio : 0.3221153606891765
Weight :
Risk_Premium : -0.346262188746601
Stock_Prices_mom%_change : -0.42192680385777426
Stock_Market_Volatility : -0.11877520203691985
Current_Account_Balance_over_GDP : -0.6478905526511308
Portfolio_Flows : -0.517890482628593
--------------------

