--------------------
id : 9987664029
explain variance ratio : 0.3319457591895437
Weight :
Risk_Premium : -0.26802567925726456
Stock_Prices_mom%_change : -0.2772965474066443
Stock_Prices_mom24mma%_change : -0.5053398665157179
Stock_Market_Volatility : -0.04903375035109041
Current_Account_Balance_over_GDP : -0.5666288900474608
Broad_Money_mo12m%_change : -0.2956515711649835
Foreign_Exchange_Reserve_over_GDP : -0.43013721080915623
--------------------

