--------------------
id : 9987080466
explain variance ratio : 0.36604584004190427
Weight :
Term_Premium : -0.23326494952637067
Stock_Prices_mom24mma%_change : -0.5406007044097673
REER : -0.25137411973668966
Current_Account_Balance_change_yryr% : -0.1402025005686853
One-Day_Repo_Rate_EOP : -0.527356862315679
Foreign_Exchange_Reserve_change_yryr% : -0.540728575390258
--------------------

