--------------------
id : 9988058334
explain variance ratio : 0.3302795227268647
Weight :
Term_Premium : -0.2501142461651816
Stock_Prices_mom%_change : -0.12382107258717567
Stock_Prices_mom24mma%_change : -0.3214326188121829
Stock_Market_Volatility : -0.18836173132775827
Policy_Rate_&_Fed_Funds_Rate_Differential_AVG : -0.5636264301524013
One-Day_Repo_Rate_AVG : -0.5529624735494914
REER : -0.3479803417524494
Portfolio_Flows : -0.1969252838435748
--------------------

