--------------------
id : 6974323411
corr_coef : 0.8800132468052103
explain variance ratio : 0.364756707844782
Weight :
Risk_Premium : -0.6031481820179453
Stock_Prices_mom%_change : -0.2474412143268637
Stock_Prices_mom24mma%_change : -0.44149375971060034
Current_Account_Balance_over_GDP : -0.48819880282991557
Velocity_of_Money_mo12m%_change : -0.3764708554894138
--------------------

