--------------------
id : 2169551626
explain variance ratio : 0.5344660010624451
Weight :
Risk_Premium : -0.3964125410375882
Stock_Prices_mom%_change : -0.2743967937873677
Stock_Prices_mom24mma%_change : -0.4977689434198883
Current_Account_Balance_over_GDP : -0.5129889339083105
Bank_Lending_mo12m%_change : -0.506588520913767
--------------------

