--------------------
id : 2314107525
explain variance ratio : 0.3991676880974574
Weight :
Risk_Premium : -0.3352430852615103
Stock_Prices_mom%_change : -0.2488454420336922
Stock_Prices_mom24mma%_change : -0.44695181907690806
Stock_Market_Volatility : -0.39166806499552675
Current_Account_Balance_over_GDP : -0.4537799874743716
Bank_Lending_mo12m%_change : -0.46387822169279475
Portfolio_Flows : -0.14657929340717069
Velocity_of_Money_mo12m%_change : -0.17301285270478245
--------------------

