--------------------
id : 5778851467
explain variance ratio : 0.5154737016567885
Weight :
Risk_Premium : -0.4317764879856646
Stock_Prices_mom24mma%_change : -0.5209926923125058
Current_Account_Balance_over_GDP : -0.5131425277828271
Bank_Lending_mo12m%_change : -0.5043794874615686
Portfolio_Flows : -0.15627462298270645
--------------------

