--------------------
id : 6237979363
explain variance ratio : 0.41475684792549417
Weight :
Risk_Premium : -0.37296045191894733
Stock_Market_Volatility : -0.4575355447878512
Current_Account_Balance_over_GDP : -0.5499716631712088
Bank_Lending_mo12m%_change : -0.5257536256751583
Portfolio_Flows : -0.14910469357856176
Velocity_of_Money_mo12m%_change : -0.2245969984462462
--------------------

