--------------------
id : 8139152600
explain variance ratio : 0.5139888840668799
Weight :
Risk_Premium : -0.32976134770599413
Stock_Prices_mom%_change : -0.2739645073728233
Stock_Prices_mom24mma%_change : -0.44405043580570036
Stock_Market_Volatility : -0.40771010812524294
Current_Account_Balance_over_GDP : -0.4740865918233649
Bank_Lending_mo12m%_change : -0.4775295633839539
--------------------

