--------------------
id : 8959776489
explain variance ratio : 0.39328172609970297
Weight :
Risk_Premium : -0.3977171128711201
Stock_Prices_mom%_change : -0.23845190711027386
Stock_Prices_mom24mma%_change : -0.5001206920881746
Current_Account_Balance_over_GDP : -0.49389331722339574
Bank_Lending_mo12m%_change : -0.49811615793805886
Foreign_Exchange_Reserve_over_GDP : -0.044594972084384954
Velocity_of_Money_mo12m%_change : -0.20199517899709793
--------------------

