--------------------
id : 1011934084
corr_coef : -0.513040603049752
explain variance ratio : 0.31995218049288693
Weight :
Risk_Premium : -0.6155579006684799
Stock_Prices_mom24mma%_change : -0.3244034432057007
Current_Account_Balance_over_GDP : -0.6754461926164925
Foreign_Exchange_Reserve_over_GDP : -0.24417886444322492
--------------------

