--------------------
id : 1017371834
corr_coef : 0.322403950335563
explain variance ratio : 0.27936461267016427
Weight :
Risk_Premium : -0.24847929871544758
Stock_Prices_mom%_change : -0.6020915441624278
Stock_Prices_mom24mma%_change : -0.5904913167825755
Stock_Market_Volatility : -0.4532987293997789
Current_Account_Balance_change_yryr% : -0.0070023418624858
Portfolio_Flows : -0.14674823506724316
--------------------

