--------------------
id : 1200522886
corr_coef : 0.1280188334680811
explain variance ratio : 0.29657743346124626
Weight :
Term_Premium : -0.1159613740266745
Stock_Market_Volatility : -0.30425043721899836
One-Day_Repo_Rate_EOP : -0.2957551811508128
Current_Account_Balance_over_GDP : -0.226900850945793
Bank_Lending_mo12m%_change : -0.6081471250302474
Foreign_Exchange_Reserve_change_yryr% : -0.0979521293793296
Foreign_Exchange_Reserve_over_GDP : -0.6128555804722017
--------------------

