--------------------
id : 1509758201
corr_coef : 0.60565597933334
explain variance ratio : 0.3073366351218747
Weight :
Risk_Premium : -0.2570551823991138
Stock_Prices_mom%_change : -0.3700809277530773
Stock_Prices_mom24mma%_change : -0.5101485676315254
Current_Account_Balance_change_yryr% : -0.04543600799556634
Current_Account_Balance_over_GDP : -0.5925931402693093
Bank_Lending_mo12m%_change : -0.33854437280322913
Foreign_Exchange_Reserve_over_GDP : -0.26242680119442136
--------------------

