--------------------
id : 1676815469
corr_coef : 0.2099560882040283
explain variance ratio : 0.3502287277340981
Weight :
Term_Premium : -0.0033386878519994236
Stock_Prices_mom%_change : -0.27093444822614443
Current_Account_Balance_change_yryr% : -0.19061113274610678
Bank_Lending_mo12m%_change : -0.6677767359809492
Foreign_Exchange_Reserve_over_GDP : -0.6665770809769099
--------------------

