--------------------
id : 1697579791
corr_coef : 0.4437615643620105
explain variance ratio : 0.4239632810285653
Weight :
Term_Premium : -0.4770024360795918
Stock_Market_Volatility : -0.08453890562716937
One-Day_Repo_Rate_AVG : -0.5935753416261245
Bank_Lending_mo12m%_change : -0.4465336230893535
Foreign_Exchange_Reserve_over_GDP : -0.4621665140115843
--------------------

