--------------------
id : 1908515897
corr_coef : 0.5346361831142855
explain variance ratio : 0.39534887065625146
Weight :
Term_Premium : 0.4748786454834296
Stock_Market_Volatility : 0.015016031655962547
REER : 0.5155680627550104
Current_Account_Balance_change_yryr% : 0.10352083232435114
One-Day_Repo_Rate_AVG : 0.5620699324655756
Bank_Lending_mo12m%_change : 0.32120122359869174
Foreign_Exchange_Reserve_over_GDP : 0.28043709771693337
--------------------

