--------------------
id : 2154334776
corr_coef : 0.5627056725912101
explain variance ratio : 0.2071821318370599
Weight :
Term_Premium : 0.1558932417141469
Risk_Premium : 0.2524924658514418
Stock_Prices_mom%_change : 0.603057065742726
Stock_Prices_mom24mma%_change : 0.6587610679765381
One-Day_Repo_Rate_EOP : 0.17204850857257215
Policy_Rate_&_Fed_Funds_Rate_Differential_EOP : 0.011503261308972237
Foreign_Exchange_Reserve_change_yryr% : 0.2908055507199072
--------------------

