--------------------
id : 2287860548
corr_coef : 0.28086155880972935
explain variance ratio : 0.2422358598385449
Weight :
Term_Premium : -0.08077329847037676
Stock_Prices_mom%_change : -0.4109231104489809
Stock_Prices_mom24mma%_change : -0.05032795871983742
Stock_Market_Volatility : -0.5360118096591353
One-Day_Repo_Rate_AVG : -0.304016678802805
Bank_Lending_mo12m%_change : -0.6650941038980096
--------------------

