--------------------
id : 2572321493
corr_coef : 0.09059507035013638
explain variance ratio : 0.2486536151425171
Weight :
Term_Premium : 0.07955478057588691
Stock_Prices_mom24mma%_change : 0.02143197722275157
One-Day_Repo_Rate_EOP : 0.3136442581753214
Current_Account_Balance_over_GDP : 0.3531282309656712
Bank_Lending_mo12m%_change : 0.8775758879142899
--------------------

