--------------------
id : 2613650131
corr_coef : 0.5610254542894473
explain variance ratio : 0.20301288678709775
Weight :
Risk_Premium : -0.19890272315712001
Stock_Prices_mom%_change : -0.6289760298458529
Stock_Prices_mom24mma%_change : -0.6317153362670779
One-Day_Repo_Rate_EOP : -0.19096870569021757
REER : -0.10814756156524918
Policy_Rate_&_Fed_Funds_Rate_Differential_EOP : -0.04522838519388461
Foreign_Exchange_Reserve_change_yryr% : -0.3399294722030592
--------------------

