--------------------
id : 2688855312
corr_coef : 0.4891177175776559
explain variance ratio : 0.40110830447493956
Weight :
Term_Premium : -0.4281014057479643
Stock_Market_Volatility : -0.04552195662186387
REER : -0.47855838355061836
Current_Account_Balance_change_yryr% : -0.11136830096211842
Policy_Rate_&_Fed_Funds_Rate_Differential_EOP : -0.5567231002726698
Bank_Lending_mo12m%_change : -0.3734916499718852
Foreign_Exchange_Reserve_over_GDP : -0.35185123271097263
--------------------

