--------------------
id : 2760333983
corr_coef : 0.07728571158421489
explain variance ratio : 0.21861046376920903
Weight :
Term_Premium : 0.07270284231233984
Stock_Prices_mom24mma%_change : 0.03938035467725737
Current_Account_Balance_change_yryr% : 0.4231351566687439
One-Day_Repo_Rate_EOP : 0.27743608932489355
Current_Account_Balance_over_GDP : 0.3339004016968225
Bank_Lending_mo12m%_change : 0.7909866381064391
--------------------

