--------------------
id : 2820057229
corr_coef : 0.5306983642652312
explain variance ratio : 0.225559922948827
Weight :
Risk_Premium : -0.0036516674773069413
Stock_Prices_mom%_change : -0.5899066672989014
Stock_Prices_mom24mma%_change : -0.4758738752044097
REER : -0.2207192020044052
Bank_Lending_mo12m%_change : -0.6134695399213618
Foreign_Exchange_Reserve_change_yryr% : -0.021886104132254447
--------------------

