--------------------
id : 2919937264
corr_coef : 0.1799417721598259
explain variance ratio : 0.22254160255086372
Weight :
Term_Premium : 0.1207189355979804
Stock_Prices_mom%_change : 0.39378822519511597
Stock_Prices_mom24mma%_change : 0.008351918668625752
One-Day_Repo_Rate_AVG : 0.37409163183843774
Current_Account_Balance_over_GDP : 0.27155471131089526
Bank_Lending_mo12m%_change : 0.7852397770704401
--------------------

