--------------------
id : 3112271096
corr_coef : 0.5943012732488763
explain variance ratio : 0.2235459491377531
Weight :
Risk_Premium : -0.39953716463302114
Stock_Prices_mom%_change : -0.5844464205741939
Stock_Market_Volatility : -0.5671738805084391
Current_Account_Balance_over_GDP : -0.0631845401875682
Foreign_Exchange_Reserve_change_yryr% : -0.16132671367248408
Portfolio_Flows : -0.3835200518368501
--------------------

