--------------------
id : 3122654524
corr_coef : 0.28292143417994126
explain variance ratio : 0.2624985282143557
Weight :
Risk_Premium : -0.4454448660483011
Stock_Prices_mom%_change : -0.5072906243795713
Stock_Prices_mom24mma%_change : -0.5536544029312507
REER : -0.3587831478491039
Foreign_Exchange_Reserve_change_yryr% : -0.04529635861107084
Portfolio_Flows : -0.3269935604239022
--------------------

