--------------------
id : 3798822582
corr_coef : 0.247673104045044
explain variance ratio : 0.22203085755785035
Weight :
Term_Premium : -0.10109506956663446
Stock_Prices_mom%_change : -0.38859201174827535
Stock_Market_Volatility : -0.4560373681645321
One-Day_Repo_Rate_AVG : -0.34032661570015676
Current_Account_Balance_over_GDP : -0.20936553832647847
Bank_Lending_mo12m%_change : -0.6567430958973338
Foreign_Exchange_Reserve_change_yryr% : -0.19959540613661403
--------------------

