--------------------
id : 4113458138
corr_coef : -0.09184241545982048
explain variance ratio : 0.351065132671748
Weight :
Risk_Premium : -0.5564698996822656
Stock_Prices_mom24mma%_change : -0.4155486311291977
REER : -0.4525044083235058
Portfolio_Flows : -0.5593749604353536
--------------------

