--------------------
id : 4154838004
corr_coef : -0.4327098611466012
explain variance ratio : 0.22548883876722203
Weight :
Risk_Premium : -0.32845424537569845
Stock_Prices_mom24mma%_change : -0.3535222577981291
Stock_Market_Volatility : -0.4546735597189086
REER : -0.5673385810212592
Current_Account_Balance_over_GDP : -0.13896149621275106
Foreign_Exchange_Reserve_change_yryr% : -0.1564949082688955
Portfolio_Flows : -0.4412910114307084
--------------------

