--------------------
id : 4464068657
corr_coef : 0.535580870761371
explain variance ratio : 0.3620707365218984
Weight :
Risk_Premium : -0.058219773819491255
Stock_Prices_mom%_change : -0.4242250689473096
Stock_Market_Volatility : -0.5045998148062825
Current_Account_Balance_over_GDP : -0.5747781709346942
Bank_Lending_mo12m%_change : -0.4813030541431149
--------------------

