--------------------
id : 4624561803
corr_coef : 0.09233250231308472
explain variance ratio : 0.3027499547085025
Weight :
Term_Premium : -0.25068702785137603
Stock_Market_Volatility : -0.5374049582964637
REER : -0.4982577306712303
One-Day_Repo_Rate_AVG : -0.6245502152416479
Portfolio_Flows : -0.10014083749093741
--------------------

