--------------------
id : 4663204089
corr_coef : -0.5346361831142856
explain variance ratio : 0.39534887065625113
Weight :
Term_Premium : 0.47487864548342934
Stock_Market_Volatility : 0.015016031655962547
Current_Account_Balance_change_yryr% : 0.10352083232435111
One-Day_Repo_Rate_AVG : 0.5620699324655752
REER : 0.5155680627550102
Bank_Lending_mo12m%_change : 0.3212012235986917
Foreign_Exchange_Reserve_over_GDP : 0.2804370977169333
--------------------

