--------------------
id : 4863535688
corr_coef : 0.5543240180219499
explain variance ratio : 0.20056565030688395
Weight :
Term_Premium : 0.17670621729780264
Risk_Premium : 0.18944001056070575
Stock_Prices_mom%_change : 0.624998267395669
Stock_Prices_mom24mma%_change : 0.6267244558750367
Policy_Rate_&_Fed_Funds_Rate_Differential_AVG : 0.0818235638915279
REER : 0.11282551584698597
Foreign_Exchange_Reserve_change_yryr% : 0.36063322738422654
--------------------

