--------------------
id : 4921685168
corr_coef : 0.5820089537342542
explain variance ratio : 0.4250841744567905
Weight :
Risk_Premium : -0.4835390119092136
Stock_Prices_mom24mma%_change : -0.6059249954585907
Stock_Market_Volatility : -0.2892259634333719
Current_Account_Balance_over_GDP : -0.547984024410711
Bank_Lending_mo12m%_change : -0.12290962088887508
--------------------

