--------------------
id : 4969583950
corr_coef : -0.21242079840889277
explain variance ratio : 0.24548968282378655
Weight :
Risk_Premium : -0.11743958588279339
Stock_Prices_mom24mma%_change : -0.32608605906517074
REER : -0.6752032797748225
Bank_Lending_mo12m%_change : -0.5008141386366978
Foreign_Exchange_Reserve_change_yryr% : -0.08671733762277353
Portfolio_Flows : -0.40699098101745
--------------------

