--------------------
id : 5582773032
corr_coef : 0.4659524036849205
explain variance ratio : 0.40188840139359583
Weight :
Term_Premium : -0.42052291914562195
Stock_Market_Volatility : -0.051922583943482925
REER : -0.4772300895312098
Current_Account_Balance_change_yryr% : -0.11132029583146924
Policy_Rate_&_Fed_Funds_Rate_Differential_AVG : -0.5562742387715821
Bank_Lending_mo12m%_change : -0.37863007957945327
Foreign_Exchange_Reserve_over_GDP : -0.35710220840630313
--------------------

