--------------------
id : 5645384571
corr_coef : 0.5537854514741996
explain variance ratio : 0.45716047624637707
Weight :
Term_Premium : 0.4874349090538897
Stock_Market_Volatility : 0.0028482971833536652
REER : 0.5209563651728428
One-Day_Repo_Rate_EOP : 0.5675678823791716
Bank_Lending_mo12m%_change : 0.3102675327988164
Foreign_Exchange_Reserve_over_GDP : 0.2694518866277244
--------------------

