--------------------
id : 5843575114
corr_coef : -0.3236322371851449
explain variance ratio : 0.37538536727965177
Weight :
Term_Premium : -0.6022336293283153
Stock_Market_Volatility : -0.09664503838058791
Current_Account_Balance_change_yryr% : -0.06488893861907973
One-Day_Repo_Rate_AVG : -0.6220865148488687
REER : -0.2507306156060218
Foreign_Exchange_Reserve_change_yryr% : -0.4170207960622153
--------------------

