--------------------
id : 5892355498
corr_coef : -0.2112898106633995
explain variance ratio : 0.2108256673837521
Weight :
Risk_Premium : -0.02021696471810714
Stock_Prices_mom24mma%_change : -0.037675310160129136
Policy_Rate_&_Fed_Funds_Rate_Differential_AVG : -0.10456688447770537
REER : -0.7452513723012958
Bank_Lending_mo12m%_change : -0.46437588857874773
Foreign_Exchange_Reserve_change_yryr% : -0.2833526976692873
Portfolio_Flows : -0.3686519861954144
--------------------

