--------------------
id : 5927710490
corr_coef : 0.35837939869947355
explain variance ratio : 0.3551846784734698
Weight :
Risk_Premium : -0.29505353396515654
Stock_Market_Volatility : -0.473540752957423
REER : -0.6320176669912363
Portfolio_Flows : -0.5378254698265453
--------------------

