--------------------
id : 5950348002
corr_coef : 0.10194640716453675
explain variance ratio : 0.3368044534505834
Weight :
Risk_Premium : -0.5083155643409939
Stock_Prices_mom%_change : -0.24556135988819094
REER : -0.5469126780237283
Portfolio_Flows : -0.6182244157225381
--------------------

