--------------------
id : 6001221702
corr_coef : -0.01592889537771949
explain variance ratio : 0.2656706028294014
Weight :
Term_Premium : -0.18028369112683706
Stock_Prices_mom%_change : -0.21978799725849324
Stock_Market_Volatility : -0.41821857725416633
REER : -0.5165626209875471
Current_Account_Balance_over_GDP : -0.12681479572535762
Bank_Lending_mo12m%_change : -0.6792387759822737
--------------------

