--------------------
id : 6002891006
corr_coef : 0.44112823247592464
explain variance ratio : 0.2589183570216417
Weight :
Risk_Premium : -0.31263862247047514
Stock_Prices_mom24mma%_change : -0.7149970863763289
Current_Account_Balance_change_yryr% : -0.15564908179004736
Bank_Lending_mo12m%_change : -0.5244477645391503
Foreign_Exchange_Reserve_over_GDP : -0.3029260038704629
--------------------

