--------------------
id : 6058100017
corr_coef : 0.40034243565935096
explain variance ratio : 0.32199192120256515
Weight :
Term_Premium : 0.45775718182188696
Stock_Market_Volatility : 0.03461790061235315
REER : 0.5840004870558464
Current_Account_Balance_change_yryr% : 0.08321530486312087
Bank_Lending_mo12m%_change : 0.3887344760430405
Foreign_Exchange_Reserve_over_GDP : 0.3284371239850734
Foreign_Exchange_Reserve_change_yryr% : 0.42695804281768246
--------------------

