--------------------
id : 6153834583
corr_coef : 0.14883131183815154
explain variance ratio : 0.21435907647362296
Weight :
Term_Premium : -0.015392841360654818
Stock_Prices_mom%_change : -0.3791094075639415
Stock_Prices_mom24mma%_change : -0.1875241559185622
REER : -0.45917980568235534
Current_Account_Balance_over_GDP : -0.24302102124309546
Bank_Lending_mo12m%_change : -0.7013635330395704
Foreign_Exchange_Reserve_change_yryr% : -0.2430178847083514
--------------------

