--------------------
id : 6220210861
corr_coef : 0.12311386107078875
explain variance ratio : 0.22704387491837458
Weight :
Term_Premium : -0.07031217592864547
Stock_Prices_mom%_change : -0.3064048468611199
Stock_Prices_mom24mma%_change : -0.1359059338116513
Stock_Market_Volatility : -0.4686778535745346
Current_Account_Balance_change_yryr% : -0.21368102799526012
REER : -0.43336235570096043
Bank_Lending_mo12m%_change : -0.6554238334054885
--------------------

