--------------------
id : 6373090261
corr_coef : 0.3370517950920733
explain variance ratio : 0.20423870880738684
Weight :
Risk_Premium : -0.004335053730272097
Stock_Prices_mom%_change : -0.6968122701009819
Stock_Prices_mom24mma%_change : -0.5297619555752566
One-Day_Repo_Rate_AVG : -0.11287979751328808
REER : -0.4174888684035785
Foreign_Exchange_Reserve_over_GDP : -0.17187406051434828
Portfolio_Flows : -0.1311740880117723
--------------------

