--------------------
id : 6480280496
corr_coef : -0.5537854514741997
explain variance ratio : 0.4571604762463771
Weight :
Term_Premium : 0.4874349090538902
Stock_Market_Volatility : 0.002848297183353221
One-Day_Repo_Rate_EOP : 0.5675678823791717
REER : 0.5209563651728428
Bank_Lending_mo12m%_change : 0.31026753279881597
Foreign_Exchange_Reserve_over_GDP : 0.26945188662772396
--------------------

