--------------------
id : 6501725255
corr_coef : -0.5187995632027964
explain variance ratio : 0.3035883102437532
Weight :
Risk_Premium : -0.02502763279292053
Stock_Prices_mom%_change : -0.4135697597084834
Stock_Market_Volatility : -0.5009908883069332
Current_Account_Balance_change_yryr% : -0.11932682317840765
Current_Account_Balance_over_GDP : -0.5610163044675431
Bank_Lending_mo12m%_change : -0.4983609301265594
--------------------

