--------------------
id : 6641788832
corr_coef : 0.6101785357996724
explain variance ratio : 0.21867528240864564
Weight :
Risk_Premium : -0.13934581589253323
Stock_Prices_mom%_change : -0.6157756694727259
Stock_Prices_mom24mma%_change : -0.5627108985408199
Stock_Market_Volatility : -0.4459762657589452
One-Day_Repo_Rate_EOP : -0.19130404383888278
Policy_Rate_&_Fed_Funds_Rate_Differential_EOP : -0.10345330108760187
Foreign_Exchange_Reserve_change_yryr% : -0.1963793798409574
--------------------

