--------------------
id : 6699780163
corr_coef : 0.0015502235008323505
explain variance ratio : 0.2779620112350386
Weight :
Term_Premium : 0.05824253602655232
Stock_Prices_mom24mma%_change : 0.15249273610428798
REER : 0.5019882047910662
Current_Account_Balance_over_GDP : 0.2754168761101881
Bank_Lending_mo12m%_change : 0.8034346015930431
--------------------

