--------------------
id : 6806576074
corr_coef : 0.5568237540028412
explain variance ratio : 0.24959252431292747
Weight :
Risk_Premium : -0.023916901943611395
Stock_Prices_mom%_change : -0.608677870675317
Stock_Prices_mom24mma%_change : -0.4963787249558845
Stock_Market_Volatility : -0.4333594107233711
One-Day_Repo_Rate_EOP : -0.3075399359247346
Foreign_Exchange_Reserve_change_yryr% : -0.3164904452138413
--------------------

