--------------------
id : 6810209333
corr_coef : 0.33426848820313226
explain variance ratio : 0.37055769322552573
Weight :
Term_Premium : 0.6072948307908286
Stock_Prices_mom%_change : 0.0035310339300395066
REER : 0.25014982063332314
Current_Account_Balance_change_yryr% : 0.06124271549883191
One-Day_Repo_Rate_EOP : 0.619078486501037
Foreign_Exchange_Reserve_change_yryr% : 0.4261416957787103
--------------------

