--------------------
id : 6835565988
corr_coef : -0.5751016596728624
explain variance ratio : 0.3580077538012656
Weight :
Risk_Premium : -0.19070244191149666
Stock_Prices_mom%_change : -0.36906531859933994
Stock_Prices_mom24mma%_change : -0.468248867831083
Current_Account_Balance_over_GDP : -0.5917803938386341
Bank_Lending_mo12m%_change : -0.3905720318443337
Foreign_Exchange_Reserve_over_GDP : -0.3246780258044088
--------------------

