--------------------
id : 6838522288
corr_coef : -0.3183280188471473
explain variance ratio : 0.42849639717733373
Weight :
Term_Premium : 0.5283560053854933
Stock_Prices_mom%_change : 0.019788797943442238
Stock_Market_Volatility : 0.12291562227619525
Policy_Rate_&_Fed_Funds_Rate_Differential_AVG : 0.5259195710339727
One-Day_Repo_Rate_EOP : 0.558116576782161
REER : 0.17287658514369036
Foreign_Exchange_Reserve_change_yryr% : 0.2955812285700067
--------------------

