--------------------
id : 6945375221
corr_coef : -0.02934074626080829
explain variance ratio : 0.316993330574998
Weight :
Term_Premium : -0.0011353601583126705
Stock_Market_Volatility : -0.47736475533930006
REER : -0.5013787530463993
One-Day_Repo_Rate_EOP : -0.45503096626359885
Bank_Lending_mo12m%_change : -0.552238115014062
Portfolio_Flows : -0.09338539167198773
--------------------

