--------------------
id : 7169001872
corr_coef : -0.29657391396472726
explain variance ratio : 0.3894310494016172
Weight :
Term_Premium : 0.4922452312271559
Stock_Prices_mom%_change : 0.042725212770493126
REER : 0.5484720965494346
Foreign_Exchange_Reserve_change_yryr% : 0.6745721220407106
--------------------

