--------------------
id : 7189137658
corr_coef : 0.32294014470767224
explain variance ratio : 0.44941406931284034
Weight :
Term_Premium : -0.6018155084870804
Stock_Market_Volatility : -0.09339301744292605
REER : -0.25195327946513457
One-Day_Repo_Rate_AVG : -0.6217226737806797
Foreign_Exchange_Reserve_change_yryr% : -0.4231740775509635
--------------------

