--------------------
id : 7585838442
corr_coef : 0.5686213731248497
explain variance ratio : 0.20862101876133307
Weight :
Term_Premium : -0.1392932389531333
Risk_Premium : -0.26224753151688057
Stock_Prices_mom%_change : -0.6051050795393966
Stock_Prices_mom24mma%_change : -0.661348164709896
Policy_Rate_&_Fed_Funds_Rate_Differential_AVG : -0.017491183259193605
One-Day_Repo_Rate_AVG : -0.1757146948989931
Foreign_Exchange_Reserve_change_yryr% : -0.2776841335951116
--------------------

