--------------------
id : 7602990257
corr_coef : -0.3333693361207325
explain variance ratio : 0.4437553697860985
Weight :
Term_Premium : 0.6068239289081893
Stock_Prices_mom%_change : 0.0032001253076646696
One-Day_Repo_Rate_EOP : 0.6186978372464773
REER : 0.250662545853531
Foreign_Exchange_Reserve_change_yryr% : 0.4314345289788495
--------------------

