--------------------
id : 7721829909
corr_coef : 0.31025339237421745
explain variance ratio : 0.4302224042588027
Weight :
Term_Premium : 0.5248031366956796
Stock_Market_Volatility : 0.12364667372074079
REER : 0.17594486522938851
Current_Account_Balance_change_yryr% : 0.06723288109788778
Policy_Rate_&_Fed_Funds_Rate_Differential_AVG : 0.5261613890443093
One-Day_Repo_Rate_AVG : 0.5575056614727032
Foreign_Exchange_Reserve_change_yryr% : 0.293526731313706
--------------------

