--------------------
id : 7856658033
corr_coef : 0.6509195919520752
explain variance ratio : 0.3818793400423062
Weight :
Risk_Premium : -0.40780042841318714
Stock_Prices_mom%_change : -0.3409784037274949
Stock_Prices_mom24mma%_change : -0.5626591936836864
Stock_Market_Volatility : -0.3073562763240234
Current_Account_Balance_over_GDP : -0.5281733522229974
Bank_Lending_mo12m%_change : -0.16556630075727097
--------------------

