--------------------
id : 7928120152
corr_coef : -0.12865233905720572
explain variance ratio : 0.3466618001527635
Weight :
Risk_Premium : -0.4864090498738647
Stock_Market_Volatility : -0.12611890533947157
REER : -0.5057657454178351
Foreign_Exchange_Reserve_change_yryr% : -0.5897781204156133
Portfolio_Flows : -0.37929281216198435
--------------------

