--------------------
id : 7992211113
corr_coef : 0.49287109450319244
explain variance ratio : 0.4223080864942635
Weight :
Term_Premium : -0.4986240736461559
Stock_Market_Volatility : -0.06487905396235982
One-Day_Repo_Rate_EOP : -0.6025309757079662
Bank_Lending_mo12m%_change : -0.43002760211444613
Foreign_Exchange_Reserve_over_GDP : -0.4463153887886545
--------------------

