--------------------
id : 8030597634
corr_coef : -0.4619560084467925
explain variance ratio : 0.2114277697013712
Weight :
Risk_Premium : -0.09654288030480895
Stock_Prices_mom24mma%_change : -0.29755903119986
Stock_Market_Volatility : -0.5898764067688782
One-Day_Repo_Rate_AVG : -0.10230970045244625
REER : -0.6271854306420245
Policy_Rate_&_Fed_Funds_Rate_Differential_EOP : -0.04156780715885075
Portfolio_Flows : -0.3855219814005446
--------------------

