--------------------
id : 8330721502
corr_coef : 0.5118211707621926
explain variance ratio : 0.28197044742685656
Weight :
Risk_Premium : -0.10632536083854338
Stock_Prices_mom%_change : -0.6319625505529377
Stock_Prices_mom24mma%_change : -0.5709028555360548
One-Day_Repo_Rate_AVG : -0.3015857983125685
Foreign_Exchange_Reserve_change_yryr% : -0.41525195741637105
--------------------

