--------------------
id : 8361732457
corr_coef : -0.09409594065078661
explain variance ratio : 0.34325040671044765
Weight :
Term_Premium : -0.28652541016134725
Stock_Market_Volatility : -0.23708506257385561
Current_Account_Balance_change_yryr% : -0.16540377336949785
REER : -0.4724122794765361
Bank_Lending_mo12m%_change : -0.5844240307540114
Foreign_Exchange_Reserve_over_GDP : -0.5192404497613533
--------------------

