--------------------
id : 8409628483
corr_coef : 0.3158468073656771
explain variance ratio : 0.21378177673846452
Weight :
Term_Premium : 0.0008641110999211832
Stock_Prices_mom%_change : 0.5094358101874341
Stock_Prices_mom24mma%_change : 0.1869430853549341
Current_Account_Balance_change_yryr% : 0.378835731671801
One-Day_Repo_Rate_AVG : 0.23715103202974996
Bank_Lending_mo12m%_change : 0.7111747801100469
--------------------

