--------------------
id : 8509432595
corr_coef : 0.6050911468453382
explain variance ratio : 0.20882362076401412
Weight :
Risk_Premium : -0.030210379623977303
Stock_Prices_mom%_change : -0.6360694764096079
Stock_Prices_mom24mma%_change : -0.49537879057800077
Stock_Market_Volatility : -0.46668220085514683
REER : -0.14056097174992813
Policy_Rate_&_Fed_Funds_Rate_Differential_EOP : -0.1891343406611154
Foreign_Exchange_Reserve_change_yryr% : -0.2752841183157112
--------------------

