--------------------
id : 8704877184
corr_coef : -0.32188987757296067
explain variance ratio : 0.42412952619258404
Weight :
Term_Premium : 0.5316225989889645
Stock_Prices_mom%_change : 0.010500842176694447
Current_Account_Balance_change_yryr% : 0.06515593804870667
One-Day_Repo_Rate_AVG : 0.5579903376091574
REER : 0.17871443885842045
Policy_Rate_&_Fed_Funds_Rate_Differential_EOP : 0.5267231740966288
Foreign_Exchange_Reserve_change_yryr% : 0.30379677194253185
--------------------

