--------------------
id : 8743089067
corr_coef : 0.2458631301534026
explain variance ratio : 0.39560151232932633
Weight :
Term_Premium : 0.3890285996815398
Stock_Prices_mom%_change : 0.00853884014207007
REER : 0.5490399888254083
Bank_Lending_mo12m%_change : 0.5574507757487548
Foreign_Exchange_Reserve_over_GDP : 0.48619703837698947
--------------------

