--------------------
id : 8787412685
corr_coef : 0.4968312542582791
explain variance ratio : 0.2546361017367612
Weight :
Risk_Premium : -0.35624520642004515
Stock_Prices_mom24mma%_change : -0.6448447582265713
Stock_Market_Volatility : -0.5294460485131404
Current_Account_Balance_change_yryr% : -0.06789722322240885
Bank_Lending_mo12m%_change : -0.36915928810369925
Foreign_Exchange_Reserve_over_GDP : -0.18990223666331912
--------------------

