--------------------
id : 9304917382
corr_coef : 0.30021547790084807
explain variance ratio : 0.4283930143813893
Weight :
Term_Premium : 0.640696146445704
Stock_Prices_mom%_change : 0.01856647228041608
Current_Account_Balance_change_yryr% : 0.06347158988041418
One-Day_Repo_Rate_AVG : 0.6516217240240936
Foreign_Exchange_Reserve_change_yryr% : 0.4006547392638784
--------------------

