--------------------
id : 9316777989
corr_coef : 0.3001843560638982
explain variance ratio : 0.21177262951128112
Weight :
Term_Premium : 0.012210580605165985
Stock_Prices_mom%_change : 0.49703053784947465
Stock_Prices_mom24mma%_change : 0.17838851098615793
Current_Account_Balance_change_yryr% : 0.3966728693513261
One-Day_Repo_Rate_EOP : 0.22466973545568314
Bank_Lending_mo12m%_change : 0.7163541233254316
--------------------

