--------------------
id : 9507372761
corr_coef : -0.2972079373422674
explain variance ratio : 0.4350944962863198
Weight :
Term_Premium : -0.6358312196668165
Stock_Market_Volatility : -0.15708196835353228
Current_Account_Balance_change_yryr% : -0.07011598727464383
One-Day_Repo_Rate_AVG : -0.6518965791834401
Foreign_Exchange_Reserve_change_yryr% : -0.37571067817220605
--------------------

