--------------------
id : 9517013469
corr_coef : 0.06073310548516286
explain variance ratio : 0.20714024889201405
Weight :
Term_Premium : 0.019788419960969746
Stock_Prices_mom%_change : 0.3914497535985915
Current_Account_Balance_change_yryr% : 0.8553687165233954
One-Day_Repo_Rate_EOP : 0.09261011878468017
Foreign_Exchange_Reserve_over_GDP : 0.325796306815866
--------------------

