--------------------
id : 9721405129
corr_coef : -0.3091726673695012
explain variance ratio : 0.4356258386535478
Weight :
Term_Premium : -0.6394008330559386
Stock_Market_Volatility : -0.1539682895749246
Current_Account_Balance_change_yryr% : -0.07029771170411456
One-Day_Repo_Rate_EOP : -0.6524835858932057
Foreign_Exchange_Reserve_change_yryr% : -0.36984286171542186
--------------------

