--------------------
id : 9842170134
corr_coef : 0.3341750002629056
explain variance ratio : 0.3750971042552148
Weight :
Term_Premium : -0.6076177414165146
Stock_Market_Volatility : -0.09556776330209193
REER : -0.24425653845556805
Current_Account_Balance_change_yryr% : -0.06530074365581366
One-Day_Repo_Rate_EOP : -0.6231626020395953
Foreign_Exchange_Reserve_change_yryr% : -0.41159495945926183
--------------------

