--------------------
id : 9915787935
corr_coef : -0.3192169568792309
explain variance ratio : 0.4296890107737045
Weight :
Term_Premium : 0.5281547732009922
Stock_Market_Volatility : 0.12258433597578211
Current_Account_Balance_change_yryr% : 0.06738927404684208
Policy_Rate_&_Fed_Funds_Rate_Differential_AVG : 0.5258350296146217
One-Day_Repo_Rate_EOP : 0.5573651028255289
REER : 0.1726581088675282
Foreign_Exchange_Reserve_change_yryr% : 0.290714882808898
--------------------

