--------------------
id : 3958469333
corr_coef : 0.29668360958321643
explain variance ratio : 0.5424310403966497
Weight :
Term_Premium : -0.6360670162384859
Stock_Market_Volatility : -0.1540350703629636
One-Day_Repo_Rate_AVG : -0.6521766518506833
Foreign_Exchange_Reserve_change_yryr% : -0.3825670695872534
--------------------

