--------------------
id : 6990338387
corr_coef : 0.6036672895313087
explain variance ratio : 0.2144721565216345
Weight :
Term_Premium : -0.18497048006123545
Risk_Premium : -0.10708944879695481
Stock_Prices_mom%_change : -0.6153706937658373
Stock_Prices_mom24mma%_change : -0.5466080385058691
Stock_Market_Volatility : -0.4521041284923303
Policy_Rate_&_Fed_Funds_Rate_Differential_EOP : -0.14239417896411333
Foreign_Exchange_Reserve_change_yryr% : -0.22843398992821828
--------------------

