--------------------
id : 4552190452
explain variance ratio : 0.513595545737209
Weight :
Risk_Premium : 0.18987473895007845
Stock_Prices_mom24mma%_change : 0.49719622306227573
Current_Account_Balance_over_GDP : 0.49172250000786333
Foreign_Exchange_Reserve_change_yryr% : 0.49205576141238033
Foreign_Exchange_Reserve_over_GDP : 0.48252835142418915
--------------------

