--------------------
id : 4877855988
corr_coef : -0.6519096304791531
explain variance ratio : 0.43381769181355045
Weight :
Risk_Premium : -0.4992663306618003
Stock_Prices_mom%_change : -0.324606731453407
Stock_Prices_mom24mma%_change : -0.6102487840473683
Current_Account_Balance_over_GDP : -0.5169921262626916
Bank_Lending_mo12m%_change : -0.07536022766504458
--------------------

