--------------------
id : 1393933249
corr_coef : 0.8800849274074958
explain variance ratio : 0.44403725748599576
Weight :
Risk_Premium : -0.6289585276560925
Stock_Prices_mom24mma%_change : -0.3819734717643227
Current_Account_Balance_over_GDP : -0.5298130581076461
Velocity_of_Money_mo12m%_change : -0.4216699666986191
--------------------

