--------------------
id : 5065963007
corr_coef : 0.8443249899339997
explain variance ratio : 0.30636715033135403
Weight :
Risk_Premium : -0.6012696597611551
Stock_Prices_mom24mma%_change : -0.6371435266394158
Current_Account_Balance_change_yryr% : -0.1451112374291398
Foreign_Exchange_Reserve_over_GDP : -0.00520967514875516
Velocity_of_Money_mo12m%_change : -0.4598244347235382
--------------------

