--------------------
id : 8235714819
corr_coef : 0.876808836118212
explain variance ratio : 0.22517169388796554
Weight :
Term_Premium : -0.041880343092845815
Risk_Premium : -0.5840897666178435
Stock_Prices_mom24mma%_change : -0.6909566082978191
Current_Account_Balance_change_yryr% : -0.1507640845540968
Foreign_Exchange_Reserve_over_GDP : -0.008367297655662444
Bank_Lending_mo12m%_change : -0.39606101295484986
--------------------

