--------------------
id : 8236440195
corr_coef : 0.7908955227219572
explain variance ratio : 0.32531202141984283
Weight :
Risk_Premium : -0.5315223682620297
Stock_Prices_mom%_change : -0.38130279369362485
Stock_Prices_mom24mma%_change : -0.6635435281020982
Current_Account_Balance_change_yryr% : -0.12524588376032902
Velocity_of_Money_mo12m%_change : -0.34075740120131615
--------------------

