--------------------
id : 1026870713
corr_coef : -0.04169210533183122
explain variance ratio : 0.3730033221459166
Weight :
Term_Premium : 0.5314963279358437
Stock_Prices_mom24mma%_change : 0.15283719349589742
REER : 0.5357479340769994
Current_Account_Balance_change_yryr% : 0.13504111660227053
Policy_Rate_&_Fed_Funds_Rate_Differential_AVG : 0.017404297189429867
Broad_Money_mo12m%_change : 0.396063385343419
Foreign_Exchange_Reserve_change_yryr% : 0.4813744684377266
--------------------

