--------------------
id : 1091069782
corr_coef : -0.18014149681936337
explain variance ratio : 0.3731537010169924
Weight :
Term_Premium : 0.638437768786261
Stock_Prices_mom24mma%_change : 0.3694989967537463
Stock_Market_Volatility : 0.06627385232890656
One-Day_Repo_Rate_AVG : 0.6462318228699395
Portfolio_Flows : 0.18401063662972816
--------------------

