--------------------
id : 1381565859
corr_coef : -0.3329986212354351
explain variance ratio : 0.44808132909334547
Weight :
Risk_Premium : -0.26918336068720294
Stock_Market_Volatility : -0.2725048829423225
Current_Account_Balance_over_GDP : -0.569008345335998
Foreign_Exchange_Reserve_over_GDP : -0.476463378577887
Bank_Lending_mo12m%_change : -0.5499941444359833
--------------------

