--------------------
id : 1402261302
corr_coef : 0.09997919264547062
explain variance ratio : 0.5183105890394835
Weight :
Term_Premium : 0.5524088513831235
Stock_Prices_mom24mma%_change : 0.09822794254832401
One-Day_Repo_Rate_EOP : 0.5336078071160621
Broad_Money_mo12m%_change : 0.4893076716815968
Foreign_Exchange_Reserve_change_yryr% : 0.4012934622375802
--------------------

