--------------------
id : 1495178068
corr_coef : 0.1524779166431578
explain variance ratio : 0.40865089492865014
Weight :
Term_Premium : 0.5155268712205763
Stock_Prices_mom24mma%_change : 0.06329202937467016
REER : 0.4793648741393496
Current_Account_Balance_change_yryr% : 0.12428883104275174
One-Day_Repo_Rate_EOP : 0.5284572644795997
Portfolio_Flows : 0.033256364536562874
Broad_Money_mo12m%_change : 0.45234356613430454
--------------------

