--------------------
id : 1551936753
corr_coef : -0.5999501514626517
explain variance ratio : 0.39581192084173866
Weight :
Risk_Premium : -0.44065119769743494
Stock_Prices_mom24mma%_change : -0.13529871537190352
Current_Account_Balance_over_GDP : -0.6116148829341387
Foreign_Exchange_Reserve_over_GDP : -0.4717307231762595
Velocity_of_Money_mo12m%_change : -0.43694180318618137
--------------------

