--------------------
id : 1622263770
corr_coef : 0.04213779459989553
explain variance ratio : 0.429397023408759
Weight :
Term_Premium : 0.6264904927568679
Stock_Prices_mom24mma%_change : 0.09351092386393656
REER : 0.5407567775232558
Current_Account_Balance_change_yryr% : 0.1487908943128873
Broad_Money_mo12m%_change : 0.5331123211253006
--------------------

