--------------------
id : 1717551455
corr_coef : -0.6199804097399053
explain variance ratio : 0.3864821210161402
Weight :
Risk_Premium : -0.3904679302038779
Stock_Prices_mom24mma%_change : -0.20976575384870655
Stock_Market_Volatility : -0.2932172950157697
Current_Account_Balance_over_GDP : -0.5298312486910649
Velocity_of_Money_mo12m%_change : -0.3849325762021091
Bank_Lending_mo12m%_change : -0.5372732094447797
--------------------

