--------------------
id : 1799218361
corr_coef : -0.052016102885925904
explain variance ratio : 0.3385776881633141
Weight :
Term_Premium : 0.5170430602587245
Stock_Prices_mom%_change : 0.04185813650154746
Stock_Prices_mom24mma%_change : 0.23307784742395146
Policy_Rate_&_Fed_Funds_Rate_Differential_AVG : 0.3128645029343968
One-Day_Repo_Rate_AVG : 0.5915316457104601
Portfolio_Flows : 0.21218802174080517
Foreign_Exchange_Reserve_change_yryr% : 0.42868571896383145
--------------------

