--------------------
id : 1979636813
corr_coef : 0.18852599364806216
explain variance ratio : 0.41574975840465916
Weight :
Term_Premium : 0.494188944087691
Stock_Prices_mom24mma%_change : 0.01712766876067895
Policy_Rate_&_Fed_Funds_Rate_Differential_EOP : 0.17122547948698175
REER : 0.4792780116525642
Current_Account_Balance_change_yryr% : 0.11671968439373467
One-Day_Repo_Rate_EOP : 0.5403870494390429
Broad_Money_mo12m%_change : 0.43682571501541395
--------------------

