--------------------
id : 2014222966
corr_coef : -0.8800132468052103
explain variance ratio : 0.36475670784478187
Weight :
Risk_Premium : -0.6031481820179453
Stock_Prices_mom%_change : -0.24744121432686395
Stock_Prices_mom24mma%_change : -0.4414937597106
Current_Account_Balance_over_GDP : -0.4881988028299159
Velocity_of_Money_mo12m%_change : -0.37647085548941384
--------------------

