--------------------
id : 2186149782
corr_coef : 0.08316399850070015
explain variance ratio : 0.3402260468384212
Weight :
Term_Premium : -0.49033922109936723
Stock_Prices_mom24mma%_change : -0.1479263822129836
Policy_Rate_&_Fed_Funds_Rate_Differential_EOP : -0.362133785088257
REER : -0.3486167537566737
Current_Account_Balance_change_yryr% : -0.25368547215469756
One-Day_Repo_Rate_EOP : -0.6127057749637543
Portfolio_Flows : -0.21271113966731536
--------------------

