--------------------
id : 2243089316
corr_coef : -0.04991627781664723
explain variance ratio : 0.3890596793649071
Weight :
Term_Premium : 0.4762591322872027
Stock_Prices_mom24mma%_change : 0.1931883326802727
REER : 0.3936179286415825
Current_Account_Balance_change_yryr% : 0.2039845341642223
One-Day_Repo_Rate_EOP : 0.5366505619687273
Policy_Rate_&_Fed_Funds_Rate_Differential_AVG : 0.22422303321106155
Foreign_Exchange_Reserve_change_yryr% : 0.44837590124721594
--------------------

