--------------------
id : 2337475769
corr_coef : 0.043854151985074
explain variance ratio : 0.31402593528142947
Weight :
Term_Premium : 0.5050546414870252
Stock_Prices_mom%_change : 0.06491238599133431
Stock_Prices_mom24mma%_change : 0.19877940358950208
Policy_Rate_&_Fed_Funds_Rate_Differential_EOP : 0.3970050934620709
Current_Account_Balance_change_yryr% : 0.2854864172487213
One-Day_Repo_Rate_EOP : 0.6281018013164045
Portfolio_Flows : 0.25993370016347417
--------------------

