--------------------
id : 2373699559
corr_coef : -0.04036181016703627
explain variance ratio : 0.37310447828557664
Weight :
Term_Premium : 0.5309662645036552
Stock_Prices_mom24mma%_change : 0.1498136273077313
Policy_Rate_&_Fed_Funds_Rate_Differential_EOP : 0.028147034306034546
REER : 0.5368820122107019
Current_Account_Balance_change_yryr% : 0.1349882030366747
Broad_Money_mo12m%_change : 0.3957135680278353
Foreign_Exchange_Reserve_change_yryr% : 0.4814406604929705
--------------------

