--------------------
id : 2474667562
corr_coef : 0.15888027629391513
explain variance ratio : 0.4743409213611249
Weight :
Term_Premium : 0.5191810616410589
Stock_Prices_mom24mma%_change : 0.0554931123554121
REER : 0.4757189924878399
Current_Account_Balance_change_yryr% : 0.12019036361683363
One-Day_Repo_Rate_AVG : 0.524681372203333
Broad_Money_mo12m%_change : 0.45970285408860445
--------------------

