--------------------
id : 2566685144
corr_coef : 0.19819923520311714
explain variance ratio : 0.41421680454595305
Weight :
Term_Premium : 0.4943725665021098
Stock_Prices_mom24mma%_change : 0.008550924142232685
REER : 0.4745957909159337
Current_Account_Balance_change_yryr% : 0.11435090632630021
Policy_Rate_&_Fed_Funds_Rate_Differential_AVG : 0.17493849673076953
One-Day_Repo_Rate_AVG : 0.5395188458253926
Broad_Money_mo12m%_change : 0.44217789408164365
--------------------

