--------------------
id : 2610824721
corr_coef : 0.08561209157958415
explain variance ratio : 0.4641538592046405
Weight :
Term_Premium : 0.4737999301302029
Stock_Prices_mom24mma%_change : 0.09922909558586712
REER : 0.47618028597132267
Current_Account_Balance_change_yryr% : 0.11419669725464379
One-Day_Repo_Rate_AVG : 0.4722489555811341
Broad_Money_mo12m%_change : 0.38345120036852204
Foreign_Exchange_Reserve_change_yryr% : 0.39474645441687506
--------------------

