--------------------
id : 2614139795
corr_coef : -0.5435115719710858
explain variance ratio : 0.3815488759041679
Weight :
Risk_Premium : -0.3552278926541124
Stock_Prices_mom%_change : -0.147120532315421
Stock_Market_Volatility : -0.31875911800853785
Current_Account_Balance_over_GDP : -0.5562818576000118
Velocity_of_Money_mo12m%_change : -0.3614268522378191
Bank_Lending_mo12m%_change : -0.5572095147471074
--------------------

