--------------------
id : 2907214148
corr_coef : 0.15971337223110343
explain variance ratio : 0.4068327898447898
Weight :
Term_Premium : 0.5170276746862857
Stock_Prices_mom24mma%_change : 0.05701871819706794
REER : 0.4763386199502465
Current_Account_Balance_change_yryr% : 0.12254400679925409
One-Day_Repo_Rate_AVG : 0.5263230057150495
Portfolio_Flows : 0.031388894395981776
Broad_Money_mo12m%_change : 0.4577276110186132
--------------------

