--------------------
id : 3236243225
corr_coef : 0.05350124855555307
explain variance ratio : 0.3414237756486389
Weight :
Term_Premium : 0.49009355344442085
Stock_Market_Volatility : 0.01672259008403376
Current_Account_Balance_change_yryr% : 0.239557983047876
Policy_Rate_&_Fed_Funds_Rate_Differential_AVG : 0.378611904898988
One-Day_Repo_Rate_AVG : 0.5973383325737673
Portfolio_Flows : 0.22597916830304304
Foreign_Exchange_Reserve_change_yryr% : 0.3884765038080826
--------------------

