--------------------
id : 3307933029
corr_coef : 0.14987399214452915
explain variance ratio : 0.3728535993596352
Weight :
Term_Premium : 0.5310202137208855
Stock_Prices_mom24mma%_change : 0.046326972474761474
Policy_Rate_&_Fed_Funds_Rate_Differential_EOP : 0.14834685415033458
One-Day_Repo_Rate_AVG : 0.5558967544223815
Portfolio_Flows : 0.06581933865564146
Broad_Money_mo12m%_change : 0.48069448017829824
Foreign_Exchange_Reserve_change_yryr% : 0.3865798558028586
--------------------

