--------------------
id : 3325750731
corr_coef : 0.05903775357887248
explain variance ratio : 0.3134844581833864
Weight :
Term_Premium : 0.4962435305664709
Stock_Prices_mom24mma%_change : 0.18913936956553723
Stock_Market_Volatility : 0.09832108243663852
Current_Account_Balance_change_yryr% : 0.281890493068653
One-Day_Repo_Rate_EOP : 0.6248993214246755
Policy_Rate_&_Fed_Funds_Rate_Differential_AVG : 0.4074170865919634
Portfolio_Flows : 0.2689823926452637
--------------------

