--------------------
id : 3449062901
corr_coef : -0.22419467919351344
explain variance ratio : 0.44318261328528175
Weight :
Term_Premium : 0.5769171606731522
Stock_Prices_mom%_change : 0.06143964297035598
Stock_Prices_mom24mma%_change : 0.35053749145064905
One-Day_Repo_Rate_AVG : 0.5549216241485062
Foreign_Exchange_Reserve_change_yryr% : 0.4822626028756253
--------------------

