--------------------
id : 3492044958
corr_coef : 0.10067212996904609
explain variance ratio : 0.30077345065383904
Weight :
Term_Premium : 0.49206452187265953
Stock_Prices_mom%_change : 0.11009976148493217
Stock_Prices_mom24mma%_change : 0.19699789769719753
Stock_Market_Volatility : 0.15084648222169295
Policy_Rate_&_Fed_Funds_Rate_Differential_EOP : 0.4437253514459574
One-Day_Repo_Rate_AVG : 0.6323619171089527
Portfolio_Flows : 0.29565847563340497
--------------------

