--------------------
id : 3623212463
corr_coef : 0.10802719692811066
explain variance ratio : 0.4333692894499972
Weight :
Term_Premium : 0.5472041960576924
Stock_Prices_mom24mma%_change : 0.0955564978196658
Current_Account_Balance_change_yryr% : 0.11543887864342117
One-Day_Repo_Rate_AVG : 0.5302680508539097
Broad_Money_mo12m%_change : 0.4903961550182353
Foreign_Exchange_Reserve_change_yryr% : 0.3955221791831281
--------------------

