--------------------
id : 3764819522
corr_coef : -0.04374560167074034
explain variance ratio : 0.4350978282999442
Weight :
Term_Premium : 0.5319787358541213
Stock_Prices_mom24mma%_change : 0.158024985070903
REER : 0.5339617501157996
Current_Account_Balance_change_yryr% : 0.1351892328960042
Broad_Money_mo12m%_change : 0.39600223209519664
Foreign_Exchange_Reserve_change_yryr% : 0.4814744869567619
--------------------

