--------------------
id : 3770059539
corr_coef : -0.04619482782422734
explain variance ratio : 0.3905138481468214
Weight :
Term_Premium : 0.4743585315745619
Stock_Prices_mom24mma%_change : 0.19141398007457666
Policy_Rate_&_Fed_Funds_Rate_Differential_EOP : 0.23552839090810512
REER : 0.3922913271307359
Current_Account_Balance_change_yryr% : 0.20369815250004206
One-Day_Repo_Rate_EOP : 0.5361546131252224
Foreign_Exchange_Reserve_change_yryr% : 0.4472402676205399
--------------------

