--------------------
id : 3959898129
corr_coef : -0.33810026770915486
explain variance ratio : 0.32428595908335234
Weight :
Risk_Premium : -0.2621601639397302
Stock_Prices_mom%_change : -0.15438561095734793
Stock_Market_Volatility : -0.29847843291413617
Current_Account_Balance_over_GDP : -0.5562410909931543
Foreign_Exchange_Reserve_over_GDP : -0.4583493042140856
Portfolio_Flows : -0.002572970503401606
Bank_Lending_mo12m%_change : -0.5466744008068604
--------------------

