--------------------
id : 4078131601
corr_coef : 0.1532004682451833
explain variance ratio : 0.47194985614468443
Weight :
Term_Premium : 0.5242123716132316
Stock_Prices_mom24mma%_change : 0.057825011598004794
REER : 0.47835556840280596
One-Day_Repo_Rate_EOP : 0.5304593863999109
Portfolio_Flows : 0.023594386694703567
Broad_Money_mo12m%_change : 0.45944504780885637
--------------------

