--------------------
id : 4146161499
corr_coef : -0.4143828025804692
explain variance ratio : 0.3072447791566849
Weight :
Term_Premium : -0.5978676410768804
Stock_Prices_mom24mma%_change : -0.47002460598945117
REER : -0.4182069494656312
Current_Account_Balance_change_yryr% : -0.45425182105393885
Portfolio_Flows : -0.20097110241390287
--------------------

