--------------------
id : 4167662523
corr_coef : 0.10980770641593808
explain variance ratio : 0.5157424267744196
Weight :
Term_Premium : 0.5542220225911153
Stock_Prices_mom24mma%_change : 0.09025888085202982
One-Day_Repo_Rate_AVG : 0.5317337600137877
Broad_Money_mo12m%_change : 0.49609950012245685
Foreign_Exchange_Reserve_change_yryr% : 0.39476040650272937
--------------------

