--------------------
id : 4220039358
corr_coef : -0.12209314123948627
explain variance ratio : 0.44003835434035277
Weight :
Term_Premium : 0.4896065452500728
Stock_Prices_mom24mma%_change : 0.24974336186587986
REER : 0.4068038414092169
Current_Account_Balance_change_yryr% : 0.20910996679557203
One-Day_Repo_Rate_EOP : 0.5121206661556812
Foreign_Exchange_Reserve_change_yryr% : 0.47584636570004146
--------------------

