--------------------
id : 5014636070
corr_coef : -0.05067710354543022
explain variance ratio : 0.3699601901468581
Weight :
Term_Premium : 0.6269410641139186
Stock_Prices_mom%_change : 0.015816434486938258
Current_Account_Balance_change_yryr% : 0.34285040982582
One-Day_Repo_Rate_AVG : 0.6726336151202352
Portfolio_Flows : 0.191604694150165
--------------------

