--------------------
id : 5244869644
corr_coef : -0.10300146743505677
explain variance ratio : 0.3147828375737773
Weight :
Term_Premium : -0.5531917366716961
Stock_Prices_mom%_change : -0.0420901942956573
Stock_Prices_mom24mma%_change : -0.2821125876087835
REER : -0.3752375979284328
Current_Account_Balance_change_yryr% : -0.2859191272495854
One-Day_Repo_Rate_EOP : -0.6024018442672303
Portfolio_Flows : -0.16486000646657017
--------------------

