--------------------
id : 5302264722
corr_coef : 0.10814411852365823
explain variance ratio : 0.46846094373226227
Weight :
Term_Premium : 0.46416664136796626
Stock_Prices_mom24mma%_change : 0.0699601304383296
Policy_Rate_&_Fed_Funds_Rate_Differential_EOP : 0.1328220312959556
REER : 0.4785079539998731
One-Day_Repo_Rate_EOP : 0.49072676644805185
Broad_Money_mo12m%_change : 0.37415742372380867
Foreign_Exchange_Reserve_change_yryr% : 0.39017536841183004
--------------------

