--------------------
id : 5688478998
corr_coef : -0.21369964298018893
explain variance ratio : 0.3768993377905655
Weight :
Term_Premium : 0.6144659911022005
Stock_Prices_mom%_change : 0.17034397821315383
Stock_Prices_mom24mma%_change : 0.4030282145544749
One-Day_Repo_Rate_AVG : 0.6258832372378926
Portfolio_Flows : 0.19812346272704695
--------------------

