--------------------
id : 5833200109
corr_coef : -0.39400872533438003
explain variance ratio : 0.4419618088578827
Weight :
Risk_Premium : -0.2507185924804552
Stock_Prices_mom%_change : -0.06001737519538619
Current_Account_Balance_over_GDP : -0.5207954718226467
Foreign_Exchange_Reserve_over_GDP : -0.49097860818913536
Velocity_of_Money_mo12m%_change : -0.352400028176064
Bank_Lending_mo12m%_change : -0.5450361502051693
--------------------

