--------------------
id : 5849827736
corr_coef : 0.15165776799422348
explain variance ratio : 0.4764232858316493
Weight :
Term_Premium : 0.5178510783244071
Stock_Prices_mom24mma%_change : 0.06168229040979456
REER : 0.47875264278140284
Current_Account_Balance_change_yryr% : 0.12182297141709357
One-Day_Repo_Rate_EOP : 0.5267151995509447
Broad_Money_mo12m%_change : 0.45447961995560515
--------------------

