--------------------
id : 6006269909
corr_coef : 0.08415290972084916
explain variance ratio : 0.31353743324331046
Weight :
Term_Premium : 0.4909449003066003
Stock_Prices_mom24mma%_change : 0.1781741389125423
Stock_Market_Volatility : 0.10074563260577878
Policy_Rate_&_Fed_Funds_Rate_Differential_EOP : 0.422576003410584
Current_Account_Balance_change_yryr% : 0.27865209631492327
One-Day_Repo_Rate_AVG : 0.6219912513662234
Portfolio_Flows : 0.2720051697694255
--------------------

