--------------------
id : 6135115754
corr_coef : -0.0942022560540108
explain variance ratio : 0.3669374996021023
Weight :
Term_Premium : -0.5561454900724159
Stock_Prices_mom24mma%_change : -0.2703743482614095
REER : -0.38262326088955856
Current_Account_Balance_change_yryr% : -0.28481406763860573
One-Day_Repo_Rate_EOP : -0.604164485592763
Portfolio_Flows : -0.15832108869053446
--------------------

