--------------------
id : 6136427046
corr_coef : -0.6328660946437412
explain variance ratio : 0.33842483875313534
Weight :
Risk_Premium : -0.3812835593779121
Stock_Prices_mom%_change : -0.1959607216820689
Stock_Prices_mom24mma%_change : -0.24694076367959317
Stock_Market_Volatility : -0.3193607422973004
Current_Account_Balance_over_GDP : -0.5062649586875756
Velocity_of_Money_mo12m%_change : -0.3581762966814309
Bank_Lending_mo12m%_change : -0.5183210882447805
--------------------

