--------------------
id : 6297434258
corr_coef : -0.2385609033488442
explain variance ratio : 0.3484970502682268
Weight :
Term_Premium : 0.4803599042448176
Stock_Prices_mom24mma%_change : 0.33550465337743773
REER : 0.4756546034526722
Current_Account_Balance_change_yryr% : 0.24840172825653564
Portfolio_Flows : 0.14007469302045625
Foreign_Exchange_Reserve_change_yryr% : 0.5908632243968712
--------------------

