--------------------
id : 6376841073
corr_coef : 0.17930006031249096
explain variance ratio : 0.3858926147606602
Weight :
Term_Premium : 0.5776619490919004
Stock_Prices_mom24mma%_change : 0.02205997425312889
Current_Account_Balance_change_yryr% : 0.11117410694546383
One-Day_Repo_Rate_AVG : 0.5695881864398904
Portfolio_Flows : 0.008661818931328419
Broad_Money_mo12m%_change : 0.573545655386817
--------------------

