--------------------
id : 6503871201
corr_coef : -0.3043754273395717
explain variance ratio : 0.32114676043224066
Weight :
Term_Premium : -0.5421592941776731
Stock_Prices_mom%_change : -0.2616346822407531
Stock_Prices_mom24mma%_change : -0.4541030506700691
Stock_Market_Volatility : -0.19343758158395685
One-Day_Repo_Rate_EOP : -0.5753965320753647
Portfolio_Flows : -0.2508022030690277
--------------------

