--------------------
id : 6546897544
corr_coef : 0.07985384530973731
explain variance ratio : 0.4673911032093737
Weight :
Term_Premium : 0.47081431739068064
Stock_Prices_mom24mma%_change : 0.10315899610605828
REER : 0.47661615582845884
Current_Account_Balance_change_yryr% : 0.11480673370257756
One-Day_Repo_Rate_EOP : 0.4763672199552543
Broad_Money_mo12m%_change : 0.37804572158223443
Foreign_Exchange_Reserve_change_yryr% : 0.3968680613348158
--------------------

