--------------------
id : 6566359243
corr_coef : -0.20726179003086886
explain variance ratio : 0.30060867264413993
Weight :
Term_Premium : 0.47966310853698096
Stock_Prices_mom24mma%_change : 0.30048429449624625
REER : 0.47903898640709275
Current_Account_Balance_change_yryr% : 0.2526925267104199
Policy_Rate_&_Fed_Funds_Rate_Differential_AVG : 0.11888764459155234
Portfolio_Flows : 0.16978286597750403
Foreign_Exchange_Reserve_change_yryr% : 0.5859523307406852
--------------------

