--------------------
id : 6640736634
corr_coef : -0.3533612412516201
explain variance ratio : 0.43177408781739474
Weight :
Risk_Premium : -0.326544002864285
Stock_Prices_mom%_change : -0.09841011321004334
Current_Account_Balance_over_GDP : -0.6050565516957185
Foreign_Exchange_Reserve_over_GDP : -0.4978860791876727
Bank_Lending_mo12m%_change : -0.5193269540593567
--------------------

