--------------------
id : 6640281009
corr_coef : -0.22183441964144518
explain variance ratio : 0.4602590100478225
Weight :
Term_Premium : 0.5593381453416237
Stock_Prices_mom24mma%_change : 0.3319247875135888
Current_Account_Balance_change_yryr% : 0.2541842140509414
One-Day_Repo_Rate_AVG : 0.5456223538470724
Foreign_Exchange_Reserve_change_yryr% : 0.4633070330887893
--------------------

