--------------------
id : 6700658224
corr_coef : -0.4212200145428925
explain variance ratio : 0.4386077681904736
Weight :
Risk_Premium : -0.4962816266170794
Stock_Market_Volatility : -0.1171188768227811
Current_Account_Balance_over_GDP : -0.6877897723728112
Foreign_Exchange_Reserve_over_GDP : -0.5166555378522842
--------------------

