--------------------
id : 7193062281
corr_coef : 0.1979531994107761
explain variance ratio : 0.4143300014766481
Weight :
Term_Premium : 0.4941230024666202
Stock_Prices_mom24mma%_change : 0.009395254777642581
Policy_Rate_&_Fed_Funds_Rate_Differential_EOP : 0.17596900712834154
REER : 0.4757195368078123
Current_Account_Balance_change_yryr% : 0.11478349557169051
One-Day_Repo_Rate_AVG : 0.5393153225706571
Broad_Money_mo12m%_change : 0.4409577649112373
--------------------

