--------------------
id : 7489055703
corr_coef : 0.1955306288893347
explain variance ratio : 0.4125938134120595
Weight :
Term_Premium : 0.49529381871187905
Stock_Prices_mom24mma%_change : 0.010221507420973053
REER : 0.4774896884435922
One-Day_Repo_Rate_EOP : 0.5457188553258473
Policy_Rate_&_Fed_Funds_Rate_Differential_AVG : 0.18292864222945904
Portfolio_Flows : 0.05553947097387876
Broad_Money_mo12m%_change : 0.43843649633643017
--------------------

