--------------------
id : 7538617194
corr_coef : -0.0963175875751641
explain variance ratio : 0.33431641230664766
Weight :
Term_Premium : 0.5501433524774696
Stock_Prices_mom%_change : 0.020341252611231098
Stock_Prices_mom24mma%_change : 0.24681430555139805
Stock_Market_Volatility : 0.0038818984510587545
Policy_Rate_&_Fed_Funds_Rate_Differential_EOP : 0.2834351409859222
One-Day_Repo_Rate_EOP : 0.597521983511294
Foreign_Exchange_Reserve_change_yryr% : 0.44567718662914646
--------------------

