--------------------
id : 7752489230
corr_coef : -0.08314550300713046
explain variance ratio : 0.3299214274005541
Weight :
Term_Premium : 0.5554346927329199
Stock_Prices_mom%_change : 0.017650053875706173
Stock_Prices_mom24mma%_change : 0.23997574415894699
Stock_Market_Volatility : 0.004041085958210469
Policy_Rate_&_Fed_Funds_Rate_Differential_AVG : 0.28300187395727416
One-Day_Repo_Rate_AVG : 0.5982453078486503
Foreign_Exchange_Reserve_change_yryr% : 0.4422539773933687
--------------------

