--------------------
id : 7790320185
corr_coef : 0.1513027673527621
explain variance ratio : 0.30945774408964133
Weight :
Term_Premium : 0.47368395804884605
Stock_Prices_mom%_change : 0.029449396778372217
Stock_Market_Volatility : 0.0847463576408391
Policy_Rate_&_Fed_Funds_Rate_Differential_EOP : 0.4719391388943408
Current_Account_Balance_change_yryr% : 0.2696843546945836
One-Day_Repo_Rate_EOP : 0.6277003414179675
Portfolio_Flows : 0.27948233428891506
--------------------

