--------------------
id : 7936050293
corr_coef : -0.1969931227339262
explain variance ratio : 0.4003663956688943
Weight :
Term_Premium : -0.5927791972223841
Stock_Prices_mom24mma%_change : -0.3515123020369635
Current_Account_Balance_change_yryr% : -0.33089679848575815
One-Day_Repo_Rate_EOP : -0.6170049441928882
Portfolio_Flows : -0.18671939494992723
--------------------

