--------------------
id : 8087961911
corr_coef : -0.4064558808199547
explain variance ratio : 0.3311508874350621
Weight :
Risk_Premium : -0.2747643509387217
Stock_Prices_mom%_change : -0.16819523936553948
Stock_Prices_mom24mma%_change : -0.07089338672035123
Stock_Market_Volatility : -0.30978753549989857
Current_Account_Balance_over_GDP : -0.5408165200374111
Foreign_Exchange_Reserve_over_GDP : -0.45044820046300255
Bank_Lending_mo12m%_change : -0.5475715787278198
--------------------

