--------------------
id : 8245652320
corr_coef : -0.2193488730461753
explain variance ratio : 0.5593315602012753
Weight :
Term_Premium : 0.5766364508678667
Stock_Prices_mom24mma%_change : 0.33830393306690143
One-Day_Repo_Rate_EOP : 0.5627960405713681
Foreign_Exchange_Reserve_change_yryr% : 0.4861084952139458
--------------------

