--------------------
id : 8451094452
corr_coef : 0.10360634784368714
explain variance ratio : 0.33828407439622815
Weight :
Term_Premium : -0.4892024836554674
Stock_Prices_mom24mma%_change : -0.13804624288718503
Policy_Rate_&_Fed_Funds_Rate_Differential_EOP : -0.37046692143357546
REER : -0.3473130420640592
Current_Account_Balance_change_yryr% : -0.2517853893533441
One-Day_Repo_Rate_AVG : -0.6117693637589144
Portfolio_Flows : -0.214696155112265
--------------------

