--------------------
id : 8521640455
corr_coef : 0.13653128656464453
explain variance ratio : 0.3742246538608254
Weight :
Term_Premium : 0.5314871858995013
Stock_Prices_mom24mma%_change : 0.056867880964584616
One-Day_Repo_Rate_EOP : 0.5560659382214073
Policy_Rate_&_Fed_Funds_Rate_Differential_AVG : 0.13858502282760618
Portfolio_Flows : 0.06553566153145825
Broad_Money_mo12m%_change : 0.4763472936476982
Foreign_Exchange_Reserve_change_yryr% : 0.39328184809267885
--------------------

