--------------------
id : 8977352805
corr_coef : 0.18821103533070968
explain variance ratio : 0.4155193847925827
Weight :
Term_Premium : 0.4947829400318202
Stock_Prices_mom24mma%_change : 0.016698170625354614
REER : 0.47833770060961894
Current_Account_Balance_change_yryr% : 0.11638584810311822
One-Day_Repo_Rate_EOP : 0.540346727611714
Policy_Rate_&_Fed_Funds_Rate_Differential_AVG : 0.16881215097340965
Broad_Money_mo12m%_change : 0.43827646928747827
--------------------

