--------------------
id : 9192313005
corr_coef : -0.09101095877031642
explain variance ratio : 0.3117954480783842
Weight :
Term_Premium : -0.556683554212952
Stock_Prices_mom%_change : -0.039739252024246996
Stock_Prices_mom24mma%_change : -0.27658981833359464
REER : -0.37694513924282985
Current_Account_Balance_change_yryr% : -0.28639072888035244
One-Day_Repo_Rate_AVG : -0.6004515575011833
Portfolio_Flows : -0.16544764796927383
--------------------

