--------------------
id : 9277508204
corr_coef : -0.685254427672555
explain variance ratio : 0.3703713162814228
Weight :
Risk_Premium : -0.43950741279995975
Stock_Prices_mom%_change : -0.1436856650318582
Stock_Prices_mom24mma%_change : -0.24719762174429594
Current_Account_Balance_over_GDP : -0.5459199574921599
Velocity_of_Money_mo12m%_change : -0.3982655413049104
Bank_Lending_mo12m%_change : -0.5181090215225634
--------------------

