--------------------
id : 9468750194
corr_coef : -0.5483334057735043
explain variance ratio : 0.4524084616438018
Weight :
Risk_Premium : -0.36230211864378503
Stock_Market_Volatility : -0.2950238045193372
Current_Account_Balance_over_GDP : -0.5654200135689655
Velocity_of_Money_mo12m%_change : -0.3796279209987565
Bank_Lending_mo12m%_change : -0.563809346718368
--------------------

