--------------------
id : 9497982388
corr_coef : -0.2066520279666087
explain variance ratio : 0.3342301600340216
Weight :
Term_Premium : -0.5840275042532801
Stock_Prices_mom24mma%_change : -0.36220663097079986
Stock_Market_Volatility : -0.06245798319396696
Current_Account_Balance_change_yryr% : -0.3306666719295436
One-Day_Repo_Rate_EOP : -0.611973230159625
Portfolio_Flows : -0.19991385328396688
--------------------

