--------------------
id : 9559456844
corr_coef : -0.6029800802456368
explain variance ratio : 0.31786767134247795
Weight :
Risk_Premium : -0.23445113834536452
Stock_Prices_mom24mma%_change : -0.4726997422482452
Stock_Market_Volatility : -0.5986625533019867
Current_Account_Balance_change_yryr% : -0.028104528001173232
Bank_Lending_mo12m%_change : -0.6019974253987986
--------------------

