--------------------
id : 9574543172
corr_coef : -0.8446363998449876
explain variance ratio : 0.31986343951518825
Weight :
Risk_Premium : -0.5295516280602981
Stock_Prices_mom%_change : -0.31995409844961087
Stock_Prices_mom24mma%_change : -0.43558123807460286
Stock_Market_Volatility : -0.31853559320674696
Current_Account_Balance_over_GDP : -0.4595559819058214
Velocity_of_Money_mo12m%_change : -0.33884629036833747
--------------------

