--------------------
id : 9769754075
corr_coef : -0.6188187386762752
explain variance ratio : 0.4536864476903333
Weight :
Risk_Premium : -0.5178961113745327
Stock_Prices_mom24mma%_change : -0.16208297870292598
Current_Account_Balance_over_GDP : -0.6552686004474481
Bank_Lending_mo12m%_change : -0.5254862387404323
--------------------

