--------------------
id : 9771096974
corr_coef : -0.044719319676276605
explain variance ratio : 0.37309070335515154
Weight :
Term_Premium : 0.5298449767497599
Stock_Prices_mom24mma%_change : 0.1597262579729083
REER : 0.5345629255053506
Current_Account_Balance_change_yryr% : 0.1374278630701603
Portfolio_Flows : 0.025841151456262562
Broad_Money_mo12m%_change : 0.39382639142385684
Foreign_Exchange_Reserve_change_yryr% : 0.48305371602299807
--------------------

