--------------------
id : 9861775381
corr_coef : -0.2356208769170551
explain variance ratio : 0.4139230153350843
Weight :
Term_Premium : 0.49672116505068137
Stock_Prices_mom24mma%_change : 0.331740480450904
REER : 0.48375517631716636
Current_Account_Balance_change_yryr% : 0.2380207547228035
Foreign_Exchange_Reserve_change_yryr% : 0.5937536421180346
--------------------

