--------------------
id : 9900422650
corr_coef : -0.08092217539416857
explain variance ratio : 0.35459792721550204
Weight :
Term_Premium : 0.498967946710334
Stock_Prices_mom24mma%_change : 0.23604132927998878
Current_Account_Balance_change_yryr% : 0.2462869096703618
One-Day_Repo_Rate_EOP : 0.5769492288400393
Policy_Rate_&_Fed_Funds_Rate_Differential_AVG : 0.29120510922899545
Portfolio_Flows : 0.2083741680437757
Foreign_Exchange_Reserve_change_yryr% : 0.416614467996862
--------------------

