--------------------
id : 1027739985
corr_coef : -0.35336124125162033
explain variance ratio : 0.43177408781739485
Weight :
Risk_Premium : -0.3265440028642854
Stock_Prices_mom%_change : -0.09841011321004334
Current_Account_Balance_over_GDP : -0.6050565516957186
Foreign_Exchange_Reserve_over_GDP : -0.4978860791876729
Bank_Lending_mo12m%_change : -0.5193269540593561
--------------------

