--------------------
id : 1028827111
corr_coef : 0.5713259896415013
explain variance ratio : 0.21814121727934443
Weight :
Term_Premium : -0.12722265037111025
Stock_Prices_mom24mma%_change : -0.6905819194844984
Stock_Market_Volatility : -0.29826925645765495
REER : -0.35503055102154524
Portfolio_Flows : -0.4404959088804133
Velocity_of_Money_mo12m%_change : -0.3128308208390113
--------------------

