--------------------
id : 1078519726
corr_coef : 0.1513027673527621
explain variance ratio : 0.3094577440896415
Weight :
Term_Premium : 0.47368395804884633
Stock_Prices_mom%_change : 0.029449396778371217
Stock_Market_Volatility : 0.08474635764083832
One-Day_Repo_Rate_EOP : 0.6277003414179686
Current_Account_Balance_change_yryr% : 0.2696843546945838
Policy_Rate_&_Fed_Funds_Rate_Differential_EOP : 0.4719391388943408
Portfolio_Flows : 0.2794823342889143
--------------------

