--------------------
id : 1116804901
corr_coef : -0.4791742346469002
explain variance ratio : 0.34758611223859265
Weight :
Risk_Premium : -0.34666984842869664
Stock_Prices_mom%_change : -0.14851358334042064
Stock_Market_Volatility : -0.3231654612135494
Current_Account_Balance_over_GDP : -0.5901464908499799
Velocity_of_Money_mo12m%_change : -0.37758584604801726
Foreign_Exchange_Reserve_over_GDP : -0.5123317915512406
--------------------

