--------------------
id : 1133588038
corr_coef : -0.2136240431087395
explain variance ratio : 0.5014666273696299
Weight :
Term_Premium : 0.5038333773993673
Stock_Prices_mom24mma%_change : 0.3250799263221269
REER : 0.5082527114148208
Foreign_Exchange_Reserve_change_yryr% : 0.6181861779918973
--------------------

