--------------------
id : 1173700177
corr_coef : -0.10016431157351703
explain variance ratio : 0.4323007975668306
Weight :
Term_Premium : 0.5495056178993785
Stock_Prices_mom24mma%_change : 0.10056186062935107
One-Day_Repo_Rate_EOP : 0.5357489999133561
Broad_Money_mo12m%_change : 0.4863763349816495
Portfolio_Flows : 0.038033281687738694
Foreign_Exchange_Reserve_change_yryr% : 0.40360305676432157
--------------------

