--------------------
id : 1241525240
corr_coef : 0.15259682619895296
explain variance ratio : 0.5661389672611071
Weight :
Term_Premium : 0.525635613727006
Stock_Prices_mom24mma%_change : 0.056716866162717317
REER : 0.47780184490043687
One-Day_Repo_Rate_EOP : 0.5290391524020802
Broad_Money_mo12m%_change : 0.4607747507296169
--------------------

