--------------------
id : 1289132646
corr_coef : 0.6820147593147645
explain variance ratio : 0.22386615561644363
Weight :
Risk_Premium : -0.338286613813265
Stock_Prices_mom%_change : -0.40850856751694364
Stock_Prices_mom24mma%_change : -0.7089914802614349
One-Day_Repo_Rate_AVG : -0.08989558880280604
Current_Account_Balance_change_yryr% : -0.22992701722731526
Broad_Money_mo12m%_change : -0.055780001476243075
Foreign_Exchange_Reserve_change_yryr% : -0.38981398050193883
--------------------

