--------------------
id : 1303852964
corr_coef : 0.36828178509515885
explain variance ratio : 0.3505942639326013
Weight :
Term_Premium : 0.6964730907069017
Stock_Prices_mom24mma%_change : 0.4920144431243112
REER : 0.5095603693980144
Portfolio_Flows : 0.11487058638837407
--------------------

