--------------------
id : 1339523355
corr_coef : 0.09833716383554866
explain variance ratio : 0.37396320587534376
Weight :
Term_Premium : 0.540798414090311
Stock_Prices_mom24mma%_change : 0.10639030715806308
Current_Account_Balance_change_yryr% : 0.12153221573504032
One-Day_Repo_Rate_EOP : 0.5346369337766602
Broad_Money_mo12m%_change : 0.4792301225226416
Portfolio_Flows : 0.04891742395163637
Foreign_Exchange_Reserve_change_yryr% : 0.4044218376169986
--------------------

