--------------------
id : 1348118718
corr_coef : -0.06632839685396016
explain variance ratio : 0.34636386076140646
Weight :
Term_Premium : 0.5900126888158065
Stock_Prices_mom%_change : 0.026826436028083434
Stock_Prices_mom24mma%_change : 0.2678750744238247
One-Day_Repo_Rate_AVG : 0.625709498104602
REER : 0.40813154020541276
Portfolio_Flows : 0.1460293934112215
--------------------

