--------------------
id : 1353522140
corr_coef : 0.4317389193368526
explain variance ratio : 0.2700399432007308
Weight :
Risk_Premium : 0.15207815874554012
Stock_Prices_mom%_change : 0.5734174352261713
Stock_Prices_mom24mma%_change : 0.6377909032847877
One-Day_Repo_Rate_AVG : 0.351048226365134
Broad_Money_mo12m%_change : 0.34358781274118916
--------------------

