--------------------
id : 1360008330
corr_coef : -0.13653128656464514
explain variance ratio : 0.3742246538608256
Weight :
Term_Premium : 0.531487185899501
Stock_Prices_mom24mma%_change : 0.05686788096458409
Policy_Rate_&_Fed_Funds_Rate_Differential_AVG : 0.13858502282760643
One-Day_Repo_Rate_EOP : 0.5560659382214074
Broad_Money_mo12m%_change : 0.4763472936476983
Portfolio_Flows : 0.06553566153145837
Foreign_Exchange_Reserve_change_yryr% : 0.3932818480926785
--------------------

