--------------------
id : 1370271622
corr_coef : 0.15247791664315788
explain variance ratio : 0.4086508949286499
Weight :
Term_Premium : 0.5155268712205763
Stock_Prices_mom24mma%_change : 0.06329202937467004
One-Day_Repo_Rate_EOP : 0.5284572644795998
Current_Account_Balance_change_yryr% : 0.12428883104275142
REER : 0.47936487413934936
Portfolio_Flows : 0.03325636453656276
Broad_Money_mo12m%_change : 0.4523435661343049
--------------------

