--------------------
id : 1386464683
corr_coef : 0.09997919264547084
explain variance ratio : 0.5183105890394835
Weight :
Term_Premium : 0.5524088513831232
Stock_Prices_mom24mma%_change : 0.09822794254832412
One-Day_Repo_Rate_EOP : 0.5336078071160623
Broad_Money_mo12m%_change : 0.4893076716815972
Foreign_Exchange_Reserve_change_yryr% : 0.4012934622375801
--------------------

