--------------------
id : 1388542523
corr_coef : -0.37714877304376415
explain variance ratio : 0.3978549853031164
Weight :
Risk_Premium : -0.22177294131393693
Stock_Market_Volatility : -0.27125817482142056
Current_Account_Balance_over_GDP : -0.49230001245937205
Velocity_of_Money_mo12m%_change : -0.3312968469339368
Bank_Lending_mo12m%_change : -0.5400857359913199
Portfolio_Flows : -0.01002528070331643
Foreign_Exchange_Reserve_over_GDP : -0.48303804566843916
--------------------

