--------------------
id : 1391428366
corr_coef : -0.017832381101116995
explain variance ratio : 0.3863531011741673
Weight :
Term_Premium : 0.46332531109019337
Stock_Prices_mom24mma%_change : 0.1814020346005243
Policy_Rate_&_Fed_Funds_Rate_Differential_EOP : 0.2635805997699262
REER : 0.39578095729372254
One-Day_Repo_Rate_EOP : 0.5424101283655803
Portfolio_Flows : 0.16414162668891344
Foreign_Exchange_Reserve_change_yryr% : 0.4529397733130842
--------------------

