--------------------
id : 1403888714
corr_coef : -0.3384136893867745
explain variance ratio : 0.3783324163658136
Weight :
Risk_Premium : -0.2629060078620276
Stock_Prices_mom%_change : -0.15400728424134302
Stock_Market_Volatility : -0.2979019971140174
Current_Account_Balance_over_GDP : -0.5565818437708078
Foreign_Exchange_Reserve_over_GDP : -0.45837981893236407
Bank_Lending_mo12m%_change : -0.5463709182655663
--------------------

