--------------------
id : 1431749897
corr_coef : -0.844324989934
explain variance ratio : 0.30636715033135414
Weight :
Risk_Premium : -0.6012696597611548
Stock_Prices_mom24mma%_change : -0.6371435266394158
Current_Account_Balance_change_yryr% : -0.1451112374291399
Foreign_Exchange_Reserve_over_GDP : -0.005209675148754967
Velocity_of_Money_mo12m%_change : -0.45982443472353735
--------------------

