--------------------
id : 1507354527
corr_coef : 0.4799839103426643
explain variance ratio : 0.4125217809974372
Weight :
Risk_Premium : -0.3522606990139732
Stock_Market_Volatility : -0.2936793983574006
Current_Account_Balance_over_GDP : -0.5991138917529648
Foreign_Exchange_Reserve_over_GDP : -0.5219501085395658
Velocity_of_Money_mo12m%_change : -0.39786359448280184
--------------------

