--------------------
id : 1527457986
corr_coef : 0.15050774057131688
explain variance ratio : 0.3727778498993879
Weight :
Term_Premium : 0.5313005469977252
Stock_Prices_mom24mma%_change : 0.04527202787868534
One-Day_Repo_Rate_AVG : 0.5560634945269508
Policy_Rate_&_Fed_Funds_Rate_Differential_AVG : 0.147380533541644
Broad_Money_mo12m%_change : 0.48199496791065244
Portfolio_Flows : 0.06489809864938337
Foreign_Exchange_Reserve_change_yryr% : 0.3849826338156424
--------------------

