--------------------
id : 1557311910
corr_coef : -0.5959082509298078
explain variance ratio : 0.3042018789354103
Weight :
Risk_Premium : -0.1916518413793305
Stock_Prices_mom%_change : -0.4802444589756135
Stock_Prices_mom24mma%_change : -0.49232884175585845
Stock_Market_Volatility : -0.53175738835148
Current_Account_Balance_change_yryr% : -0.04819404311902675
Bank_Lending_mo12m%_change : -0.4529443200172871
--------------------

