--------------------
id : 1576189131
corr_coef : 0.6931976581297884
explain variance ratio : 0.21257125271554245
Weight :
Term_Premium : -0.2536163677653123
Risk_Premium : -0.09145986384685363
Stock_Prices_mom24mma%_change : -0.6435582030305692
Stock_Market_Volatility : -0.5757530846242704
Policy_Rate_&_Fed_Funds_Rate_Differential_AVG : -0.006077998370140055
One-Day_Repo_Rate_EOP : -0.19292526094690735
Bank_Lending_mo12m%_change : -0.3799973128704035
--------------------

