--------------------
id : 1609390076
corr_coef : -0.16927850175224846
explain variance ratio : 0.46561560120443735
Weight :
Term_Premium : 0.6485637370955375
Stock_Prices_mom24mma%_change : 0.3559325000813587
One-Day_Repo_Rate_AVG : 0.6516964728430061
Portfolio_Flows : 0.1672388758467647
--------------------

