--------------------
id : 1686538136
corr_coef : -0.07135293198942623
explain variance ratio : 0.30185519481825
Weight :
Term_Premium : 0.4958701943611168
Stock_Prices_mom%_change : 0.11535485083891193
Stock_Prices_mom24mma%_change : 0.2124619793659842
Stock_Market_Volatility : 0.14988653903382382
One-Day_Repo_Rate_EOP : 0.6324133235440075
Policy_Rate_&_Fed_Funds_Rate_Differential_EOP : 0.4324980897348694
Portfolio_Flows : 0.2935962057865572
--------------------

