--------------------
id : 1715691840
corr_coef : -0.6412186329137692
explain variance ratio : 0.33227203171934583
Weight :
Risk_Premium : -0.4538838695586594
Stock_Prices_mom%_change : -0.12925933204110007
Stock_Prices_mom24mma%_change : -0.18512826604925198
Current_Account_Balance_over_GDP : -0.6007335638258926
Foreign_Exchange_Reserve_over_GDP : -0.448893828515502
Velocity_of_Money_mo12m%_change : -0.42499705782285246
--------------------

