--------------------
id : 1734179214
corr_coef : 0.47034697602788744
explain variance ratio : 0.24491676211374286
Weight :
Term_Premium : -0.07671522052366882
Risk_Premium : -0.019131814609312844
Stock_Prices_mom%_change : -0.5666341401993495
Stock_Prices_mom24mma%_change : -0.5275259287936117
Stock_Market_Volatility : -0.5128456684970094
Policy_Rate_&_Fed_Funds_Rate_Differential_AVG : -0.007205261626989165
Portfolio_Flows : -0.3623924650561626
--------------------

