--------------------
id : 1736789389
corr_coef : 0.07033825670669583
explain variance ratio : 0.3124623993442593
Weight :
Term_Premium : 0.5030091278907426
Stock_Prices_mom%_change : 0.06002915302421952
Stock_Prices_mom24mma%_change : 0.18500671050053977
Current_Account_Balance_change_yryr% : 0.28265493934197594
One-Day_Repo_Rate_AVG : 0.6280372978492657
Policy_Rate_&_Fed_Funds_Rate_Differential_EOP : 0.4077349019877831
Portfolio_Flows : 0.261874822371966
--------------------

