--------------------
id : 1774949760
corr_coef : 0.5312518775153616
explain variance ratio : 0.2699741033376066
Weight :
Term_Premium : -0.14927604648596454
Stock_Prices_mom%_change : -0.6422452300899635
Stock_Prices_mom24mma%_change : -0.714748734276373
Current_Account_Balance_change_yryr% : -0.22602698076312663
Broad_Money_mo12m%_change : -0.05730425106079107
--------------------

