--------------------
id : 1788284318
corr_coef : 0.6615459633289273
explain variance ratio : 0.2955265575904406
Weight :
Term_Premium : -0.22815766982397861
Stock_Prices_mom24mma%_change : -0.6127288940093578
Stock_Market_Volatility : -0.6086022626316336
One-Day_Repo_Rate_AVG : -0.19334026003553986
Bank_Lending_mo12m%_change : -0.40586969573448944
--------------------

