--------------------
id : 1822119687
corr_coef : 0.6188187386762757
explain variance ratio : 0.45368644769033334
Weight :
Risk_Premium : -0.5178961113745333
Stock_Prices_mom24mma%_change : -0.16208297870292543
Current_Account_Balance_over_GDP : -0.6552686004474483
Bank_Lending_mo12m%_change : -0.5254862387404322
--------------------

