--------------------
id : 1908792887
corr_coef : 0.19819923520311758
explain variance ratio : 0.4142168045459538
Weight :
Term_Premium : 0.4943725665021096
Stock_Prices_mom24mma%_change : 0.008550924142232574
Current_Account_Balance_change_yryr% : 0.11435090632630002
Policy_Rate_&_Fed_Funds_Rate_Differential_AVG : 0.17493849673076978
One-Day_Repo_Rate_AVG : 0.539518845825393
REER : 0.47459579091593374
Broad_Money_mo12m%_change : 0.4421778940816441
--------------------

