--------------------
id : 1914969417
corr_coef : 0.08259137065132613
explain variance ratio : 0.36349227479261376
Weight :
Term_Premium : -0.5594152652481134
Stock_Prices_mom24mma%_change : -0.2652085208264246
REER : -0.3839752656827295
One-Day_Repo_Rate_AVG : -0.602167169077019
Current_Account_Balance_change_yryr% : -0.2852336549938381
Portfolio_Flows : -0.15911775317966825
--------------------

