--------------------
id : 1926125338
corr_coef : -0.7908955227219571
explain variance ratio : 0.3253120214198429
Weight :
Risk_Premium : -0.5315223682620297
Stock_Prices_mom%_change : -0.3813027936936251
Stock_Prices_mom24mma%_change : -0.6635435281020976
Current_Account_Balance_change_yryr% : -0.12524588376032855
Velocity_of_Money_mo12m%_change : -0.3407574012013153
--------------------

