--------------------
id : 1953264752
corr_coef : 0.21808412674986838
explain variance ratio : 0.33413216654642874
Weight :
Term_Premium : -0.5359406538977972
Stock_Prices_mom24mma%_change : -0.33172148420660513
Stock_Market_Volatility : -0.006205456467091336
One-Day_Repo_Rate_AVG : -0.5436786311051499
Current_Account_Balance_change_yryr% : -0.26099113162438536
Portfolio_Flows : -0.1677471428964711
Foreign_Exchange_Reserve_change_yryr% : -0.45918192045041134
--------------------

