--------------------
id : 1963291089
corr_coef : 0.6328660946437414
explain variance ratio : 0.3384248387531351
Weight :
Risk_Premium : -0.38128355937791203
Stock_Prices_mom%_change : -0.19596072168206846
Stock_Prices_mom24mma%_change : -0.2469407636795934
Stock_Market_Volatility : -0.31936074229730044
Current_Account_Balance_over_GDP : -0.5062649586875756
Bank_Lending_mo12m%_change : -0.5183210882447804
Velocity_of_Money_mo12m%_change : -0.3581762966814307
--------------------

