--------------------
id : 1963606099
corr_coef : -0.11439552861969185
explain variance ratio : 0.37779000032172105
Weight :
Term_Premium : 0.47878542467151686
Stock_Prices_mom24mma%_change : 0.24940278297315843
Current_Account_Balance_change_yryr% : 0.21545413140530767
One-Day_Repo_Rate_AVG : 0.5067620637416306
REER : 0.4028078249504423
Portfolio_Flows : 0.13700565916273905
Foreign_Exchange_Reserve_change_yryr% : 0.4736135581844587
--------------------

