--------------------
id : 1976405952
corr_coef : 0.0868445256389171
explain variance ratio : 0.3123783388865888
Weight :
Term_Premium : 0.4921426195112031
Stock_Prices_mom24mma%_change : 0.1757695676554175
Stock_Market_Volatility : 0.10086448977571069
Current_Account_Balance_change_yryr% : 0.2781302984724328
One-Day_Repo_Rate_AVG : 0.6244279063489958
Policy_Rate_&_Fed_Funds_Rate_Differential_AVG : 0.4191347719882646
Portfolio_Flows : 0.27163656897360955
--------------------

