--------------------
id : 1978970281
corr_coef : 0.8823762927743812
explain variance ratio : 0.270112513405486
Weight :
Term_Premium : -0.004554509793839982
Risk_Premium : -0.5926705560198863
Stock_Prices_mom24mma%_change : -0.6746414626849301
Current_Account_Balance_change_yryr% : -0.12424709868039648
Bank_Lending_mo12m%_change : -0.4220692167920558
--------------------

