--------------------
id : 1994662590
corr_coef : -0.08314550300712933
explain variance ratio : 0.329921427400554
Weight :
Term_Premium : 0.5554346927329192
Stock_Prices_mom%_change : 0.01765005387570584
Stock_Prices_mom24mma%_change : 0.23997574415894635
Stock_Market_Volatility : 0.00404108595821033
Policy_Rate_&_Fed_Funds_Rate_Differential_AVG : 0.2830018739572745
One-Day_Repo_Rate_AVG : 0.598245307848651
Foreign_Exchange_Reserve_change_yryr% : 0.44225397739336814
--------------------

