--------------------
id : 2028447835
corr_coef : -0.43786344082659723
explain variance ratio : 0.4380828885747012
Weight :
Risk_Premium : -0.5150363240458186
Stock_Prices_mom%_change : -0.10366386621151757
Current_Account_Balance_over_GDP : -0.6850431897031792
Foreign_Exchange_Reserve_over_GDP : -0.5046852642952298
--------------------

