--------------------
id : 2057419486
corr_coef : 0.1703471112911485
explain variance ratio : 0.4630451565102348
Weight :
Term_Premium : 0.5804035489827656
Stock_Prices_mom24mma%_change : 0.03131571887785867
One-Day_Repo_Rate_EOP : 0.5688800388930135
Current_Account_Balance_change_yryr% : 0.11365622028853392
Broad_Money_mo12m%_change : 0.5706214253059381
--------------------

