--------------------
id : 2070392875
corr_coef : -0.04102981224640451
explain variance ratio : 0.5161517095323125
Weight :
Term_Premium : 0.5422770790720325
Stock_Prices_mom24mma%_change : 0.15411053246184359
REER : 0.5342767726648154
Broad_Money_mo12m%_change : 0.40292332963432664
Foreign_Exchange_Reserve_change_yryr% : 0.48413493359257664
--------------------

