--------------------
id : 2072812274
corr_coef : -0.3913261045591399
explain variance ratio : 0.3988328061472253
Weight :
Risk_Premium : -0.2360360052002667
Stock_Prices_mom24mma%_change : -0.06475140469049989
Stock_Market_Volatility : -0.2723765855512253
Current_Account_Balance_over_GDP : -0.48980297772019676
Velocity_of_Money_mo12m%_change : -0.3361745813985435
Bank_Lending_mo12m%_change : -0.5376070980011931
Foreign_Exchange_Reserve_over_GDP : -0.47324788166439896
--------------------

