--------------------
id : 2077838367
corr_coef : -0.1532004682451833
explain variance ratio : 0.47194985614468427
Weight :
Term_Premium : 0.5242123716132316
Stock_Prices_mom24mma%_change : 0.05782501159800449
REER : 0.47835556840280563
One-Day_Repo_Rate_EOP : 0.5304593863999106
Broad_Money_mo12m%_change : 0.45944504780885626
Portfolio_Flows : 0.02359438669470364
--------------------

