--------------------
id : 2086852808
corr_coef : 0.15165776799422354
explain variance ratio : 0.4764232858316496
Weight :
Term_Premium : 0.5178510783244072
Stock_Prices_mom24mma%_change : 0.06168229040979445
One-Day_Repo_Rate_EOP : 0.5267151995509449
Current_Account_Balance_change_yryr% : 0.12182297141709338
REER : 0.47875264278140284
Broad_Money_mo12m%_change : 0.4544796199556053
--------------------

