--------------------
id : 2091182435
corr_coef : -0.0703382567066957
explain variance ratio : 0.3124623993442594
Weight :
Term_Premium : 0.5030091278907427
Stock_Prices_mom%_change : 0.06002915302421942
Stock_Prices_mom24mma%_change : 0.18500671050053977
One-Day_Repo_Rate_AVG : 0.6280372978492657
Policy_Rate_&_Fed_Funds_Rate_Differential_EOP : 0.40773490198778306
Current_Account_Balance_change_yryr% : 0.2826549393419759
Portfolio_Flows : 0.26187482237196585
--------------------

