--------------------
id : 2107747794
corr_coef : 0.13653128656464483
explain variance ratio : 0.37422465386082515
Weight :
Term_Premium : 0.5314871858995011
Stock_Prices_mom24mma%_change : 0.056867880964584505
One-Day_Repo_Rate_EOP : 0.5560659382214075
Policy_Rate_&_Fed_Funds_Rate_Differential_AVG : 0.13858502282760654
Broad_Money_mo12m%_change : 0.4763472936476981
Portfolio_Flows : 0.06553566153145851
Foreign_Exchange_Reserve_change_yryr% : 0.39328184809267885
--------------------

