--------------------
id : 2144144865
corr_coef : -0.22261364496317268
explain variance ratio : 0.33399055476162975
Weight :
Term_Premium : -0.5693426298286206
Stock_Prices_mom%_change : -0.15332869264348492
Stock_Prices_mom24mma%_change : -0.3837255142417725
Current_Account_Balance_change_yryr% : -0.32712104844985823
One-Day_Repo_Rate_AVG : -0.594615436331147
Portfolio_Flows : -0.21099363528254297
--------------------

