--------------------
id : 2149547505
corr_coef : 0.6491201008159406
explain variance ratio : 0.2521586417378358
Weight :
Term_Premium : -0.1471537330801558
Stock_Prices_mom24mma%_change : -0.584932067130725
Stock_Market_Volatility : -0.6071962825115123
One-Day_Repo_Rate_AVG : -0.12570860813476417
Current_Account_Balance_change_yryr% : -0.22461005554589739
Bank_Lending_mo12m%_change : -0.4486207741238042
--------------------

