--------------------
id : 2185902596
corr_coef : -0.060778962632167616
explain variance ratio : 0.4155068444764808
Weight :
Term_Premium : 0.5914821288568062
Stock_Prices_mom24mma%_change : 0.25923424074857027
One-Day_Repo_Rate_AVG : 0.6264555096528701
REER : 0.41298685474472424
Portfolio_Flows : 0.14121562201171634
--------------------

