--------------------
id : 2237089148
corr_coef : 0.043243649247349955
explain variance ratio : 0.31258215870277073
Weight :
Term_Premium : 0.5074199545027365
Stock_Prices_mom%_change : 0.06501337444912847
Stock_Prices_mom24mma%_change : 0.19821213219313352
Current_Account_Balance_change_yryr% : 0.28580993178398206
One-Day_Repo_Rate_EOP : 0.6302374528456156
Policy_Rate_&_Fed_Funds_Rate_Differential_AVG : 0.39090828515053705
Portfolio_Flows : 0.2594500917163105
--------------------

