--------------------
id : 2293161367
corr_coef : 0.19819923520311714
explain variance ratio : 0.41421680454595333
Weight :
Term_Premium : 0.4943725665021099
Stock_Prices_mom24mma%_change : 0.008550924142232685
Current_Account_Balance_change_yryr% : 0.1143509063263001
REER : 0.47459579091593385
One-Day_Repo_Rate_AVG : 0.5395188458253927
Policy_Rate_&_Fed_Funds_Rate_Differential_AVG : 0.17493849673076955
Broad_Money_mo12m%_change : 0.4421778940816437
--------------------

