--------------------
id : 2314085544
corr_coef : -0.1516577679942235
explain variance ratio : 0.4764232858316499
Weight :
Term_Premium : 0.5178510783244072
Stock_Prices_mom24mma%_change : 0.06168229040979452
REER : 0.478752642781403
One-Day_Repo_Rate_EOP : 0.5267151995509451
Current_Account_Balance_change_yryr% : 0.12182297141709342
Broad_Money_mo12m%_change : 0.4544796199556055
--------------------

