--------------------
id : 2453541636
corr_coef : -0.0404078207275341
explain variance ratio : 0.34007211448908564
Weight :
Term_Premium : 0.5123157619273985
Stock_Prices_mom24mma%_change : 0.22520458989943637
Stock_Market_Volatility : 0.04088825790344652
One-Day_Repo_Rate_AVG : 0.5899993992449664
Policy_Rate_&_Fed_Funds_Rate_Differential_EOP : 0.33061319261733735
Portfolio_Flows : 0.21577916978309808
Foreign_Exchange_Reserve_change_yryr% : 0.4256507709146843
--------------------

