--------------------
id : 2456618727
corr_coef : 0.10384873656925125
explain variance ratio : 0.33702805799661173
Weight :
Term_Premium : -0.4908302923960357
Stock_Prices_mom24mma%_change : -0.13675232949209526
Current_Account_Balance_change_yryr% : -0.25158866706459065
Policy_Rate_&_Fed_Funds_Rate_Differential_AVG : -0.3652836287533906
One-Day_Repo_Rate_AVG : -0.6139623431242845
REER : -0.3477536834954242
Portfolio_Flows : -0.21394638219663192
--------------------

