--------------------
id : 2473079793
corr_coef : -0.4102723768788599
explain variance ratio : 0.3798241902001604
Weight :
Risk_Premium : -0.26517907985348443
Stock_Prices_mom%_change : -0.07374799234781182
Stock_Prices_mom24mma%_change : -0.06903815225085125
Current_Account_Balance_over_GDP : -0.5171328093290023
Velocity_of_Money_mo12m%_change : -0.35720626304969805
Bank_Lending_mo12m%_change : -0.5425376620287111
Foreign_Exchange_Reserve_over_GDP : -0.47969287174242997
--------------------

