--------------------
id : 2507687751
corr_coef : 0.13653128656464497
explain variance ratio : 0.3742246538608253
Weight :
Term_Premium : 0.531487185899501
Stock_Prices_mom24mma%_change : 0.056867880964584394
One-Day_Repo_Rate_EOP : 0.5560659382214075
Policy_Rate_&_Fed_Funds_Rate_Differential_AVG : 0.1385850228276062
Portfolio_Flows : 0.0655356615314583
Broad_Money_mo12m%_change : 0.47634729364769834
Foreign_Exchange_Reserve_change_yryr% : 0.39328184809267874
--------------------

