--------------------
id : 2509721505
corr_coef : -0.03762313905653155
explain variance ratio : 0.3689373096178146
Weight :
Term_Premium : 0.5395423564433869
Stock_Prices_mom24mma%_change : 0.14542163384168716
Policy_Rate_&_Fed_Funds_Rate_Differential_EOP : 0.033686610031692064
REER : 0.5383443434930919
Portfolio_Flows : 0.019876997210126715
Broad_Money_mo12m%_change : 0.4009886221568463
Foreign_Exchange_Reserve_change_yryr% : 0.485396955110514
--------------------

