--------------------
id : 2516017644
corr_coef : 0.035401969016882154
explain variance ratio : 0.3870819744120269
Weight :
Term_Premium : 0.4767143632160829
Stock_Prices_mom24mma%_change : 0.18662472279062495
REER : 0.3939994573732939
One-Day_Repo_Rate_AVG : 0.53297517571107
Policy_Rate_&_Fed_Funds_Rate_Differential_EOP : 0.24088420318111575
Current_Account_Balance_change_yryr% : 0.20367148579722513
Foreign_Exchange_Reserve_change_yryr% : 0.4462165897219206
--------------------

