--------------------
id : 2543860387
corr_coef : -0.8458459351985079
explain variance ratio : 0.3132126106302852
Weight :
Risk_Premium : -0.5710240002836777
Stock_Prices_mom24mma%_change : -0.6326754053272429
Stock_Market_Volatility : -0.24311657360173974
Current_Account_Balance_change_yryr% : -0.1034141736362836
Velocity_of_Money_mo12m%_change : -0.45150112173206114
--------------------

