--------------------
id : 2553488427
corr_coef : 0.7475436331115972
explain variance ratio : 0.24282301536660109
Weight :
Risk_Premium : -0.4497477625569723
Stock_Prices_mom24mma%_change : -0.7231338003440742
One-Day_Repo_Rate_AVG : -0.023643557797272296
Current_Account_Balance_change_yryr% : -0.269682181006925
Broad_Money_mo12m%_change : -0.009535093732066634
Foreign_Exchange_Reserve_change_yryr% : -0.4488051272930057
--------------------

