--------------------
id : 2553049494
corr_coef : 0.6618091019287209
explain variance ratio : 0.3727904119562376
Weight :
Risk_Premium : -0.4984048902683698
Stock_Prices_mom%_change : -0.2500551471637689
Stock_Prices_mom24mma%_change : -0.2545568360236838
Current_Account_Balance_over_GDP : -0.604662140440453
Bank_Lending_mo12m%_change : -0.5085759548829079
--------------------

