--------------------
id : 2555241987
corr_coef : -0.5882736927128366
explain variance ratio : 0.3885051846667704
Weight :
Risk_Premium : -0.4016244585313418
Stock_Prices_mom24mma%_change : -0.20995203257974293
Stock_Market_Volatility : -0.36799797245530974
Current_Account_Balance_over_GDP : -0.5729731702694453
Bank_Lending_mo12m%_change : -0.5752366267417299
--------------------

