--------------------
id : 2567528319
corr_coef : 0.699000057571245
explain variance ratio : 0.2332557122422404
Weight :
Risk_Premium : -0.35828330559907234
Stock_Prices_mom24mma%_change : -0.6560803444020096
Stock_Market_Volatility : -0.1286845112523888
REER : -0.25609301270537266
Bank_Lending_mo12m%_change : -0.15957270284462552
Foreign_Exchange_Reserve_change_yryr% : -0.430335748461701
Velocity_of_Money_mo12m%_change : -0.385222034842673
--------------------

