--------------------
id : 2634131595
corr_coef : -0.23605646212056092
explain variance ratio : 0.3887394639506794
Weight :
Term_Premium : 0.5497077177723633
Stock_Prices_mom%_change : 0.06093784881979225
Stock_Prices_mom24mma%_change : 0.3458834230323201
One-Day_Repo_Rate_EOP : 0.5468978347350285
Current_Account_Balance_change_yryr% : 0.25271169981763064
Foreign_Exchange_Reserve_change_yryr% : 0.4599045731579351
--------------------

