--------------------
id : 2672164242
corr_coef : -0.1070943619273115
explain variance ratio : 0.4679897562792943
Weight :
Term_Premium : 0.46522002591189476
Stock_Prices_mom24mma%_change : 0.07057664145869726
REER : 0.4781109722144723
Policy_Rate_&_Fed_Funds_Rate_Differential_AVG : 0.12719592430320348
One-Day_Repo_Rate_EOP : 0.49066130482735376
Broad_Money_mo12m%_change : 0.3756066684458964
Foreign_Exchange_Reserve_change_yryr% : 0.38986084033129814
--------------------

