--------------------
id : 2703631543
corr_coef : -0.5160036613330687
explain variance ratio : 0.30602040804799613
Weight :
Term_Premium : -0.48680899743888156
Stock_Prices_mom%_change : -0.21887567992440182
Stock_Prices_mom24mma%_change : -0.5374263856334397
Current_Account_Balance_change_yryr% : -0.31787434513095236
Portfolio_Flows : -0.22598558958794146
Foreign_Exchange_Reserve_change_yryr% : -0.5236121950273103
--------------------

