--------------------
id : 2710728170
corr_coef : 0.4212200145428931
explain variance ratio : 0.43860776819047376
Weight :
Risk_Premium : -0.49628162661707964
Stock_Market_Volatility : -0.11711887682278035
Current_Account_Balance_over_GDP : -0.6877897723728108
Foreign_Exchange_Reserve_over_GDP : -0.516655537852284
--------------------

