--------------------
id : 2748556644
corr_coef : -0.3381002677091548
explain variance ratio : 0.3242859590833524
Weight :
Risk_Premium : -0.2621601639397304
Stock_Prices_mom%_change : -0.15438561095734793
Stock_Market_Volatility : -0.2984784329141362
Current_Account_Balance_over_GDP : -0.5562410909931549
Bank_Lending_mo12m%_change : -0.5466744008068603
Portfolio_Flows : -0.002572970503401162
Foreign_Exchange_Reserve_over_GDP : -0.4583493042140856
--------------------

