--------------------
id : 2772222198
corr_coef : 0.18821103533070963
explain variance ratio : 0.4155193847925828
Weight :
Term_Premium : 0.49478294003182044
Stock_Prices_mom24mma%_change : 0.016698170625354725
Current_Account_Balance_change_yryr% : 0.11638584810311815
REER : 0.4783377006096189
One-Day_Repo_Rate_EOP : 0.5403467276117141
Policy_Rate_&_Fed_Funds_Rate_Differential_AVG : 0.16881215097340968
Broad_Money_mo12m%_change : 0.43827646928747843
--------------------

