--------------------
id : 2835948419
corr_coef : 0.5824609106120539
explain variance ratio : 0.2635981330564801
Weight :
Term_Premium : -0.4524210016402602
Stock_Prices_mom%_change : -0.3664305383688263
Stock_Prices_mom24mma%_change : -0.597560040421733
REER : -0.20872017038102303
Current_Account_Balance_change_yryr% : -0.41148749671498625
Portfolio_Flows : -0.3017943446124907
--------------------

