--------------------
id : 2863684003
corr_coef : 0.06332681415563161
explain variance ratio : 0.3412492454522857
Weight :
Term_Premium : 0.5147442497343723
Stock_Prices_mom24mma%_change : 0.23477592061070393
Stock_Market_Volatility : 0.037133753912219424
Policy_Rate_&_Fed_Funds_Rate_Differential_AVG : 0.3105493998431641
One-Day_Repo_Rate_EOP : 0.5930464776085986
Portfolio_Flows : 0.21091592864861441
Foreign_Exchange_Reserve_change_yryr% : 0.43117180506447644
--------------------

