--------------------
id : 2890353366
corr_coef : -0.021486901555757144
explain variance ratio : 0.38478024713563674
Weight :
Term_Premium : 0.46555557825513044
Stock_Prices_mom24mma%_change : 0.18291054145457297
One-Day_Repo_Rate_EOP : 0.5433144944862371
Policy_Rate_&_Fed_Funds_Rate_Differential_AVG : 0.2528219734196017
REER : 0.39736946596127676
Portfolio_Flows : 0.16283668014662936
Foreign_Exchange_Reserve_change_yryr% : 0.454173832731679
--------------------

