--------------------
id : 3014317592
corr_coef : 0.7822643386765258
explain variance ratio : 0.2707768938654024
Weight :
Risk_Premium : -0.3936208990875157
Stock_Prices_mom24mma%_change : -0.7699027155829005
Stock_Market_Volatility : -0.33719276384333435
Current_Account_Balance_over_GDP : -0.04745741925893099
Foreign_Exchange_Reserve_change_yryr% : -0.369271214297279
--------------------

