--------------------
id : 3024645010
corr_coef : -0.10802719692811107
explain variance ratio : 0.43336928944999736
Weight :
Term_Premium : 0.5472041960576923
Stock_Prices_mom24mma%_change : 0.0955564978196661
One-Day_Repo_Rate_AVG : 0.5302680508539102
Current_Account_Balance_change_yryr% : 0.11543887864342108
Broad_Money_mo12m%_change : 0.4903961550182356
Foreign_Exchange_Reserve_change_yryr% : 0.395522179183128
--------------------

