--------------------
id : 3093894082
corr_coef : 0.05873592717923434
explain variance ratio : 0.3149322886889115
Weight :
Term_Premium : 0.4941144230868813
Stock_Prices_mom24mma%_change : 0.19019827116049803
Stock_Market_Volatility : 0.09814679605612794
Current_Account_Balance_change_yryr% : 0.28170541406263816
Policy_Rate_&_Fed_Funds_Rate_Differential_EOP : 0.4127651655990422
One-Day_Repo_Rate_EOP : 0.6227430167168369
Portfolio_Flows : 0.26925986306020483
--------------------

