--------------------
id : 3131346837
corr_coef : -0.03896118155491489
explain variance ratio : 0.3688162651785189
Weight :
Term_Premium : 0.5403411699724011
Stock_Prices_mom24mma%_change : 0.14843381322175697
Policy_Rate_&_Fed_Funds_Rate_Differential_AVG : 0.02254401900053067
REER : 0.5371082493631819
Portfolio_Flows : 0.01753796261069558
Broad_Money_mo12m%_change : 0.40162359149634674
Foreign_Exchange_Reserve_change_yryr% : 0.4851764930617193
--------------------

