--------------------
id : 3200869710
corr_coef : -0.23164412215989266
explain variance ratio : 0.38430398674810573
Weight :
Term_Premium : 0.5545822242384791
Stock_Prices_mom%_change : 0.060753800219879084
Stock_Prices_mom24mma%_change : 0.344837486595279
Current_Account_Balance_change_yryr% : 0.25409015810239977
One-Day_Repo_Rate_AVG : 0.542098791861656
Foreign_Exchange_Reserve_change_yryr% : 0.45978444033462634
--------------------

