--------------------
id : 3213382551
corr_coef : -0.04308603062100725
explain variance ratio : 0.3385599249316428
Weight :
Term_Premium : 0.5151188655607516
Stock_Prices_mom24mma%_change : 0.2261303661516214
Stock_Market_Volatility : 0.04026643142180411
One-Day_Repo_Rate_AVG : 0.5922431288906991
Policy_Rate_&_Fed_Funds_Rate_Differential_AVG : 0.3220316417175524
Portfolio_Flows : 0.2147083616933358
Foreign_Exchange_Reserve_change_yryr% : 0.4258406319053031
--------------------

