--------------------
id : 3257845316
corr_coef : -0.3835726078709947
explain variance ratio : 0.3809072186335943
Weight :
Risk_Premium : -0.27410412902882264
Stock_Prices_mom24mma%_change : -0.011662045815750699
Stock_Market_Volatility : -0.2738149829975069
Current_Account_Balance_over_GDP : -0.5605785486487211
Bank_Lending_mo12m%_change : -0.5498990995518435
Foreign_Exchange_Reserve_over_GDP : -0.48282393201847607
--------------------

