--------------------
id : 3262568526
corr_coef : 0.774851098343319
explain variance ratio : 0.2594317942889084
Weight :
Risk_Premium : -0.5182464744798396
Stock_Prices_mom24mma%_change : -0.7798267681902576
REER : -0.31555131125235286
One-Day_Repo_Rate_AVG : -0.09750336288460258
Broad_Money_mo12m%_change : -0.11921102086748746
--------------------

