--------------------
id : 3321625434
corr_coef : 0.6748489241083497
explain variance ratio : 0.21911975604632705
Weight :
Risk_Premium : -0.15559950603464956
Stock_Prices_mom24mma%_change : -0.6579699556944903
Current_Account_Balance_change_yryr% : -0.36991497925558076
Foreign_Exchange_Reserve_over_GDP : -0.004098834988909995
Portfolio_Flows : -0.4241422467047
Bank_Lending_mo12m%_change : -0.4755142409639583
--------------------

