--------------------
id : 3326854302
corr_coef : 0.6773006853317208
explain variance ratio : 0.2803835452798069
Weight :
Risk_Premium : -0.11042554870698908
Stock_Prices_mom24mma%_change : -0.901630852775494
One-Day_Repo_Rate_AVG : -0.4019581851229124
Bank_Lending_mo12m%_change : -0.11531531090358237
--------------------

