--------------------
id : 3421123471
corr_coef : 0.17243808599369875
explain variance ratio : 0.3078704942711292
Weight :
Term_Premium : 0.4705914308897885
Stock_Prices_mom%_change : 0.029205618535776412
Stock_Market_Volatility : 0.0889784180329635
Current_Account_Balance_change_yryr% : 0.26511591944897106
Policy_Rate_&_Fed_Funds_Rate_Differential_AVG : 0.4747015464457616
One-Day_Repo_Rate_AVG : 0.6288073007148125
Portfolio_Flows : 0.28061886566636207
--------------------

