--------------------
id : 3473760842
corr_coef : 0.42997370668606494
explain variance ratio : 0.2111077898428131
Weight :
Risk_Premium : -0.0664765817120799
Stock_Prices_mom%_change : -0.577960635726809
Stock_Prices_mom24mma%_change : -0.5994053859760289
One-Day_Repo_Rate_AVG : -0.17795977662653417
Current_Account_Balance_change_yryr% : -0.3008465269118688
Broad_Money_mo12m%_change : -0.017691128613295207
Portfolio_Flows : -0.42398615545033697
--------------------

