--------------------
id : 3529567118
corr_coef : 0.04213779459989581
explain variance ratio : 0.42939702340875907
Weight :
Term_Premium : 0.6264904927568677
Stock_Prices_mom24mma%_change : 0.09351092386393645
Current_Account_Balance_change_yryr% : 0.1487908943128871
REER : 0.5407567775232559
Broad_Money_mo12m%_change : 0.5331123211253012
--------------------

