--------------------
id : 3603755625
corr_coef : -0.06301170273950689
explain variance ratio : 0.3516634560210084
Weight :
Term_Premium : 0.5001928541201939
Stock_Prices_mom24mma%_change : 0.22863429748005437
Current_Account_Balance_change_yryr% : 0.2461883688173163
Policy_Rate_&_Fed_Funds_Rate_Differential_AVG : 0.3010744986142979
One-Day_Repo_Rate_AVG : 0.5756018490121465
Portfolio_Flows : 0.2114471008724843
Foreign_Exchange_Reserve_change_yryr% : 0.41261548079602434
--------------------

