--------------------
id : 3607702796
corr_coef : -0.0403618101670363
explain variance ratio : 0.3731044782855769
Weight :
Term_Premium : 0.530966264503655
Stock_Prices_mom24mma%_change : 0.1498136273077313
Current_Account_Balance_change_yryr% : 0.1349882030366746
Policy_Rate_&_Fed_Funds_Rate_Differential_EOP : 0.028147034306034525
REER : 0.5368820122107019
Broad_Money_mo12m%_change : 0.3957135680278352
Foreign_Exchange_Reserve_change_yryr% : 0.4814406604929705
--------------------

