--------------------
id : 3609465242
corr_coef : 0.6278717037704242
explain variance ratio : 0.2385675730659062
Weight :
Term_Premium : 0.15451872894672722
Stock_Prices_mom24mma%_change : 0.7484092636860971
One-Day_Repo_Rate_AVG : 0.10150035051661398
Current_Account_Balance_change_yryr% : 0.5279610135724784
Velocity_of_Money_mo12m%_change : 0.3563178123895121
--------------------

