--------------------
id : 3610893393
corr_coef : -0.8458459351985076
explain variance ratio : 0.31321261063028527
Weight :
Risk_Premium : -0.5710240002836773
Stock_Prices_mom24mma%_change : -0.6326754053272435
Stock_Market_Volatility : -0.24311657360173924
Current_Account_Balance_change_yryr% : -0.10341417363628372
Velocity_of_Money_mo12m%_change : -0.4515011217320617
--------------------

