--------------------
id : 3618534913
corr_coef : -0.06199398506212194
explain variance ratio : 0.372290215775874
Weight :
Term_Premium : 0.6257010469210457
Stock_Prices_mom%_change : 0.01743944421569288
Current_Account_Balance_change_yryr% : 0.3444309861681865
One-Day_Repo_Rate_EOP : 0.6729738853309534
Portfolio_Flows : 0.19148762648569712
--------------------

