--------------------
id : 3632981396
corr_coef : 0.5079254715659757
explain variance ratio : 0.2382979700303626
Weight :
Term_Premium : -0.05634025429206617
Stock_Prices_mom24mma%_change : -0.47149710002713285
Stock_Market_Volatility : -0.5718201596351707
One-Day_Repo_Rate_EOP : -0.13297249055695606
Current_Account_Balance_change_yryr% : -0.22050725617034284
Portfolio_Flows : -0.4375302181215229
Bank_Lending_mo12m%_change : -0.43566057936076563
--------------------

