--------------------
id : 3638347573
corr_coef : 0.10360634784368758
explain variance ratio : 0.33828407439622793
Weight :
Term_Premium : -0.48920248365546726
Stock_Prices_mom24mma%_change : -0.1380462428871848
Current_Account_Balance_change_yryr% : -0.2517853893533437
One-Day_Repo_Rate_AVG : -0.611769363758915
Policy_Rate_&_Fed_Funds_Rate_Differential_EOP : -0.3704669214335755
REER : -0.347313042064059
Portfolio_Flows : -0.21469615511226495
--------------------

