--------------------
id : 3705375353
corr_coef : 0.26625000833250195
explain variance ratio : 0.21758461329559997
Weight :
Term_Premium : -0.11596145135656409
Stock_Prices_mom24mma%_change : -0.29519188685309966
Stock_Market_Volatility : -0.6522807925153733
Policy_Rate_&_Fed_Funds_Rate_Differential_AVG : -0.4236096586441356
One-Day_Repo_Rate_EOP : -0.2529496014075841
Foreign_Exchange_Reserve_over_GDP : -0.05091426647326359
Bank_Lending_mo12m%_change : -0.4774133986091468
--------------------

