--------------------
id : 3729004223
corr_coef : 0.6175283741578184
explain variance ratio : 0.2122749453412268
Weight :
Risk_Premium : -0.25358411061544733
Stock_Prices_mom%_change : -0.39701702580647724
Stock_Prices_mom24mma%_change : -0.7019957543651936
REER : -0.34605875479673576
One-Day_Repo_Rate_AVG : -0.1908383534106955
Current_Account_Balance_change_yryr% : -0.3402275916556334
Velocity_of_Money_mo12m%_change : -0.11551531451988602
--------------------

