--------------------
id : 3774060709
corr_coef : 0.09076460727216536
explain variance ratio : 0.2166841476323377
Weight :
Term_Premium : -0.002446740302295875
Stock_Prices_mom%_change : -0.492007342803955
Current_Account_Balance_change_yryr% : -0.37999720971489187
Portfolio_Flows : -0.6976067708212222
Bank_Lending_mo12m%_change : -0.2804347780861988
Foreign_Exchange_Reserve_change_yryr% : -0.21960427418862233
--------------------

