--------------------
id : 3828537466
corr_coef : 0.04385415198507389
explain variance ratio : 0.31402593528142964
Weight :
Term_Premium : 0.5050546414870255
Stock_Prices_mom%_change : 0.06491238599133398
Stock_Prices_mom24mma%_change : 0.19877940358950202
Current_Account_Balance_change_yryr% : 0.28548641724872137
Policy_Rate_&_Fed_Funds_Rate_Differential_EOP : 0.39700509346207097
One-Day_Repo_Rate_EOP : 0.6281018013164047
Portfolio_Flows : 0.25993370016347406
--------------------

