--------------------
id : 3891744639
corr_coef : -0.5483334057735045
explain variance ratio : 0.452408461643802
Weight :
Risk_Premium : -0.3623021186437854
Stock_Market_Volatility : -0.2950238045193373
Current_Account_Balance_over_GDP : -0.565420013568966
Bank_Lending_mo12m%_change : -0.5638093467183679
Velocity_of_Money_mo12m%_change : -0.3796279209987565
--------------------

