--------------------
id : 3905259739
corr_coef : 0.048904169753572424
explain variance ratio : 0.34007308474607756
Weight :
Term_Premium : 0.5143187984179506
Stock_Prices_mom%_change : 0.0413336422367561
Stock_Prices_mom24mma%_change : 0.23172881278353677
One-Day_Repo_Rate_AVG : 0.5894660875661892
Policy_Rate_&_Fed_Funds_Rate_Differential_EOP : 0.3218388213907461
Portfolio_Flows : 0.2131859713938563
Foreign_Exchange_Reserve_change_yryr% : 0.4284515225732958
--------------------

