--------------------
id : 3914031156
corr_coef : -0.42704988718914827
explain variance ratio : 0.4714312868464153
Weight :
Risk_Premium : -0.3586412751491579
Stock_Market_Volatility : -0.3646233764856998
Current_Account_Balance_over_GDP : -0.6204114227042868
Bank_Lending_mo12m%_change : -0.5945720273083789
--------------------

