--------------------
id : 3924745739
corr_coef : -0.21534435421478404
explain variance ratio : 0.40408371494814715
Weight :
Term_Premium : 0.4912102638251594
Stock_Prices_mom24mma%_change : 0.3296056702777641
REER : 0.503359552662676
Portfolio_Flows : 0.11940005349032021
Foreign_Exchange_Reserve_change_yryr% : 0.6184216739436799
--------------------

