--------------------
id : 3981673146
corr_coef : 0.15888027629391538
explain variance ratio : 0.4743409213611253
Weight :
Term_Premium : 0.5191810616410589
Stock_Prices_mom24mma%_change : 0.05549311235541243
Current_Account_Balance_change_yryr% : 0.12019036361683352
One-Day_Repo_Rate_AVG : 0.5246813722033336
REER : 0.47571899248784
Broad_Money_mo12m%_change : 0.45970285408860456
--------------------

