--------------------
id : 3985946252
corr_coef : 0.09833716383554883
explain variance ratio : 0.3739632058753438
Weight :
Term_Premium : 0.5407984140903109
Stock_Prices_mom24mma%_change : 0.10639030715806241
One-Day_Repo_Rate_EOP : 0.5346369337766599
Current_Account_Balance_change_yryr% : 0.12153221573503994
Portfolio_Flows : 0.04891742395163612
Broad_Money_mo12m%_change : 0.47923012252264136
Foreign_Exchange_Reserve_change_yryr% : 0.40442183761699807
--------------------

