--------------------
id : 3994865894
corr_coef : -0.36828178509515896
explain variance ratio : 0.35059426393260107
Weight :
Term_Premium : 0.6964730907069021
Stock_Prices_mom24mma%_change : 0.4920144431243113
REER : 0.5095603693980144
Portfolio_Flows : 0.1148705863883734
--------------------

