--------------------
id : 4069415953
corr_coef : 0.35591384046070285
explain variance ratio : 0.2255046387260432
Weight :
Term_Premium : -0.14215577323812406
Stock_Prices_mom%_change : -0.5639321853045872
Stock_Prices_mom24mma%_change : -0.514982754180079
Stock_Market_Volatility : -0.3597644231574004
One-Day_Repo_Rate_EOP : -0.2826929205170145
Broad_Money_mo12m%_change : -0.09464984848417322
Portfolio_Flows : -0.42220927051815355
--------------------

