--------------------
id : 4095181306
corr_coef : 0.1955306288893347
explain variance ratio : 0.41259381341205925
Weight :
Term_Premium : 0.49529381871187905
Stock_Prices_mom24mma%_change : 0.010221507420973164
REER : 0.4774896884435921
One-Day_Repo_Rate_EOP : 0.5457188553258474
Policy_Rate_&_Fed_Funds_Rate_Differential_AVG : 0.18292864222945898
Broad_Money_mo12m%_change : 0.4384364963364303
Portfolio_Flows : 0.055539470973878804
--------------------

