--------------------
id : 4183199306
corr_coef : 0.5847268805083374
explain variance ratio : 0.2565397458079645
Weight :
Term_Premium : -0.35200056628565785
Stock_Prices_mom%_change : -0.4018420008268974
Stock_Prices_mom24mma%_change : -0.5798132895658784
Stock_Market_Volatility : -0.3246663476222161
Policy_Rate_&_Fed_Funds_Rate_Differential_AVG : -0.042123598769653395
Portfolio_Flows : -0.3206678453055243
Foreign_Exchange_Reserve_change_yryr% : -0.41039572985627243
--------------------

