--------------------
id : 4189928363
corr_coef : -0.017832381101117106
explain variance ratio : 0.3863531011741674
Weight :
Term_Premium : 0.46332531109019354
Stock_Prices_mom24mma%_change : 0.1814020346005243
One-Day_Repo_Rate_EOP : 0.5424101283655809
Policy_Rate_&_Fed_Funds_Rate_Differential_EOP : 0.2635805997699259
REER : 0.39578095729372265
Portfolio_Flows : 0.16414162668891308
Foreign_Exchange_Reserve_change_yryr% : 0.4529397733130842
--------------------

