--------------------
id : 4196586914
corr_coef : -0.07976122765258685
explain variance ratio : 0.33125708896475053
Weight :
Term_Premium : 0.552893146859089
Stock_Prices_mom%_change : 0.017209715654758706
Stock_Prices_mom24mma%_change : 0.23835621565681336
Stock_Market_Volatility : 0.0047896828298204935
One-Day_Repo_Rate_AVG : 0.5967561060396493
Policy_Rate_&_Fed_Funds_Rate_Differential_EOP : 0.29285225761416184
Foreign_Exchange_Reserve_change_yryr% : 0.44192315209114347
--------------------

