--------------------
id : 4199145867
corr_coef : -0.0506771035454299
explain variance ratio : 0.36996019014685794
Weight :
Term_Premium : 0.6269410641139183
Stock_Prices_mom%_change : 0.01581643448693837
Current_Account_Balance_change_yryr% : 0.3428504098258197
One-Day_Repo_Rate_AVG : 0.6726336151202358
Portfolio_Flows : 0.191604694150165
--------------------

