--------------------
id : 4234262382
corr_coef : 0.10802719692811108
explain variance ratio : 0.4333692894499974
Weight :
Term_Premium : 0.5472041960576924
Stock_Prices_mom24mma%_change : 0.09555649781966602
Current_Account_Balance_change_yryr% : 0.11543887864342103
One-Day_Repo_Rate_AVG : 0.53026805085391
Broad_Money_mo12m%_change : 0.49039615501823564
Foreign_Exchange_Reserve_change_yryr% : 0.39552217918312793
--------------------

