--------------------
id : 4245809722
corr_coef : 0.17850298424266256
explain variance ratio : 0.5748009079102515
Weight :
Term_Premium : 0.5839730622281971
Stock_Prices_mom24mma%_change : 0.014141759619636374
One-Day_Repo_Rate_AVG : 0.5687041434193693
Broad_Money_mo12m%_change : 0.5790950444308118
--------------------

