--------------------
id : 4272308029
corr_coef : -0.40418038924842997
explain variance ratio : 0.4416881439938787
Weight :
Risk_Premium : -0.26098031365355323
Stock_Prices_mom24mma%_change : -0.05316510241715289
Current_Account_Balance_over_GDP : -0.5182216415477041
Foreign_Exchange_Reserve_over_GDP : -0.4843362463395582
Bank_Lending_mo12m%_change : -0.5438815617789463
Velocity_of_Money_mo12m%_change : -0.3607219500397372
--------------------

