--------------------
id : 4291530180
corr_coef : -0.04036181016703604
explain variance ratio : 0.37310447828557675
Weight :
Term_Premium : 0.5309662645036554
Stock_Prices_mom24mma%_change : 0.14981362730773096
Current_Account_Balance_change_yryr% : 0.13498820303667458
Policy_Rate_&_Fed_Funds_Rate_Differential_EOP : 0.028147034306034574
REER : 0.5368820122107018
Broad_Money_mo12m%_change : 0.3957135680278356
Foreign_Exchange_Reserve_change_yryr% : 0.4814406604929702
--------------------

