--------------------
id : 4333246613
corr_coef : 0.1100605370026388
explain variance ratio : 0.4301081108803429
Weight :
Term_Premium : 0.5515938420139813
Stock_Prices_mom24mma%_change : 0.09245747206969956
One-Day_Repo_Rate_AVG : 0.5337277661796374
Broad_Money_mo12m%_change : 0.4934396737209466
Portfolio_Flows : 0.03541867763926938
Foreign_Exchange_Reserve_change_yryr% : 0.3969802597007574
--------------------

