--------------------
id : 4348927526
corr_coef : 0.48824271556781956
explain variance ratio : 0.23277933696454137
Weight :
Risk_Premium : 0.1852383238000473
Stock_Prices_mom%_change : 0.5210992733706882
Stock_Prices_mom24mma%_change : 0.6336121130920885
One-Day_Repo_Rate_AVG : 0.3161311481247232
Current_Account_Balance_change_yryr% : 0.3219541718316224
Broad_Money_mo12m%_change : 0.2984704495537667
--------------------

