--------------------
id : 4382825236
corr_coef : -0.05247511605885079
explain variance ratio : 0.4367792263407887
Weight :
Term_Premium : 0.6840398921818417
Stock_Prices_mom%_change : 0.0010228371908691525
One-Day_Repo_Rate_EOP : 0.7118146519691071
Portfolio_Flows : 0.15939975203880968
--------------------

