--------------------
id : 4407823367
corr_coef : -0.41438280258046956
explain variance ratio : 0.3072447791566847
Weight :
Term_Premium : -0.5978676410768802
Stock_Prices_mom24mma%_change : -0.4700246059894515
Current_Account_Balance_change_yryr% : -0.4542518210539387
REER : -0.4182069494656312
Portfolio_Flows : -0.20097110241390292
--------------------

