--------------------
id : 4411932952
corr_coef : -0.11639051969726558
explain variance ratio : 0.43558206373276653
Weight :
Term_Premium : 0.4929766788226017
Stock_Prices_mom24mma%_change : 0.2475695371074902
Current_Account_Balance_change_yryr% : 0.20957899395713903
One-Day_Repo_Rate_AVG : 0.5066644015215025
REER : 0.40963182707572376
Foreign_Exchange_Reserve_change_yryr% : 0.4767105140468335
--------------------

