--------------------
id : 4442734400
corr_coef : -0.03762313905653178
explain variance ratio : 0.36893730961781457
Weight :
Term_Premium : 0.5395423564433869
Stock_Prices_mom24mma%_change : 0.14542163384168738
Policy_Rate_&_Fed_Funds_Rate_Differential_EOP : 0.03368661003169224
REER : 0.538344343493092
Broad_Money_mo12m%_change : 0.40098862215684583
Portfolio_Flows : 0.01987699721012688
Foreign_Exchange_Reserve_change_yryr% : 0.48539695511051417
--------------------

