--------------------
id : 4475986277
corr_coef : -0.3795698320169354
explain variance ratio : 0.40039987863492343
Weight :
Risk_Premium : -0.22317449850441787
Stock_Prices_mom%_change : -0.10057404348377608
Stock_Market_Volatility : -0.28215275017442043
Current_Account_Balance_over_GDP : -0.4899591852942947
Velocity_of_Money_mo12m%_change : -0.32303252924768955
Bank_Lending_mo12m%_change : -0.5364010573498074
Foreign_Exchange_Reserve_over_GDP : -0.4778406826874793
--------------------

