--------------------
id : 4639678392
corr_coef : 0.7581074435395887
explain variance ratio : 0.25514065555236926
Weight :
Term_Premium : -0.2950123437130007
Risk_Premium : -0.5180762387049237
Stock_Prices_mom%_change : -0.4139038919423929
Stock_Prices_mom24mma%_change : -0.6738198411028183
One-Day_Repo_Rate_EOP : -0.013932784964511528
Broad_Money_mo12m%_change : -0.13791662488825066
--------------------

