--------------------
id : 4678876880
corr_coef : -0.5999501514626532
explain variance ratio : 0.3958119208417389
Weight :
Risk_Premium : -0.4406511976974355
Stock_Prices_mom24mma%_change : -0.13529871537190463
Current_Account_Balance_over_GDP : -0.6116148829341383
Velocity_of_Money_mo12m%_change : -0.43694180318618153
Foreign_Exchange_Reserve_over_GDP : -0.47173072317625864
--------------------

