--------------------
id : 4707415997
corr_coef : 0.6486656395900814
explain variance ratio : 0.20722425535655728
Weight :
Term_Premium : -0.08517621917803282
Stock_Prices_mom24mma%_change : -0.7839290995692209
Stock_Market_Volatility : -0.22882504779487778
REER : -0.2982404247108111
One-Day_Repo_Rate_AVG : -0.010912683210315521
Velocity_of_Money_mo12m%_change : -0.48659309330308687
--------------------

