--------------------
id : 4730466400
corr_coef : 0.5147814888478454
explain variance ratio : 0.22427172491431807
Weight :
Term_Premium : -0.02728661226694848
Stock_Prices_mom%_change : -0.5608153064993044
Stock_Prices_mom24mma%_change : -0.5840083714463021
Current_Account_Balance_over_GDP : -0.02675582989211052
Current_Account_Balance_change_yryr% : -0.23099598688667525
Portfolio_Flows : -0.41596312792924584
Bank_Lending_mo12m%_change : -0.34143156075570286
--------------------

