--------------------
id : 4779801239
corr_coef : -0.08316399850070016
explain variance ratio : 0.3402260468384215
Weight :
Term_Premium : -0.4903392210993671
Stock_Prices_mom24mma%_change : -0.1479263822129835
REER : -0.3486167537566737
One-Day_Repo_Rate_EOP : -0.6127057749637544
Policy_Rate_&_Fed_Funds_Rate_Differential_EOP : -0.3621337850882569
Current_Account_Balance_change_yryr% : -0.25368547215469744
Portfolio_Flows : -0.21271113966731542
--------------------

