--------------------
id : 4782436633
corr_coef : 0.5035907195934555
explain variance ratio : 0.22086717440938555
Weight :
Term_Premium : -0.034192676109892246
Stock_Prices_mom%_change : -0.5879236145230401
Stock_Prices_mom24mma%_change : -0.589406806546816
One-Day_Repo_Rate_EOP : -0.0827810839264367
Current_Account_Balance_over_GDP : -0.054892669408048676
Portfolio_Flows : -0.4127826956163673
Bank_Lending_mo12m%_change : -0.35428919539240933
--------------------

