--------------------
id : 4786357196
corr_coef : 0.04324364924734946
explain variance ratio : 0.3125821587027708
Weight :
Term_Premium : 0.5074199545027365
Stock_Prices_mom%_change : 0.06501337444912958
Stock_Prices_mom24mma%_change : 0.19821213219313388
One-Day_Repo_Rate_EOP : 0.6302374528456153
Current_Account_Balance_change_yryr% : 0.28580993178398195
Policy_Rate_&_Fed_Funds_Rate_Differential_AVG : 0.3909082851505367
Portfolio_Flows : 0.25945009171631067
--------------------

