--------------------
id : 4888287584
corr_coef : 0.19911385533420403
explain variance ratio : 0.30155817813708163
Weight :
Term_Premium : 0.4780353845443789
Stock_Prices_mom24mma%_change : 0.29323658770336175
REER : 0.47829433860256976
Policy_Rate_&_Fed_Funds_Rate_Differential_EOP : 0.14421863113470101
Current_Account_Balance_change_yryr% : 0.2531518237043253
Portfolio_Flows : 0.17576952441836713
Foreign_Exchange_Reserve_change_yryr% : 0.5839085675778997
--------------------

