--------------------
id : 4897724265
corr_coef : -0.043243649247350066
explain variance ratio : 0.3125821587027708
Weight :
Term_Premium : 0.5074199545027366
Stock_Prices_mom%_change : 0.06501337444912884
Stock_Prices_mom24mma%_change : 0.19821213219313333
Policy_Rate_&_Fed_Funds_Rate_Differential_AVG : 0.3909082851505372
One-Day_Repo_Rate_EOP : 0.6302374528456154
Current_Account_Balance_change_yryr% : 0.2858099317839821
Portfolio_Flows : 0.25945009171631056
--------------------

