--------------------
id : 4931796354
corr_coef : -0.008303892952474589
explain variance ratio : 0.3816879344789191
Weight :
Term_Premium : 0.46699564745376054
Stock_Prices_mom24mma%_change : 0.1769914775440259
REER : 0.39840255034262356
One-Day_Repo_Rate_AVG : 0.540873386544463
Policy_Rate_&_Fed_Funds_Rate_Differential_AVG : 0.2602311820248081
Portfolio_Flows : 0.16479485256988177
Foreign_Exchange_Reserve_change_yryr% : 0.4521535781268186
--------------------

