--------------------
id : 4956946696
corr_coef : 0.13676464800857388
explain variance ratio : 0.37440434555534485
Weight :
Term_Premium : 0.5307549938851004
Stock_Prices_mom24mma%_change : 0.05717689537914128
Policy_Rate_&_Fed_Funds_Rate_Differential_EOP : 0.14157181346085315
One-Day_Repo_Rate_EOP : 0.5563002740193475
Broad_Money_mo12m%_change : 0.47479731056615604
Portfolio_Flows : 0.06681289487312884
Foreign_Exchange_Reserve_change_yryr% : 0.3944881706947023
--------------------

