--------------------
id : 5135348770
corr_coef : 0.5480422027699299
explain variance ratio : 0.24950857476873398
Weight :
Term_Premium : -0.1819874525885809
Stock_Prices_mom%_change : -0.4971930096850363
Stock_Prices_mom24mma%_change : -0.5273279825524241
Stock_Market_Volatility : -0.5408219883285109
One-Day_Repo_Rate_AVG : -0.21367594900237982
Policy_Rate_&_Fed_Funds_Rate_Differential_EOP : -0.11616442885158831
Bank_Lending_mo12m%_change : -0.2999414413944136
--------------------

