--------------------
id : 5153868174
corr_coef : 0.10554365866404053
explain variance ratio : 0.5079405260677005
Weight :
Term_Premium : 0.5032436261600151
Stock_Prices_mom24mma%_change : 0.24385465394084982
REER : 0.4260889375700302
One-Day_Repo_Rate_AVG : 0.5124209665775054
Foreign_Exchange_Reserve_change_yryr% : 0.49310620638248565
--------------------

