--------------------
id : 5186373199
corr_coef : 0.6700263187180929
explain variance ratio : 0.3067042157362457
Weight :
Risk_Premium : -0.24479796178044164
Stock_Prices_mom%_change : -0.4799024007824394
Stock_Prices_mom24mma%_change : -0.7132140561349781
Current_Account_Balance_change_yryr% : -0.27226044250999454
Foreign_Exchange_Reserve_change_yryr% : -0.3563251397349712
--------------------

