--------------------
id : 5189133248
corr_coef : 0.22261364496317265
explain variance ratio : 0.3339905547616301
Weight :
Term_Premium : -0.569342629828621
Stock_Prices_mom%_change : -0.15332869264348464
Stock_Prices_mom24mma%_change : -0.3837255142417725
One-Day_Repo_Rate_AVG : -0.594615436331147
Current_Account_Balance_change_yryr% : -0.32712104844985834
Portfolio_Flows : -0.210993635282543
--------------------

