--------------------
id : 5224256964
corr_coef : -0.2356208769170546
explain variance ratio : 0.4139230153350839
Weight :
Term_Premium : 0.49672116505068137
Stock_Prices_mom24mma%_change : 0.33174048045090365
Current_Account_Balance_change_yryr% : 0.2380207547228034
REER : 0.48375517631716664
Foreign_Exchange_Reserve_change_yryr% : 0.5937536421180347
--------------------

