--------------------
id : 5306772176
corr_coef : -0.22400568359512857
explain variance ratio : 0.37501630863016483
Weight :
Term_Premium : 0.5523211665607097
Stock_Prices_mom%_change : 0.08547115891792656
Stock_Prices_mom24mma%_change : 0.3550583830800136
One-Day_Repo_Rate_AVG : 0.5527120836581824
Portfolio_Flows : 0.1660907001222723
Foreign_Exchange_Reserve_change_yryr% : 0.47800919078818316
--------------------

