--------------------
id : 5317649328
corr_coef : 0.6775430272798841
explain variance ratio : 0.21509414467220778
Weight :
Risk_Premium : -0.3590724494383422
Stock_Prices_mom%_change : -0.5585704884459786
Stock_Prices_mom24mma%_change : -0.6992597812043896
One-Day_Repo_Rate_EOP : -0.0014183137308209288
Current_Account_Balance_over_GDP : -0.09723719875998965
Portfolio_Flows : -0.1096351652875585
Foreign_Exchange_Reserve_change_yryr% : -0.2205102944930249
--------------------

