--------------------
id : 5343844777
corr_coef : 0.7365679956463764
explain variance ratio : 0.2415894535559778
Weight :
Term_Premium : -0.4392287794858198
Risk_Premium : -0.7824044779888225
Stock_Prices_mom%_change : -0.05203310658900929
Current_Account_Balance_over_GDP : -0.323237745270416
Broad_Money_mo12m%_change : -0.2961945778464385
--------------------

