--------------------
id : 5350327920
corr_coef : 0.08712611709129173
explain variance ratio : 0.5365757743435735
Weight :
Term_Premium : 0.4804642210354725
Stock_Prices_mom24mma%_change : 0.09625332291799804
One-Day_Repo_Rate_AVG : 0.47467415473613184
REER : 0.4764111797356544
Broad_Money_mo12m%_change : 0.3881988528627934
Foreign_Exchange_Reserve_change_yryr% : 0.39611603781777316
--------------------

