--------------------
id : 5387129713
corr_coef : 0.17243808599369917
explain variance ratio : 0.30787049427112867
Weight :
Term_Premium : 0.4705914308897879
Stock_Prices_mom%_change : 0.029205618535776856
Stock_Market_Volatility : 0.08897841803296458
Current_Account_Balance_change_yryr% : 0.26511591944897117
One-Day_Repo_Rate_AVG : 0.6288073007148117
Policy_Rate_&_Fed_Funds_Rate_Differential_AVG : 0.4747015464457621
Portfolio_Flows : 0.28061886566636307
--------------------

