--------------------
id : 5444070348
corr_coef : 0.04471931967627639
explain variance ratio : 0.37309070335515127
Weight :
Term_Premium : 0.5298449767497599
Stock_Prices_mom24mma%_change : 0.1597262579729083
REER : 0.5345629255053506
Current_Account_Balance_change_yryr% : 0.13742786307016017
Broad_Money_mo12m%_change : 0.39382639142385717
Portfolio_Flows : 0.02584115145626245
Foreign_Exchange_Reserve_change_yryr% : 0.483053716022998
--------------------

