--------------------
id : 5472325647
corr_coef : -0.035401969016882195
explain variance ratio : 0.38708197441202696
Weight :
Term_Premium : 0.4767143632160829
Stock_Prices_mom24mma%_change : 0.18662472279062503
Current_Account_Balance_change_yryr% : 0.2036714857972251
One-Day_Repo_Rate_AVG : 0.5329751757110701
Policy_Rate_&_Fed_Funds_Rate_Differential_EOP : 0.2408842031811158
REER : 0.393999457373294
Foreign_Exchange_Reserve_change_yryr% : 0.4462165897219207
--------------------

