--------------------
id : 5491597928
corr_coef : 0.19671590199651104
explain variance ratio : 0.2575222775621739
Weight :
Term_Premium : 0.09565913898491027
Stock_Prices_mom%_change : 0.773416710532364
Current_Account_Balance_change_yryr% : 0.6045266495197614
Bank_Lending_mo12m%_change : 0.16499530604951718
--------------------

