--------------------
id : 5517897276
corr_coef : -0.22658102760294543
explain variance ratio : 0.46555477356104397
Weight :
Term_Premium : 0.5544348898309686
Stock_Prices_mom24mma%_change : 0.33326194011192867
One-Day_Repo_Rate_EOP : 0.5502628971581212
Current_Account_Balance_change_yryr% : 0.2528505261905326
Foreign_Exchange_Reserve_change_yryr% : 0.46348224089740275
--------------------

