--------------------
id : 5564049488
corr_coef : -0.10331282453035533
explain variance ratio : 0.4275158244003339
Weight :
Term_Premium : 0.49086910404259865
Stock_Prices_mom24mma%_change : 0.24618933103356577
One-Day_Repo_Rate_AVG : 0.5136847407805094
REER : 0.42063648513322427
Portfolio_Flows : 0.12703622805584147
Foreign_Exchange_Reserve_change_yryr% : 0.4914194412180227
--------------------

