--------------------
id : 5566170000
corr_coef : -0.044719319676276494
explain variance ratio : 0.37309070335515127
Weight :
Term_Premium : 0.5298449767497597
Stock_Prices_mom24mma%_change : 0.1597262579729083
Current_Account_Balance_change_yryr% : 0.13742786307016014
REER : 0.5345629255053506
Broad_Money_mo12m%_change : 0.39382639142385695
Portfolio_Flows : 0.025841151456262534
Foreign_Exchange_Reserve_change_yryr% : 0.4830537160229982
--------------------

