--------------------
id : 5576951390
corr_coef : 0.48169857051178894
explain variance ratio : 0.24349778040680947
Weight :
Term_Premium : -0.16377392934212903
Stock_Prices_mom%_change : -0.6332017338138847
Stock_Prices_mom24mma%_change : -0.622925707108907
Stock_Market_Volatility : -0.3666357207426121
One-Day_Repo_Rate_EOP : -0.20505271530341393
Broad_Money_mo12m%_change : -0.08791393523236646
--------------------

