--------------------
id : 5688907132
corr_coef : -0.516003661333069
explain variance ratio : 0.3060204080479961
Weight :
Term_Premium : -0.48680899743888095
Stock_Prices_mom%_change : -0.2188756799244015
Stock_Prices_mom24mma%_change : -0.5374263856334396
Current_Account_Balance_change_yryr% : -0.3178743451309522
Portfolio_Flows : -0.22598558958794182
Foreign_Exchange_Reserve_change_yryr% : -0.5236121950273104
--------------------

