--------------------
id : 5710892951
corr_coef : 0.51062133761456
explain variance ratio : 0.20521615856143996
Weight :
Term_Premium : -0.11856529259754862
Stock_Prices_mom%_change : -0.5582198046429511
Stock_Prices_mom24mma%_change : -0.6815300219146381
REER : -0.2300298929729002
Portfolio_Flows : -0.37303418296489527
Bank_Lending_mo12m%_change : -0.0158284942806601
Velocity_of_Money_mo12m%_change : -0.13240451567855482
--------------------

