--------------------
id : 5720269704
corr_coef : 0.5402786102084048
explain variance ratio : 0.21145395906567777
Weight :
Risk_Premium : -0.17430960243125074
Stock_Prices_mom%_change : -0.5521598491240092
Stock_Prices_mom24mma%_change : -0.6700963316551287
Stock_Market_Volatility : -0.2591684071956007
REER : -0.2675152109392304
One-Day_Repo_Rate_AVG : -0.24533785764575045
Broad_Money_mo12m%_change : -0.12955019896387202
--------------------

