--------------------
id : 5758107592
corr_coef : -0.1367646480085741
explain variance ratio : 0.37440434555534474
Weight :
Term_Premium : 0.5307549938851001
Stock_Prices_mom24mma%_change : 0.05717689537914129
One-Day_Repo_Rate_EOP : 0.5563002740193472
Policy_Rate_&_Fed_Funds_Rate_Differential_EOP : 0.14157181346085304
Broad_Money_mo12m%_change : 0.47479731056615593
Portfolio_Flows : 0.06681289487312891
Foreign_Exchange_Reserve_change_yryr% : 0.3944881706947021
--------------------

