--------------------
id : 5791915815
corr_coef : 0.16907964624129507
explain variance ratio : 0.3088201589012089
Weight :
Term_Premium : 0.4701325796659604
Stock_Prices_mom%_change : 0.029374125115398053
Stock_Market_Volatility : 0.08833497757227014
Current_Account_Balance_change_yryr% : 0.2662067459981154
One-Day_Repo_Rate_AVG : 0.6268183857604276
Policy_Rate_&_Fed_Funds_Rate_Differential_EOP : 0.4770528438724547
Portfolio_Flows : 0.2810030495539707
--------------------

