--------------------
id : 5859346299
corr_coef : 0.08712611709129153
explain variance ratio : 0.5365757743435736
Weight :
Term_Premium : 0.4804642210354727
Stock_Prices_mom24mma%_change : 0.09625332291799815
REER : 0.4764111797356548
One-Day_Repo_Rate_AVG : 0.4746741547361317
Broad_Money_mo12m%_change : 0.3881988528627934
Foreign_Exchange_Reserve_change_yryr% : 0.3961160378177735
--------------------

