--------------------
id : 5884212982
corr_coef : -0.04213779459989561
explain variance ratio : 0.42939702340875874
Weight :
Term_Premium : 0.6264904927568676
Stock_Prices_mom24mma%_change : 0.09351092386393643
REER : 0.5407567775232555
Current_Account_Balance_change_yryr% : 0.14879089431288717
Broad_Money_mo12m%_change : 0.5331123211253007
--------------------

