--------------------
id : 5942852044
corr_coef : -0.2385609033488438
explain variance ratio : 0.34849705026822697
Weight :
Term_Premium : 0.48035990424481734
Stock_Prices_mom24mma%_change : 0.3355046533774373
Current_Account_Balance_change_yryr% : 0.24840172825653534
REER : 0.4756546034526724
Portfolio_Flows : 0.1400746930204559
Foreign_Exchange_Reserve_change_yryr% : 0.5908632243968711
--------------------

