--------------------
id : 5946456574
corr_coef : -0.21808412674986827
explain variance ratio : 0.3341321665464287
Weight :
Term_Premium : -0.5359406538977977
Stock_Prices_mom24mma%_change : -0.33172148420660497
Stock_Market_Volatility : -0.006205456467091114
Current_Account_Balance_change_yryr% : -0.26099113162438536
One-Day_Repo_Rate_AVG : -0.5436786311051499
Portfolio_Flows : -0.16774714289647089
Foreign_Exchange_Reserve_change_yryr% : -0.4591819204504113
--------------------

