--------------------
id : 5956624799
corr_coef : 0.03596744276763733
explain variance ratio : 0.3434004532902278
Weight :
Term_Premium : 0.49105017578623245
Stock_Market_Volatility : 0.012970334606518974
Current_Account_Balance_change_yryr% : 0.24071937012434863
One-Day_Repo_Rate_EOP : 0.5985060385289486
Policy_Rate_&_Fed_Funds_Rate_Differential_AVG : 0.3701844908245142
Portfolio_Flows : 0.223048030586519
Foreign_Exchange_Reserve_change_yryr% : 0.39466342720892866
--------------------

