--------------------
id : 5967115455
corr_coef : 0.7176109081093572
explain variance ratio : 0.308784602891502
Weight :
Risk_Premium : -0.38935981871300235
Stock_Prices_mom%_change : -0.5394977898538189
Stock_Prices_mom24mma%_change : -0.6554833028195111
Current_Account_Balance_change_yryr% : -0.11539278662114717
Bank_Lending_mo12m%_change : -0.3381822154331213
--------------------

