--------------------
id : 5969603418
corr_coef : 0.08316399850070029
explain variance ratio : 0.34022604683842134
Weight :
Term_Premium : -0.4903392210993674
Stock_Prices_mom24mma%_change : -0.1479263822129836
Current_Account_Balance_change_yryr% : -0.2536854721546977
Policy_Rate_&_Fed_Funds_Rate_Differential_EOP : -0.3621337850882574
REER : -0.3486167537566739
One-Day_Repo_Rate_EOP : -0.6127057749637543
Portfolio_Flows : -0.21271113966731559
--------------------

