--------------------
id : 5975207253
corr_coef : 0.16039067098370796
explain variance ratio : 0.46999781998168033
Weight :
Term_Premium : 0.5254053014644806
Stock_Prices_mom24mma%_change : 0.05142072418010035
One-Day_Repo_Rate_AVG : 0.5284348918590825
REER : 0.4750601722821593
Portfolio_Flows : 0.02176551288486682
Broad_Money_mo12m%_change : 0.4646566889046102
--------------------

