--------------------
id : 6026347779
corr_coef : 0.4668934839783622
explain variance ratio : 0.3601283157881477
Weight :
Term_Premium : -0.536443801072882
Stock_Prices_mom24mma%_change : -0.49642724874820787
Current_Account_Balance_change_yryr% : -0.3297427954487371
Portfolio_Flows : -0.18925323315429676
Foreign_Exchange_Reserve_change_yryr% : -0.5667812078580774
--------------------

