--------------------
id : 6031950721
corr_coef : 0.6445170003834897
explain variance ratio : 0.25277163784816753
Weight :
Term_Premium : -0.13510758854703708
Stock_Prices_mom24mma%_change : -0.5806856299594968
Stock_Market_Volatility : -0.6098875529249508
One-Day_Repo_Rate_EOP : -0.12447960215007793
Current_Account_Balance_change_yryr% : -0.21791185159414767
Bank_Lending_mo12m%_change : -0.45782809551853654
--------------------

