--------------------
id : 6106599222
corr_coef : -0.08155261398048419
explain variance ratio : 0.4637089418376336
Weight :
Term_Premium : 0.4744312488619235
Stock_Prices_mom24mma%_change : 0.10200556273689375
REER : 0.4771934794456221
One-Day_Repo_Rate_EOP : 0.48017187951002277
Broad_Money_mo12m%_change : 0.3799081279735839
Portfolio_Flows : 0.04487528003525302
Foreign_Exchange_Reserve_change_yryr% : 0.399859010299634
--------------------

