--------------------
id : 6135428003
corr_coef : -0.05966460060192149
explain variance ratio : 0.35320477310179454
Weight :
Term_Premium : 0.4975620431138977
Stock_Prices_mom24mma%_change : 0.22726592767762
Current_Account_Balance_change_yryr% : 0.24566668507179007
One-Day_Repo_Rate_AVG : 0.5736569532049995
Policy_Rate_&_Fed_Funds_Rate_Differential_EOP : 0.3102790199484339
Portfolio_Flows : 0.21237632077219848
Foreign_Exchange_Reserve_change_yryr% : 0.4122754169358796
--------------------

