--------------------
id : 6204156978
corr_coef : 0.7870441884995671
explain variance ratio : 0.2679276579749552
Weight :
Risk_Premium : -0.4236084616303549
Stock_Prices_mom24mma%_change : -0.7750758470692651
One-Day_Repo_Rate_EOP : -0.011778574258137395
Bank_Lending_mo12m%_change : -0.2504579324703355
Foreign_Exchange_Reserve_change_yryr% : -0.3961633397680247
--------------------

