--------------------
id : 6219749650
corr_coef : -0.05201610288592604
explain variance ratio : 0.3385776881633143
Weight :
Term_Premium : 0.517043060258725
Stock_Prices_mom%_change : 0.04185813650154735
Stock_Prices_mom24mma%_change : 0.23307784742395185
One-Day_Repo_Rate_AVG : 0.5915316457104607
Policy_Rate_&_Fed_Funds_Rate_Differential_AVG : 0.31286450293439694
Portfolio_Flows : 0.21218802174080545
Foreign_Exchange_Reserve_change_yryr% : 0.4286857189638318
--------------------

