--------------------
id : 6228850285
corr_coef : 0.053501248555553584
explain variance ratio : 0.3414237756486388
Weight :
Term_Premium : 0.49009355344442074
Stock_Market_Volatility : 0.016722590084034206
Current_Account_Balance_change_yryr% : 0.23955798304787584
Policy_Rate_&_Fed_Funds_Rate_Differential_AVG : 0.37861190489898805
One-Day_Repo_Rate_AVG : 0.5973383325737676
Portfolio_Flows : 0.22597916830304293
Foreign_Exchange_Reserve_change_yryr% : 0.3884765038080821
--------------------

