--------------------
id : 6265198806
corr_coef : -0.06301170273950746
explain variance ratio : 0.35166345602100807
Weight :
Term_Premium : 0.5001928541201937
Stock_Prices_mom24mma%_change : 0.22863429748005482
Current_Account_Balance_change_yryr% : 0.24618836881731643
One-Day_Repo_Rate_AVG : 0.575601849012146
Policy_Rate_&_Fed_Funds_Rate_Differential_AVG : 0.30107449861429797
Portfolio_Flows : 0.21144710087248456
Foreign_Exchange_Reserve_change_yryr% : 0.41261548079602456
--------------------

