--------------------
id : 6288661338
corr_coef : 0.6422291544114634
explain variance ratio : 0.2536417482827547
Weight :
Term_Premium : -0.09604037194475143
Stock_Prices_mom24mma%_change : -0.5822673743717959
Stock_Market_Volatility : -0.6079218044816719
One-Day_Repo_Rate_AVG : -0.05881929925453321
Bank_Lending_mo12m%_change : -0.4955995371346221
Foreign_Exchange_Reserve_change_yryr% : -0.18191597005703394
--------------------

