--------------------
id : 6302653078
corr_coef : 0.08314550300712968
explain variance ratio : 0.3299214274005545
Weight :
Term_Premium : 0.5554346927329197
Stock_Prices_mom%_change : 0.017650053875705795
Stock_Prices_mom24mma%_change : 0.23997574415894632
Stock_Market_Volatility : 0.0040410859582102636
Policy_Rate_&_Fed_Funds_Rate_Differential_AVG : 0.2830018739572744
One-Day_Repo_Rate_AVG : 0.5982453078486508
Foreign_Exchange_Reserve_change_yryr% : 0.44225397739336814
--------------------

