--------------------
id : 6397367562
corr_coef : 0.15979284518232653
explain variance ratio : 0.5638275340407112
Weight :
Term_Premium : 0.5266910948017883
Stock_Prices_mom24mma%_change : 0.05039997493585069
REER : 0.4745258310860346
One-Day_Repo_Rate_AVG : 0.5271263905669163
Broad_Money_mo12m%_change : 0.46585334299858966
--------------------

