--------------------
id : 6432416381
corr_coef : -0.3940087253343795
explain variance ratio : 0.4419618088578826
Weight :
Risk_Premium : -0.2507185924804545
Stock_Prices_mom%_change : -0.0600173751953863
Current_Account_Balance_over_GDP : -0.5207954718226465
Foreign_Exchange_Reserve_over_GDP : -0.4909786081891359
Bank_Lending_mo12m%_change : -0.5450361502051693
Velocity_of_Money_mo12m%_change : -0.35240002817606386
--------------------

