--------------------
id : 6473352947
corr_coef : 0.10827826399878522
explain variance ratio : 0.3719353079026772
Weight :
Term_Premium : 0.5432532748204429
Stock_Prices_mom24mma%_change : 0.09849543005134531
Current_Account_Balance_change_yryr% : 0.1194381424815672
One-Day_Repo_Rate_AVG : 0.532494361977996
Broad_Money_mo12m%_change : 0.48649485617603544
Portfolio_Flows : 0.046276699211122374
Foreign_Exchange_Reserve_change_yryr% : 0.39817086315104255
--------------------

