--------------------
id : 6479995537
corr_coef : 0.547245243956157
explain variance ratio : 0.2624012810910109
Weight :
Term_Premium : -0.18380842128528416
Stock_Prices_mom%_change : -0.5331162669928933
Stock_Prices_mom24mma%_change : -0.6250527465290122
Current_Account_Balance_change_yryr% : -0.3113991285463576
Portfolio_Flows : -0.3906782804269212
Bank_Lending_mo12m%_change : -0.20423427266730976
--------------------

