--------------------
id : 6512578901
corr_coef : -0.11503971090350214
explain variance ratio : 0.4651359808156575
Weight :
Term_Premium : 0.4672410217077541
Stock_Prices_mom24mma%_change : 0.06499568424850909
REER : 0.47717609139601486
Policy_Rate_&_Fed_Funds_Rate_Differential_AVG : 0.13168982004197552
One-Day_Repo_Rate_AVG : 0.4878801402020581
Broad_Money_mo12m%_change : 0.3805331076586102
Foreign_Exchange_Reserve_change_yryr% : 0.38676825171153334
--------------------

