--------------------
id : 6524481874
corr_coef : -0.049916277816646794
explain variance ratio : 0.3890596793649068
Weight :
Term_Premium : 0.47625913228720246
Stock_Prices_mom24mma%_change : 0.19318833268027247
One-Day_Repo_Rate_EOP : 0.5366505619687276
Current_Account_Balance_change_yryr% : 0.20398453416422213
Policy_Rate_&_Fed_Funds_Rate_Differential_AVG : 0.22422303321106155
REER : 0.39361792864158235
Foreign_Exchange_Reserve_change_yryr% : 0.4483759012472156
--------------------

