--------------------
id : 6544740924
corr_coef : 0.08684452563891776
explain variance ratio : 0.31237833888658917
Weight :
Term_Premium : 0.4921426195112032
Stock_Prices_mom24mma%_change : 0.17576956765541707
Stock_Market_Volatility : 0.10086448977571004
Current_Account_Balance_change_yryr% : 0.27813029847243276
Policy_Rate_&_Fed_Funds_Rate_Differential_AVG : 0.4191347719882648
One-Day_Repo_Rate_AVG : 0.624427906348997
Portfolio_Flows : 0.27163656897360916
--------------------

