--------------------
id : 6580226059
corr_coef : -0.1095071534453219
explain variance ratio : 0.43185812588786454
Weight :
Term_Premium : 0.4876567429061578
Stock_Prices_mom24mma%_change : 0.248653935280034
REER : 0.4177301442522289
One-Day_Repo_Rate_EOP : 0.5188571987337265
Portfolio_Flows : 0.12645241980951732
Foreign_Exchange_Reserve_change_yryr% : 0.49057174908205914
--------------------

