--------------------
id : 6606773191
corr_coef : -0.008303892952474223
explain variance ratio : 0.38168793447891913
Weight :
Term_Premium : 0.4669956474537605
Stock_Prices_mom24mma%_change : 0.17699147754402578
Policy_Rate_&_Fed_Funds_Rate_Differential_AVG : 0.260231182024808
One-Day_Repo_Rate_AVG : 0.5408733865444638
REER : 0.3984025503426234
Portfolio_Flows : 0.1647948525698817
Foreign_Exchange_Reserve_change_yryr% : 0.45215357812681833
--------------------

