--------------------
id : 6686891314
corr_coef : 0.5513325845364961
explain variance ratio : 0.3466699284552139
Weight :
Risk_Premium : -0.3898700106413186
Stock_Prices_mom24mma%_change : -0.13849986419698634
Stock_Market_Volatility : -0.296183947890721
Current_Account_Balance_over_GDP : -0.5828415272052725
Foreign_Exchange_Reserve_over_GDP : -0.4840196344214564
Velocity_of_Money_mo12m%_change : -0.40879699007131365
--------------------

