--------------------
id : 6692434125
corr_coef : -0.19569783897246368
explain variance ratio : 0.3311062702206998
Weight :
Term_Premium : -0.587048112853516
Stock_Prices_mom24mma%_change : -0.3578927537110276
Stock_Market_Volatility : -0.06516617781959035
Current_Account_Balance_change_yryr% : -0.33161164298885304
One-Day_Repo_Rate_AVG : -0.610118912098061
Portfolio_Flows : -0.20206259089490244
--------------------

