--------------------
id : 6698221894
corr_coef : -0.03896118155491496
explain variance ratio : 0.3688162651785188
Weight :
Term_Premium : 0.540341169972401
Stock_Prices_mom24mma%_change : 0.1484338132217572
REER : 0.5371082493631825
Policy_Rate_&_Fed_Funds_Rate_Differential_AVG : 0.022544019000530824
Broad_Money_mo12m%_change : 0.40162359149634663
Portfolio_Flows : 0.01753796261069583
Foreign_Exchange_Reserve_change_yryr% : 0.4851764930617196
--------------------

