--------------------
id : 6739230143
corr_coef : -0.5962518331346949
explain variance ratio : 0.3031622707954476
Weight :
Risk_Premium : -0.39253006123753575
Stock_Prices_mom%_change : -0.20584337341222514
Stock_Prices_mom24mma%_change : -0.20373001986404232
Stock_Market_Volatility : -0.3325844286259346
Current_Account_Balance_over_GDP : -0.5542710447877373
Foreign_Exchange_Reserve_over_GDP : -0.4469514427879528
Velocity_of_Money_mo12m%_change : -0.3800636133446168
--------------------

