--------------------
id : 6810851659
corr_coef : -0.038455770071457784
explain variance ratio : 0.385738968418348
Weight :
Term_Premium : 0.4784607196735434
Stock_Prices_mom24mma%_change : 0.18798181565143346
Current_Account_Balance_change_yryr% : 0.20386023916930165
REER : 0.39514703873803636
One-Day_Repo_Rate_AVG : 0.5337974731574076
Policy_Rate_&_Fed_Funds_Rate_Differential_AVG : 0.23078778363919955
Foreign_Exchange_Reserve_change_yryr% : 0.44702936586977565
--------------------

