--------------------
id : 6831476371
corr_coef : 0.6357565446034011
explain variance ratio : 0.20899710930903814
Weight :
Term_Premium : -0.1665361528452739
Stock_Prices_mom24mma%_change : -0.7779784505326479
Stock_Market_Volatility : -0.169094793643012
REER : -0.3681669859580522
Bank_Lending_mo12m%_change : -0.08023818142420211
Velocity_of_Money_mo12m%_change : -0.4432122468495674
--------------------

