--------------------
id : 6839618993
corr_coef : 0.15130276735276188
explain variance ratio : 0.30945774408964133
Weight :
Term_Premium : 0.4736839580488461
Stock_Prices_mom%_change : 0.029449396778372217
Stock_Market_Volatility : 0.08474635764083883
Current_Account_Balance_change_yryr% : 0.2696843546945836
Policy_Rate_&_Fed_Funds_Rate_Differential_EOP : 0.47193913889434047
One-Day_Repo_Rate_EOP : 0.6277003414179677
Portfolio_Flows : 0.27948233428891484
--------------------

