--------------------
id : 6852683177
corr_coef : 0.3913261045591405
explain variance ratio : 0.39883280614722505
Weight :
Risk_Premium : -0.23603600520026732
Stock_Prices_mom24mma%_change : -0.06475140469049993
Stock_Market_Volatility : -0.2723765855512255
Current_Account_Balance_over_GDP : -0.4898029777201966
Foreign_Exchange_Reserve_over_GDP : -0.4732478816643988
Bank_Lending_mo12m%_change : -0.5376070980011928
Velocity_of_Money_mo12m%_change : -0.33617458139854334
--------------------

