--------------------
id : 6854426338
corr_coef : -0.06077896263216807
explain variance ratio : 0.41550684447648084
Weight :
Term_Premium : 0.5914821288568061
Stock_Prices_mom24mma%_change : 0.2592342407485707
REER : 0.4129868547447243
One-Day_Repo_Rate_AVG : 0.6264555096528693
Portfolio_Flows : 0.1412156220117167
--------------------

