--------------------
id : 6865759634
corr_coef : -0.3381002677091546
explain variance ratio : 0.32428595908335234
Weight :
Risk_Premium : -0.26216016393973046
Stock_Prices_mom%_change : -0.15438561095734715
Stock_Market_Volatility : -0.2984784329141363
Current_Account_Balance_over_GDP : -0.5562410909931543
Portfolio_Flows : -0.0025729705034022166
Foreign_Exchange_Reserve_over_GDP : -0.45834930421408554
Bank_Lending_mo12m%_change : -0.5466744008068599
--------------------

