--------------------
id : 6925740505
corr_coef : 0.11572264514481295
explain variance ratio : 0.46553519301885005
Weight :
Term_Premium : 0.4663430836820772
Stock_Prices_mom24mma%_change : 0.0646621152692417
One-Day_Repo_Rate_AVG : 0.48773837529231173
Policy_Rate_&_Fed_Funds_Rate_Differential_EOP : 0.13629350701282164
REER : 0.47765931266081946
Broad_Money_mo12m%_change : 0.3791501712784839
Foreign_Exchange_Reserve_change_yryr% : 0.3872531794731317
--------------------

