--------------------
id : 6946293841
corr_coef : 0.5962518331346951
explain variance ratio : 0.30316227079544766
Weight :
Risk_Premium : -0.3925300612375358
Stock_Prices_mom%_change : -0.20584337341222506
Stock_Prices_mom24mma%_change : -0.20373001986404257
Stock_Market_Volatility : -0.3325844286259343
Current_Account_Balance_over_GDP : -0.5542710447877378
Foreign_Exchange_Reserve_over_GDP : -0.4469514427879525
Velocity_of_Money_mo12m%_change : -0.38006361334461675
--------------------

