--------------------
id : 6947224426
corr_coef : -0.6700263187180932
explain variance ratio : 0.3067042157362458
Weight :
Risk_Premium : -0.24479796178044258
Stock_Prices_mom%_change : -0.479902400782439
Stock_Prices_mom24mma%_change : -0.7132140561349782
Current_Account_Balance_change_yryr% : -0.27226044250999426
Foreign_Exchange_Reserve_change_yryr% : -0.356325139734971
--------------------

