--------------------
id : 6955013904
corr_coef : 0.5833532260438262
explain variance ratio : 0.2402348266467327
Weight :
Term_Premium : -0.11121479564088428
Stock_Prices_mom%_change : -0.6300067838213483
Stock_Prices_mom24mma%_change : -0.6882788226766161
One-Day_Repo_Rate_EOP : -0.06439635411095278
Current_Account_Balance_over_GDP : -0.07547956934807601
Bank_Lending_mo12m%_change : -0.3273391635792665
--------------------

