--------------------
id : 7023301083
corr_coef : 0.10067212996904601
explain variance ratio : 0.3007734506538388
Weight :
Term_Premium : 0.49206452187265887
Stock_Prices_mom%_change : 0.11009976148493328
Stock_Prices_mom24mma%_change : 0.19699789769719775
Stock_Market_Volatility : 0.15084648222169336
One-Day_Repo_Rate_AVG : 0.6323619171089525
Policy_Rate_&_Fed_Funds_Rate_Differential_EOP : 0.44372535144595737
Portfolio_Flows : 0.29565847563340525
--------------------

