--------------------
id : 7153196816
corr_coef : 0.07033825670669583
explain variance ratio : 0.3124623993442592
Weight :
Term_Premium : 0.5030091278907427
Stock_Prices_mom%_change : 0.06002915302421963
Stock_Prices_mom24mma%_change : 0.18500671050054013
Current_Account_Balance_change_yryr% : 0.28265493934197616
Policy_Rate_&_Fed_Funds_Rate_Differential_EOP : 0.40773490198778384
One-Day_Repo_Rate_AVG : 0.628037297849265
Portfolio_Flows : 0.26187482237196696
--------------------

