--------------------
id : 7172310126
corr_coef : -0.1991138553342038
explain variance ratio : 0.30155817813708163
Weight :
Term_Premium : 0.47803538454437877
Stock_Prices_mom24mma%_change : 0.2932365877033615
Current_Account_Balance_change_yryr% : 0.25315182370432554
Policy_Rate_&_Fed_Funds_Rate_Differential_EOP : 0.14421863113470135
REER : 0.47829433860256987
Portfolio_Flows : 0.1757695244183673
Foreign_Exchange_Reserve_change_yryr% : 0.5839085675778998
--------------------

