--------------------
id : 7173590418
corr_coef : 0.5964901177589723
explain variance ratio : 0.3506108139190442
Weight :
Risk_Premium : -0.13445907086739758
Stock_Prices_mom24mma%_change : -0.6813386682430385
Current_Account_Balance_change_yryr% : -0.41464123171193207
Foreign_Exchange_Reserve_change_yryr% : -0.5880229811688402
--------------------

