--------------------
id : 7224573067
corr_coef : 0.1532004682451833
explain variance ratio : 0.47194985614468427
Weight :
Term_Premium : 0.5242123716132318
Stock_Prices_mom24mma%_change : 0.05782501159800468
REER : 0.4783555684028059
One-Day_Repo_Rate_EOP : 0.5304593863999109
Broad_Money_mo12m%_change : 0.45944504780885637
Portfolio_Flows : 0.023594386694703498
--------------------

