--------------------
id : 7241308293
corr_coef : 0.007149443788947388
explain variance ratio : 0.27565360340227424
Weight :
Term_Premium : -0.35064816656394415
Stock_Market_Volatility : -0.3663334838344873
REER : -0.3506920663889551
Portfolio_Flows : -0.7873123373089466
--------------------

