--------------------
id : 7242066992
corr_coef : -0.6665300860733907
explain variance ratio : 0.43964421203894727
Weight :
Risk_Premium : -0.4391569020168474
Stock_Prices_mom24mma%_change : -0.21397014784231305
Current_Account_Balance_over_GDP : -0.5577893054376206
Bank_Lending_mo12m%_change : -0.5283361727638651
Velocity_of_Money_mo12m%_change : -0.4136302340641354
--------------------

