--------------------
id : 7276040904
corr_coef : 0.5830060634110871
explain variance ratio : 0.31323010367994375
Weight :
Term_Premium : -0.35032898014160924
Stock_Prices_mom%_change : -0.4752397497674809
Stock_Prices_mom24mma%_change : -0.6322037143331276
Current_Account_Balance_change_yryr% : -0.37689639050782314
Portfolio_Flows : -0.33118629246913955
--------------------

