--------------------
id : 7284133621
corr_coef : -0.10814411852365853
explain variance ratio : 0.46846094373226205
Weight :
Term_Premium : 0.4641666413679662
Stock_Prices_mom24mma%_change : 0.0699601304383295
REER : 0.478507953999873
One-Day_Repo_Rate_EOP : 0.49072676644805185
Policy_Rate_&_Fed_Funds_Rate_Differential_EOP : 0.13282203129595554
Broad_Money_mo12m%_change : 0.3741574237238089
Foreign_Exchange_Reserve_change_yryr% : 0.3901753684118299
--------------------

