--------------------
id : 7292461804
corr_coef : 0.18821103533070954
explain variance ratio : 0.41551938479258266
Weight :
Term_Premium : 0.49478294003182044
Stock_Prices_mom24mma%_change : 0.016698170625354614
One-Day_Repo_Rate_EOP : 0.540346727611714
Current_Account_Balance_change_yryr% : 0.11638584810311796
Policy_Rate_&_Fed_Funds_Rate_Differential_AVG : 0.16881215097340946
REER : 0.47833770060961844
Broad_Money_mo12m%_change : 0.4382764692874783
--------------------

