--------------------
id : 7310201977
corr_coef : -0.04151137132148079
explain variance ratio : 0.43017127035054925
Weight :
Term_Premium : 0.5413587284231701
Stock_Prices_mom24mma%_change : 0.15499692849696423
REER : 0.5346934678409156
Portfolio_Flows : 0.013174500781552231
Broad_Money_mo12m%_change : 0.4019228590686116
Foreign_Exchange_Reserve_change_yryr% : 0.4850711521540739
--------------------

