--------------------
id : 7369131119
corr_coef : -0.18285008896992047
explain variance ratio : 0.46995444775784845
Weight :
Term_Premium : 0.6445788944881253
Stock_Prices_mom24mma%_change : 0.36284399166581616
One-Day_Repo_Rate_EOP : 0.6519773384520395
Portfolio_Flows : 0.16669684051438557
--------------------

