--------------------
id : 7400058190
corr_coef : 0.6703582437089624
explain variance ratio : 0.20392811211874404
Weight :
Risk_Premium : -0.3156676437969554
Stock_Prices_mom24mma%_change : -0.6875588344844006
REER : -0.3434801174084828
One-Day_Repo_Rate_EOP : -0.09635175066040556
Current_Account_Balance_change_yryr% : -0.4118530678891287
Portfolio_Flows : -0.14783609901413064
Velocity_of_Money_mo12m%_change : -0.329963748267075
--------------------

