--------------------
id : 7451185227
corr_coef : -0.596251833134696
explain variance ratio : 0.30316227079544794
Weight :
Risk_Premium : -0.3925300612375365
Stock_Prices_mom%_change : -0.20584337341222603
Stock_Prices_mom24mma%_change : -0.20373001986404277
Stock_Market_Volatility : -0.33258442862593424
Current_Account_Balance_over_GDP : -0.5542710447877375
Velocity_of_Money_mo12m%_change : -0.38006361334461625
Foreign_Exchange_Reserve_over_GDP : -0.44695144278795185
--------------------

