--------------------
id : 7456609635
corr_coef : 0.08740939129313444
explain variance ratio : 0.46051812539520204
Weight :
Term_Premium : 0.4774722497583791
Stock_Prices_mom24mma%_change : 0.09791286302961688
One-Day_Repo_Rate_AVG : 0.4761306112725353
REER : 0.4766589687755807
Portfolio_Flows : 0.043559213242999245
Broad_Money_mo12m%_change : 0.385438317998517
Foreign_Exchange_Reserve_change_yryr% : 0.39757903417959845
--------------------

