--------------------
id : 7460840885
corr_coef : 0.19795319941077613
explain variance ratio : 0.4143300014766482
Weight :
Term_Premium : 0.49412300246662016
Stock_Prices_mom24mma%_change : 0.009395254777642803
Current_Account_Balance_change_yryr% : 0.11478349557169071
Policy_Rate_&_Fed_Funds_Rate_Differential_EOP : 0.1759690071283416
REER : 0.47571953680781254
One-Day_Repo_Rate_AVG : 0.5393153225706572
Broad_Money_mo12m%_change : 0.44095776491123734
--------------------

