--------------------
id : 7604725675
corr_coef : 0.5253068007340145
explain variance ratio : 0.24205523015939975
Weight :
Risk_Premium : -0.14780528782927932
Stock_Prices_mom24mma%_change : -0.6265402525962059
Current_Account_Balance_change_yryr% : -0.37661621467224454
Broad_Money_mo12m%_change : -0.0983573835501496
Portfolio_Flows : -0.2773373185403739
Foreign_Exchange_Reserve_change_yryr% : -0.5976378271648638
--------------------

