--------------------
id : 7607386831
corr_coef : -0.04169210533183128
explain variance ratio : 0.3730033221459165
Weight :
Term_Premium : 0.5314963279358439
Stock_Prices_mom24mma%_change : 0.15283719349589775
Current_Account_Balance_change_yryr% : 0.13504111660227047
Policy_Rate_&_Fed_Funds_Rate_Differential_AVG : 0.017404297189429728
REER : 0.5357479340769993
Broad_Money_mo12m%_change : 0.3960633853434193
Foreign_Exchange_Reserve_change_yryr% : 0.48137446843772647
--------------------

