--------------------
id : 7662348011
corr_coef : 0.15971337223110352
explain variance ratio : 0.40683278984479043
Weight :
Term_Premium : 0.517027674686286
Stock_Prices_mom24mma%_change : 0.057018718197068274
Current_Account_Balance_change_yryr% : 0.12254400679925392
One-Day_Repo_Rate_AVG : 0.5263230057150501
REER : 0.47633861995024657
Portfolio_Flows : 0.03138889439598168
Broad_Money_mo12m%_change : 0.45772761101861364
--------------------

