--------------------
id : 7682469922
corr_coef : 0.15320046824518332
explain variance ratio : 0.4719498561446844
Weight :
Term_Premium : 0.5242123716132316
Stock_Prices_mom24mma%_change : 0.05782501159800435
One-Day_Repo_Rate_EOP : 0.5304593863999107
REER : 0.47835556840280546
Portfolio_Flows : 0.02359438669470361
Broad_Money_mo12m%_change : 0.4594450478088564
--------------------

