--------------------
id : 7722738217
corr_coef : 0.685962574459898
explain variance ratio : 0.26473064308579214
Weight :
Term_Premium : -0.5614683980753306
Stock_Prices_mom24mma%_change : -0.7417308574838289
Stock_Market_Volatility : -0.3533188169569069
REER : -0.08590205830189634
Bank_Lending_mo12m%_change : -0.04873625942453955
--------------------

