--------------------
id : 7742170315
corr_coef : 0.2530005260772753
explain variance ratio : 0.22343295889370385
Weight :
Risk_Premium : -0.04695093204208896
Stock_Prices_mom%_change : -0.23632268448143898
Stock_Prices_mom24mma%_change : -0.09860064938238557
Policy_Rate_&_Fed_Funds_Rate_Differential_AVG : -0.03754278428298349
Foreign_Exchange_Reserve_over_GDP : -0.6050570880965264
Portfolio_Flows : -0.24111299879497208
Bank_Lending_mo12m%_change : -0.7117486157526176
--------------------

