--------------------
id : 7742375933
corr_coef : 0.17930006031249096
explain variance ratio : 0.3858926147606599
Weight :
Term_Premium : 0.5776619490919004
Stock_Prices_mom24mma%_change : 0.022059974253128667
Current_Account_Balance_change_yryr% : 0.11117410694546394
One-Day_Repo_Rate_AVG : 0.5695881864398904
Broad_Money_mo12m%_change : 0.573545655386817
Portfolio_Flows : 0.008661818931328585
--------------------

