--------------------
id : 7750408135
corr_coef : -0.23101401545831868
explain variance ratio : 0.33538277253203774
Weight :
Term_Premium : -0.5275391531809521
Stock_Prices_mom%_change : -0.08377642629920656
Stock_Prices_mom24mma%_change : -0.34730799423174075
Current_Account_Balance_change_yryr% : -0.26053383447363376
One-Day_Repo_Rate_AVG : -0.5378545635266654
Portfolio_Flows : -0.17654785626458439
Foreign_Exchange_Reserve_change_yryr% : -0.45357089130230577
--------------------

