--------------------
id : 7891086955
corr_coef : 0.744068297220804
explain variance ratio : 0.2088663013562729
Weight :
Term_Premium : -0.049114330036923594
Stock_Prices_mom24mma%_change : -0.7086942949740682
Current_Account_Balance_over_GDP : -0.2239187857746117
Current_Account_Balance_change_yryr% : -0.14843841989372045
Bank_Lending_mo12m%_change : -0.5944600459594689
Foreign_Exchange_Reserve_change_yryr% : -0.26416632164372855
--------------------

