--------------------
id : 7892616451
corr_coef : -0.07220008662165221
explain variance ratio : 0.34135604029705685
Weight :
Term_Premium : 0.5159218199544917
Stock_Prices_mom%_change : 0.04459760900352283
Stock_Prices_mom24mma%_change : 0.24242322638956068
One-Day_Repo_Rate_EOP : 0.592118475403057
Policy_Rate_&_Fed_Funds_Rate_Differential_AVG : 0.3014866334426363
Portfolio_Flows : 0.2091742790214143
Foreign_Exchange_Reserve_change_yryr% : 0.43337553023970476
--------------------

