--------------------
id : 7899868838
corr_coef : 0.17894678302937586
explain variance ratio : 0.46305214726327865
Weight :
Term_Premium : 0.5782137717556645
Stock_Prices_mom24mma%_change : 0.021439873619557903
Current_Account_Balance_change_yryr% : 0.11019560646587359
One-Day_Repo_Rate_AVG : 0.5688040815506441
Broad_Money_mo12m%_change : 0.5740453040468241
--------------------

