--------------------
id : 7902039260
corr_coef : -0.21534435421478412
explain variance ratio : 0.40408371494814654
Weight :
Term_Premium : 0.4912102638251591
Stock_Prices_mom24mma%_change : 0.32960567027776444
REER : 0.5033595526626757
Portfolio_Flows : 0.11940005349032115
Foreign_Exchange_Reserve_change_yryr% : 0.6184216739436801
--------------------

