--------------------
id : 7903382636
corr_coef : -0.08129155603332555
explain variance ratio : 0.5402481701187771
Weight :
Term_Premium : 0.4775431671107461
Stock_Prices_mom24mma%_change : 0.10032666210365343
REER : 0.47699392624177406
One-Day_Repo_Rate_EOP : 0.4786642969719119
Broad_Money_mo12m%_change : 0.38276904932622136
Foreign_Exchange_Reserve_change_yryr% : 0.39841212886622906
--------------------

