--------------------
id : 7904561010
corr_coef : 0.7660084813428134
explain variance ratio : 0.2195146192548787
Weight :
Term_Premium : -0.09488427949614736
Risk_Premium : -0.5274638939567534
Stock_Prices_mom%_change : -0.4782577148026809
Stock_Prices_mom24mma%_change : -0.6420491958759927
Current_Account_Balance_over_GDP : -0.2358530762850868
Current_Account_Balance_change_yryr% : -0.06337409540222559
Foreign_Exchange_Reserve_change_yryr% : -0.11035512141262535
--------------------

