--------------------
id : 7923754218
corr_coef : 0.053501248555553015
explain variance ratio : 0.34142377564863874
Weight :
Term_Premium : 0.49009355344442107
Stock_Market_Volatility : 0.01672259008403365
Current_Account_Balance_change_yryr% : 0.23955798304787598
One-Day_Repo_Rate_AVG : 0.5973383325737673
Policy_Rate_&_Fed_Funds_Rate_Differential_AVG : 0.37861190489898794
Portfolio_Flows : 0.22597916830304302
Foreign_Exchange_Reserve_change_yryr% : 0.3884765038080825
--------------------

