--------------------
id : 7946847216
corr_coef : 0.13157192237168977
explain variance ratio : 0.22295817738744117
Weight :
Term_Premium : -0.22955829940776976
Stock_Prices_mom%_change : -0.7906257906023337
Stock_Market_Volatility : -0.4780674215668526
REER : -0.12962704160383623
Broad_Money_mo12m%_change : -0.27724035948776854
--------------------

