--------------------
id : 7967783720
corr_coef : -0.07346074730100394
explain variance ratio : 0.4193350115118237
Weight :
Term_Premium : 0.588225925721303
Stock_Prices_mom24mma%_change : 0.26582088870132037
One-Day_Repo_Rate_EOP : 0.6277584377041606
REER : 0.41155009371497525
Portfolio_Flows : 0.14098006842735727
--------------------

