--------------------
id : 7984312547
corr_coef : 0.058735927179234294
explain variance ratio : 0.31493228868891193
Weight :
Term_Premium : 0.49411442308688136
Stock_Prices_mom24mma%_change : 0.19019827116049814
Stock_Market_Volatility : 0.09814679605612765
One-Day_Repo_Rate_EOP : 0.6227430167168372
Current_Account_Balance_change_yryr% : 0.2817054140626379
Policy_Rate_&_Fed_Funds_Rate_Differential_EOP : 0.41276516559904214
Portfolio_Flows : 0.2692598630602045
--------------------

