--------------------
id : 8006771165
corr_coef : 0.10814411852365839
explain variance ratio : 0.46846094373226227
Weight :
Term_Premium : 0.4641666413679663
Stock_Prices_mom24mma%_change : 0.0699601304383295
One-Day_Repo_Rate_EOP : 0.4907267664480519
Policy_Rate_&_Fed_Funds_Rate_Differential_EOP : 0.13282203129595538
REER : 0.4785079539998729
Broad_Money_mo12m%_change : 0.374157423723809
Foreign_Exchange_Reserve_change_yryr% : 0.3901753684118299
--------------------

