--------------------
id : 8029275931
corr_coef : -0.22585966950402603
explain variance ratio : 0.3805109047437787
Weight :
Term_Premium : 0.6105478767750359
Stock_Prices_mom%_change : 0.17042253959399922
Stock_Prices_mom24mma%_change : 0.4080608522320072
One-Day_Repo_Rate_EOP : 0.6268711710554296
Portfolio_Flows : 0.1967392282670393
--------------------

