--------------------
id : 8055247296
corr_coef : -0.6188187386762755
explain variance ratio : 0.45368644769033334
Weight :
Risk_Premium : -0.5178961113745333
Stock_Prices_mom24mma%_change : -0.1620829787029252
Current_Account_Balance_over_GDP : -0.6552686004474484
Bank_Lending_mo12m%_change : -0.5254862387404322
--------------------

