--------------------
id : 8096300536
corr_coef : -0.6945922488232039
explain variance ratio : 0.3100677307145335
Weight :
Risk_Premium : 0.28098686741661344
Stock_Prices_mom24mma%_change : 0.7388204301974544
Current_Account_Balance_change_yryr% : 0.5551956998259935
Portfolio_Flows : 0.25874405723991584
--------------------

