--------------------
id : 8129908673
corr_coef : 0.45550111798552007
explain variance ratio : 0.23868838443053703
Weight :
Term_Premium : -0.30859991746454263
Stock_Prices_mom24mma%_change : -0.4638162139262
Stock_Market_Volatility : -0.4217341622978843
Policy_Rate_&_Fed_Funds_Rate_Differential_EOP : -0.27984516476982835
Portfolio_Flows : -0.4570631248779837
Bank_Lending_mo12m%_change : -0.23332105759931934
Foreign_Exchange_Reserve_change_yryr% : -0.41245869454213274
--------------------

