--------------------
id : 8133055625
corr_coef : -0.23029522620372625
explain variance ratio : 0.32162048554775985
Weight :
Term_Premium : 0.5475781165306582
Stock_Prices_mom%_change : 0.09756324639584968
Stock_Prices_mom24mma%_change : 0.36269519890396695
Stock_Market_Volatility : 0.0348611087547568
One-Day_Repo_Rate_AVG : 0.5501650940967139
Portfolio_Flows : 0.1736373713116121
Foreign_Exchange_Reserve_change_yryr% : 0.4743890255469524
--------------------

