--------------------
id : 8154354753
corr_coef : 0.1959141237920997
explain variance ratio : 0.4128299206744571
Weight :
Term_Premium : 0.4946013172278474
Stock_Prices_mom24mma%_change : 0.010767567097712094
One-Day_Repo_Rate_EOP : 0.5457974043635878
Policy_Rate_&_Fed_Funds_Rate_Differential_EOP : 0.1853989347983336
REER : 0.47852094640794274
Portfolio_Flows : 0.05662325274306751
Broad_Money_mo12m%_change : 0.4368037728300087
--------------------

