--------------------
id : 8167376260
corr_coef : 0.1707768165122353
explain variance ratio : 0.3858981245398308
Weight :
Term_Premium : 0.5796557880232905
Stock_Prices_mom24mma%_change : 0.03214400573455223
One-Day_Repo_Rate_EOP : 0.5699147919968026
Current_Account_Balance_change_yryr% : 0.11493958122166513
Portfolio_Flows : 0.011351999360726492
Broad_Money_mo12m%_change : 0.5699325266632702
--------------------

