--------------------
id : 8169039121
corr_coef : 0.04036181016703621
explain variance ratio : 0.373104478285577
Weight :
Term_Premium : 0.5309662645036549
Stock_Prices_mom24mma%_change : 0.14981362730773115
REER : 0.5368820122107016
Policy_Rate_&_Fed_Funds_Rate_Differential_EOP : 0.02814703430603452
Current_Account_Balance_change_yryr% : 0.13498820303667464
Broad_Money_mo12m%_change : 0.39571356802783536
Foreign_Exchange_Reserve_change_yryr% : 0.4814406604929702
--------------------

