--------------------
id : 8217444192
corr_coef : -0.038455770071457104
explain variance ratio : 0.3857389684183478
Weight :
Term_Premium : 0.4784607196735437
Stock_Prices_mom24mma%_change : 0.18798181565143302
Current_Account_Balance_change_yryr% : 0.2038602391693015
Policy_Rate_&_Fed_Funds_Rate_Differential_AVG : 0.23078778363919994
One-Day_Repo_Rate_AVG : 0.5337974731574084
REER : 0.39514703873803636
Foreign_Exchange_Reserve_change_yryr% : 0.44702936586977543
--------------------

