--------------------
id : 8232105280
corr_coef : -0.5774247905278049
explain variance ratio : 0.35862365087378645
Weight :
Term_Premium : -0.5552802785421674
Stock_Prices_mom24mma%_change : -0.6000378521355771
Current_Account_Balance_change_yryr% : -0.515983038937257
Portfolio_Flows : -0.255694919378014
--------------------

