--------------------
id : 8238346716
corr_coef : 0.20979994297837187
explain variance ratio : 0.44834231514432926
Weight :
Term_Premium : 0.5617899563882164
Stock_Prices_mom24mma%_change : 0.3367969649426813
One-Day_Repo_Rate_AVG : 0.5589838506830288
Portfolio_Flows : 0.15498158803662854
Foreign_Exchange_Reserve_change_yryr% : 0.48422888322769725
--------------------

