--------------------
id : 8263191027
corr_coef : 0.21536174673475791
explain variance ratio : 0.4535126677363405
Weight :
Term_Premium : 0.5569196704234407
Stock_Prices_mom24mma%_change : 0.33845388769464346
One-Day_Repo_Rate_EOP : 0.5630598800148602
Portfolio_Flows : 0.153807671290512
Foreign_Exchange_Reserve_change_yryr% : 0.48435133773911404
--------------------

