--------------------
id : 8272804790
corr_coef : 0.10016431157351684
explain variance ratio : 0.4323007975668302
Weight :
Term_Premium : 0.5495056178993781
Stock_Prices_mom24mma%_change : 0.10056186062935124
One-Day_Repo_Rate_EOP : 0.5357489999133558
Broad_Money_mo12m%_change : 0.48637633498164895
Portfolio_Flows : 0.03803328168773873
Foreign_Exchange_Reserve_change_yryr% : 0.40360305676432146
--------------------

