--------------------
id : 8332618766
corr_coef : 0.6903617379678713
explain variance ratio : 0.21399329944226522
Weight :
Term_Premium : -0.20832716894231385
Risk_Premium : -0.3932496678765717
Stock_Prices_mom%_change : -0.5440186790678339
Stock_Prices_mom24mma%_change : -0.7037492602715311
Current_Account_Balance_over_GDP : -0.07748693759266279
One-Day_Repo_Rate_AVG : -0.018294125448637576
Portfolio_Flows : -0.06630418059661898
--------------------

