--------------------
id : 8405419344
corr_coef : -0.043854151985073996
explain variance ratio : 0.31402593528142986
Weight :
Term_Premium : 0.5050546414870253
Stock_Prices_mom%_change : 0.06491238599133392
Stock_Prices_mom24mma%_change : 0.19877940358950186
One-Day_Repo_Rate_EOP : 0.6281018013164049
Policy_Rate_&_Fed_Funds_Rate_Differential_EOP : 0.3970050934620709
Current_Account_Balance_change_yryr% : 0.28548641724872137
Portfolio_Flows : 0.25993370016347395
--------------------

