--------------------
id : 8525105921
corr_coef : 0.00012043718234847413
explain variance ratio : 0.2808637274330811
Weight :
Term_Premium : -0.28814630769033767
Stock_Prices_mom%_change : -0.5062627049411286
REER : -0.3257644526882764
Portfolio_Flows : -0.7446793271703094
--------------------

