--------------------
id : 8531904538
corr_coef : -0.734290683072063
explain variance ratio : 0.3470554867679269
Weight :
Risk_Premium : -0.5572982590558658
Stock_Prices_mom%_change : -0.21769251656992827
Stock_Market_Volatility : -0.3204977063862889
Current_Account_Balance_over_GDP : -0.6322449044074581
Velocity_of_Money_mo12m%_change : -0.37359900927958056
--------------------

