--------------------
id : 8549557512
corr_coef : 0.721868176077176
explain variance ratio : 0.2168787800104409
Weight :
Term_Premium : -0.1497477939306742
Risk_Premium : -0.45433935655782154
Stock_Prices_mom%_change : -0.5195884594191327
Stock_Prices_mom24mma%_change : -0.6773941483395286
Current_Account_Balance_over_GDP : -0.1364812537766484
Current_Account_Balance_change_yryr% : -0.1491410577988874
Portfolio_Flows : -0.038028412739952014
--------------------

