--------------------
id : 8578495177
corr_coef : 0.7527885663332253
explain variance ratio : 0.288215199829211
Weight :
Term_Premium : -0.25875486746428844
Stock_Prices_mom24mma%_change : -0.8513849603357505
Current_Account_Balance_over_GDP : -0.06571702819990474
Bank_Lending_mo12m%_change : -0.4515205865541509
--------------------

