--------------------
id : 8614182445
corr_coef : 0.1955306288893345
explain variance ratio : 0.41259381341205975
Weight :
Term_Premium : 0.4952938187118791
Stock_Prices_mom24mma%_change : 0.010221507420972942
One-Day_Repo_Rate_EOP : 0.5457188553258472
Policy_Rate_&_Fed_Funds_Rate_Differential_AVG : 0.1829286422294587
REER : 0.47748968844359185
Portfolio_Flows : 0.05553947097387853
Broad_Money_mo12m%_change : 0.4384364963364304
--------------------

