--------------------
id : 8712750245
corr_coef : 0.6195061241741114
explain variance ratio : 0.29012028813222185
Weight :
Term_Premium : -0.3987054277649205
Stock_Prices_mom24mma%_change : -0.7359826685393355
Current_Account_Balance_change_yryr% : -0.5365263518104644
Velocity_of_Money_mo12m%_change : -0.10725188713241449
--------------------

