--------------------
id : 8779848443
corr_coef : -0.19699312273392627
explain variance ratio : 0.4003663956688939
Weight :
Term_Premium : -0.5927791972223839
Stock_Prices_mom24mma%_change : -0.3515123020369635
One-Day_Repo_Rate_EOP : -0.6170049441928884
Current_Account_Balance_change_yryr% : -0.3308967984857582
Portfolio_Flows : -0.18671939494992734
--------------------

