--------------------
id : 8812741545
corr_coef : -0.00545456922704786
explain variance ratio : 0.38313111473820993
Weight :
Term_Premium : 0.46497941563394135
Stock_Prices_mom24mma%_change : 0.17595988291803655
Policy_Rate_&_Fed_Funds_Rate_Differential_EOP : 0.26970513278619357
REER : 0.3970564565132339
One-Day_Repo_Rate_AVG : 0.5396200861554372
Portfolio_Flows : 0.16598464166921087
Foreign_Exchange_Reserve_change_yryr% : 0.45132785830000366
--------------------

