--------------------
id : 8841984012
corr_coef : 0.6677530029874663
explain variance ratio : 0.2849210310222848
Weight :
Term_Premium : -0.5013662196244046
Stock_Prices_mom24mma%_change : -0.6729177508249297
Stock_Market_Volatility : -0.31413234526822903
Current_Account_Balance_change_yryr% : -0.44038543795762447
Bank_Lending_mo12m%_change : -0.05652565908864009
--------------------

