--------------------
id : 8864477611
corr_coef : -0.1853891656033498
explain variance ratio : 0.39657220362652074
Weight :
Term_Premium : -0.5963850876725527
Stock_Prices_mom24mma%_change : -0.34646502524835876
Current_Account_Balance_change_yryr% : -0.3318237777145408
One-Day_Repo_Rate_AVG : -0.6154889162066748
Portfolio_Flows : -0.18802443471910846
--------------------

