--------------------
id : 8867853541
corr_coef : 0.053892200939162624
explain variance ratio : 0.3429408474926395
Weight :
Term_Premium : 0.4878229227900356
Stock_Market_Volatility : 0.01708156433412622
Current_Account_Balance_change_yryr% : 0.23941065121513266
One-Day_Repo_Rate_AVG : 0.5946572014168829
Policy_Rate_&_Fed_Funds_Rate_Differential_EOP : 0.38456214022021734
Portfolio_Flows : 0.22652930302880858
Foreign_Exchange_Reserve_change_yryr% : 0.3893569111070207
--------------------

