--------------------
id : 8917221957
corr_coef : 0.169079646241295
explain variance ratio : 0.30882015890120856
Weight :
Term_Premium : 0.4701325796659604
Stock_Prices_mom%_change : 0.029374125115397498
Stock_Market_Volatility : 0.0883349775722697
Current_Account_Balance_change_yryr% : 0.2662067459981158
Policy_Rate_&_Fed_Funds_Rate_Differential_EOP : 0.4770528438724547
One-Day_Repo_Rate_AVG : 0.6268183857604273
Portfolio_Flows : 0.28100304955397065
--------------------

