--------------------
id : 8934959740
corr_coef : 0.10131327231417699
explain variance ratio : 0.3328245480130528
Weight :
Term_Premium : 0.5530560948961206
Stock_Prices_mom%_change : 0.021140632393905397
Stock_Prices_mom24mma%_change : 0.24949961341229895
Stock_Market_Volatility : 0.0030537241107107937
Policy_Rate_&_Fed_Funds_Rate_Differential_AVG : 0.271542617408933
One-Day_Repo_Rate_EOP : 0.5984885841679697
Foreign_Exchange_Reserve_change_yryr% : 0.4466527384755776
--------------------

