--------------------
id : 8941224483
corr_coef : 0.16039067098370788
explain variance ratio : 0.46999781998168005
Weight :
Term_Premium : 0.5254053014644807
Stock_Prices_mom24mma%_change : 0.051420724180100796
REER : 0.4750601722821596
One-Day_Repo_Rate_AVG : 0.5284348918590822
Broad_Money_mo12m%_change : 0.4646566889046102
Portfolio_Flows : 0.021765512884866833
--------------------

