--------------------
id : 8950077166
corr_coef : -0.10331282453035547
explain variance ratio : 0.427515824400334
Weight :
Term_Premium : 0.490869104042599
Stock_Prices_mom24mma%_change : 0.24618933103356555
REER : 0.42063648513322477
One-Day_Repo_Rate_AVG : 0.5136847407805093
Portfolio_Flows : 0.12703622805584183
Foreign_Exchange_Reserve_change_yryr% : 0.4914194412180233
--------------------

