--------------------
id : 8980779006
corr_coef : -0.543511571971086
explain variance ratio : 0.3815488759041681
Weight :
Risk_Premium : -0.3552278926541123
Stock_Prices_mom%_change : -0.1471205323154211
Stock_Market_Volatility : -0.31875911800853746
Current_Account_Balance_over_GDP : -0.5562818576000119
Bank_Lending_mo12m%_change : -0.557209514747107
Velocity_of_Money_mo12m%_change : -0.3614268522378189
--------------------

