--------------------
id : 9002474074
corr_coef : -0.043745601670740146
explain variance ratio : 0.43509782829994414
Weight :
Term_Premium : 0.5319787358541216
Stock_Prices_mom24mma%_change : 0.15802498507090246
Current_Account_Balance_change_yryr% : 0.13518923289600393
REER : 0.5339617501157994
Broad_Money_mo12m%_change : 0.3960022320951969
Foreign_Exchange_Reserve_change_yryr% : 0.4814744869567616
--------------------

