--------------------
id : 9014940156
corr_coef : 0.6181937657832927
explain variance ratio : 0.21169710702655614
Weight :
Term_Premium : -0.06467260874148725
Stock_Prices_mom%_change : -0.42905019433305663
Stock_Prices_mom24mma%_change : -0.7304202544709181
One-Day_Repo_Rate_EOP : -0.028352516568540414
Bank_Lending_mo12m%_change : -0.14698347616967755
Foreign_Exchange_Reserve_change_yryr% : -0.4073658588099017
Velocity_of_Money_mo12m%_change : -0.2997743916570509
--------------------

