--------------------
id : 9024128734
corr_coef : 0.20578580168940053
explain variance ratio : 0.41142251168485716
Weight :
Term_Premium : 0.4945380341299826
Stock_Prices_mom24mma%_change : 0.0019290397976490237
Policy_Rate_&_Fed_Funds_Rate_Differential_AVG : 0.18909071177192954
One-Day_Repo_Rate_AVG : 0.5449642408229274
REER : 0.47346362641559403
Portfolio_Flows : 0.05506573852770644
Broad_Money_mo12m%_change : 0.44213917430146343
--------------------

