--------------------
id : 9072585390
corr_coef : -0.059037753578873045
explain variance ratio : 0.3134844581833868
Weight :
Term_Premium : 0.49624353056647075
Stock_Prices_mom24mma%_change : 0.18913936956553676
Stock_Market_Volatility : 0.09832108243663853
Policy_Rate_&_Fed_Funds_Rate_Differential_AVG : 0.40741708659196374
One-Day_Repo_Rate_EOP : 0.6248993214246757
Current_Account_Balance_change_yryr% : 0.28189049306865305
Portfolio_Flows : 0.26898239264526375
--------------------

