--------------------
id : 9095366803
corr_coef : 0.4454258390568735
explain variance ratio : 0.20581323410267333
Weight :
Term_Premium : -0.3877683077841925
Stock_Prices_mom%_change : -0.5032754671734353
Stock_Prices_mom24mma%_change : -0.5602408001486087
Stock_Market_Volatility : -0.11896739286593253
Current_Account_Balance_change_yryr% : -0.2760375577692583
Broad_Money_mo12m%_change : -0.33061529141774454
Portfolio_Flows : -0.2877904527336115
--------------------

