--------------------
id : 9113624740
corr_coef : 0.2228589791727182
explain variance ratio : 0.3379181213982796
Weight :
Term_Premium : 0.5316923985524925
Stock_Prices_mom24mma%_change : 0.3327247709472664
Stock_Market_Volatility : 0.004687882148653621
One-Day_Repo_Rate_EOP : 0.5483261422778513
Current_Account_Balance_change_yryr% : 0.2594094046446469
Portfolio_Flows : 0.16593781196946725
Foreign_Exchange_Reserve_change_yryr% : 0.45944019079302617
--------------------

