--------------------
id : 9128493496
corr_coef : -0.09817865531761037
explain variance ratio : 0.43566423931771975
Weight :
Term_Premium : 0.5450790921237411
Stock_Prices_mom24mma%_change : 0.10333859775395927
One-Day_Repo_Rate_EOP : 0.5322826056315924
Current_Account_Balance_change_yryr% : 0.11737067563045989
Broad_Money_mo12m%_change : 0.4834434952037892
Foreign_Exchange_Reserve_change_yryr% : 0.40173580464409575
--------------------

