--------------------
id : 9155112754
corr_coef : 0.18852599364806222
explain variance ratio : 0.4157497584046592
Weight :
Term_Premium : 0.49418894408769093
Stock_Prices_mom24mma%_change : 0.01712766876067917
One-Day_Repo_Rate_EOP : 0.540387049439043
Current_Account_Balance_change_yryr% : 0.11671968439373456
Policy_Rate_&_Fed_Funds_Rate_Differential_EOP : 0.17122547948698152
REER : 0.47927801165256406
Broad_Money_mo12m%_change : 0.4368257150154142
--------------------

