--------------------
id : 9161396977
corr_coef : 0.6773098686772778
explain variance ratio : 0.2812243167322378
Weight :
Term_Premium : -0.22749662473189072
Stock_Prices_mom24mma%_change : -0.8922741916817809
One-Day_Repo_Rate_EOP : -0.11442208794055177
Velocity_of_Money_mo12m%_change : -0.37282655268307524
--------------------

