--------------------
id : 9230209153
corr_coef : 0.22658102760294524
explain variance ratio : 0.46555477356104363
Weight :
Term_Premium : 0.5544348898309684
Stock_Prices_mom24mma%_change : 0.3332619401119281
One-Day_Repo_Rate_EOP : 0.5502628971581209
Current_Account_Balance_change_yryr% : 0.25285052619053255
Foreign_Exchange_Reserve_change_yryr% : 0.4634822408974026
--------------------

