--------------------
id : 9247457386
corr_coef : 0.6589420322785684
explain variance ratio : 0.29660049636551655
Weight :
Term_Premium : -0.21496753588955037
Stock_Prices_mom24mma%_change : -0.6095611400178124
Stock_Market_Volatility : -0.61055704782059
One-Day_Repo_Rate_EOP : -0.19050547852890964
Bank_Lending_mo12m%_change : -0.4161152834261625
--------------------

