--------------------
id : 9278006666
corr_coef : -0.39400872533438
explain variance ratio : 0.4419618088578824
Weight :
Risk_Premium : -0.25071859248045547
Stock_Prices_mom%_change : -0.060017375195385636
Current_Account_Balance_over_GDP : -0.5207954718226464
Velocity_of_Money_mo12m%_change : -0.35240002817606375
Bank_Lending_mo12m%_change : -0.5450361502051689
Foreign_Exchange_Reserve_over_GDP : -0.49097860818913547
--------------------

