--------------------
id : 9344228442
corr_coef : 0.6572258164205192
explain variance ratio : 0.2215509195569017
Weight :
Risk_Premium : -0.2071636686994502
Stock_Prices_mom24mma%_change : -0.6341631618817184
Stock_Market_Volatility : -0.6419998766147027
One-Day_Repo_Rate_EOP : -0.03471398347974153
Current_Account_Balance_over_GDP : -0.14132819764969864
Portfolio_Flows : -0.348679991983952
--------------------

