--------------------
id : 9345880768
corr_coef : -0.1692785017522479
explain variance ratio : 0.4656156012044376
Weight :
Term_Premium : 0.6485637370955367
Stock_Prices_mom24mma%_change : 0.35593250008135835
One-Day_Repo_Rate_AVG : 0.6516964728430066
Portfolio_Flows : 0.16723887584676433
--------------------

