--------------------
id : 9368856906
corr_coef : 0.5900547118804387
explain variance ratio : 0.29077377937465876
Weight :
Risk_Premium : -0.24282661888506596
Stock_Prices_mom24mma%_change : -0.7089092837430344
One-Day_Repo_Rate_EOP : -0.20720501477999612
Foreign_Exchange_Reserve_change_yryr% : -0.6034563853718148
Velocity_of_Money_mo12m%_change : -0.17717035132264844
--------------------

