--------------------
id : 9413663521
corr_coef : -0.04308603062100642
explain variance ratio : 0.3385599249316427
Weight :
Term_Premium : 0.5151188655607511
Stock_Prices_mom24mma%_change : 0.22613036615162052
Stock_Market_Volatility : 0.04026643142180408
Policy_Rate_&_Fed_Funds_Rate_Differential_AVG : 0.3220316417175525
One-Day_Repo_Rate_AVG : 0.5922431288906993
Portfolio_Flows : 0.21470836169333543
Foreign_Exchange_Reserve_change_yryr% : 0.4258406319053026
--------------------

