--------------------
id : 9445692618
corr_coef : -0.4109134588446277
explain variance ratio : 0.32485194169961407
Weight :
Risk_Premium : -0.3127075816017838
Stock_Prices_mom%_change : -0.26075819365456165
Stock_Market_Volatility : -0.4144780259972927
Current_Account_Balance_over_GDP : -0.570808943773905
Portfolio_Flows : -0.026617305549112902
Bank_Lending_mo12m%_change : -0.5795651538603618
--------------------

