--------------------
id : 9455293074
corr_coef : 0.41438280258046944
explain variance ratio : 0.3072447791566845
Weight :
Term_Premium : -0.59786764107688
Stock_Prices_mom24mma%_change : -0.47002460598945145
REER : -0.4182069494656314
Current_Account_Balance_change_yryr% : -0.454251821053939
Portfolio_Flows : -0.20097110241390295
--------------------

