--------------------
id : 9472467571
corr_coef : -0.46598881496964795
explain variance ratio : 0.4429697446827142
Weight :
Term_Premium : -0.5686539870350266
Stock_Prices_mom24mma%_change : -0.49966676717544545
Current_Account_Balance_change_yryr% : -0.3160447482859089
Foreign_Exchange_Reserve_change_yryr% : -0.5719103792470496
--------------------

