--------------------
id : 9487980292
corr_coef : -0.6945922488232058
explain variance ratio : 0.31006773071453375
Weight :
Risk_Premium : 0.28098686741661566
Stock_Prices_mom24mma%_change : 0.7388204301974554
Current_Account_Balance_change_yryr% : 0.5551956998259918
Portfolio_Flows : 0.25874405723991417
--------------------

