--------------------
id : 9497880459
corr_coef : 0.2829482241240495
explain variance ratio : 0.29167161257519436
Weight :
Term_Premium : -0.524520132528295
Stock_Prices_mom%_change : -0.21348145504358776
Stock_Prices_mom24mma%_change : -0.4192240141958341
Stock_Market_Volatility : -0.15116398672632703
One-Day_Repo_Rate_EOP : -0.5660185098176362
Current_Account_Balance_change_yryr% : -0.31709368884159206
Portfolio_Flows : -0.24449869734655094
--------------------

