--------------------
id : 9534578337
corr_coef : -0.22925376990424823
explain variance ratio : 0.4483521247760438
Weight :
Term_Premium : 0.5716562377572401
Stock_Prices_mom%_change : 0.06184508969246716
Stock_Prices_mom24mma%_change : 0.3520431638534053
One-Day_Repo_Rate_EOP : 0.5592478034013341
Foreign_Exchange_Reserve_change_yryr% : 0.4823814215836213
--------------------

