--------------------
id : 9612516590
corr_coef : 0.035967442767637185
explain variance ratio : 0.34340045329022806
Weight :
Term_Premium : 0.49105017578623245
Stock_Market_Volatility : 0.012970334606518197
One-Day_Repo_Rate_EOP : 0.5985060385289491
Current_Account_Balance_change_yryr% : 0.2407193701243483
Policy_Rate_&_Fed_Funds_Rate_Differential_AVG : 0.3701844908245139
Portfolio_Flows : 0.22304803058651834
Foreign_Exchange_Reserve_change_yryr% : 0.3946634272089288
--------------------

