--------------------
id : 9650836887
corr_coef : -0.616354068291025
explain variance ratio : 0.3052687166307299
Weight :
Term_Premium : -0.008023004651369807
Stock_Prices_mom24mma%_change : -0.7549197655313831
REER : -0.2503019442645813
Velocity_of_Money_mo12m%_change : -0.6061193906350261
--------------------

