--------------------
id : 9665002027
corr_coef : 0.3944985599238966
explain variance ratio : 0.2112530543667376
Weight :
Risk_Premium : -0.011996283183407603
Stock_Prices_mom%_change : -0.5618106530378835
Stock_Prices_mom24mma%_change : -0.5744512341581924
One-Day_Repo_Rate_AVG : -0.1977361538279785
Current_Account_Balance_change_yryr% : -0.31275426120736133
Portfolio_Flows : -0.4646658464906702
Velocity_of_Money_mo12m%_change : -0.037436553902904776
--------------------

