--------------------
id : 9676331118
corr_coef : 0.587022068754593
explain variance ratio : 0.23306180852590813
Weight :
Term_Premium : -0.006603436243819564
Stock_Prices_mom%_change : -0.531006930420031
Stock_Prices_mom24mma%_change : -0.7301482736652198
REER : -0.14580405454337322
Current_Account_Balance_change_yryr% : -0.273958137671867
Velocity_of_Money_mo12m%_change : -0.29758973339388695
--------------------

