--------------------
id : 9683659193
corr_coef : -0.3010548213345972
explain variance ratio : 0.3183999315332575
Weight :
Term_Premium : -0.5396208684986247
Stock_Prices_mom%_change : -0.26918291900246283
Stock_Prices_mom24mma%_change : -0.45339723658046827
Stock_Market_Volatility : -0.20330211977254672
One-Day_Repo_Rate_AVG : -0.5689961638849549
Portfolio_Flows : -0.2563053527328149
--------------------

