--------------------
id : 9704570795
corr_coef : -0.4791742346469003
explain variance ratio : 0.347586112238593
Weight :
Risk_Premium : -0.3466698484286966
Stock_Prices_mom%_change : -0.14851358334042075
Stock_Market_Volatility : -0.3231654612135495
Current_Account_Balance_over_GDP : -0.59014649084998
Foreign_Exchange_Reserve_over_GDP : -0.5123317915512408
Velocity_of_Money_mo12m%_change : -0.37758584604801687
--------------------

