--------------------
id : 9707303635
corr_coef : 0.15971337223110346
explain variance ratio : 0.40683278984479004
Weight :
Term_Premium : 0.5170276746862856
Stock_Prices_mom24mma%_change : 0.05701871819706816
Current_Account_Balance_change_yryr% : 0.12254400679925398
REER : 0.4763386199502464
One-Day_Repo_Rate_AVG : 0.5263230057150495
Broad_Money_mo12m%_change : 0.45772761101861337
Portfolio_Flows : 0.03138889439598169
--------------------

