--------------------
id : 9720511720
corr_coef : -0.15971337223110343
explain variance ratio : 0.40683278984479043
Weight :
Term_Premium : 0.5170276746862862
Stock_Prices_mom24mma%_change : 0.057018718197068066
REER : 0.47633861995024657
One-Day_Repo_Rate_AVG : 0.52632300571505
Current_Account_Balance_change_yryr% : 0.12254400679925385
Broad_Money_mo12m%_change : 0.45772761101861376
Portfolio_Flows : 0.03138889439598164
--------------------

