--------------------
id : 9720974631
corr_coef : -0.20665202796660792
explain variance ratio : 0.3342301600340223
Weight :
Term_Premium : -0.5840275042532804
Stock_Prices_mom24mma%_change : -0.36220663097079997
Stock_Market_Volatility : -0.06245798319396621
One-Day_Repo_Rate_EOP : -0.6119732301596262
Current_Account_Balance_change_yryr% : -0.3306666719295437
Portfolio_Flows : -0.1999138532839665
--------------------

