--------------------
id : 9731104147
corr_coef : -0.8800849274074956
explain variance ratio : 0.4440372574859956
Weight :
Risk_Premium : -0.6289585276560925
Stock_Prices_mom24mma%_change : -0.3819734717643226
Current_Account_Balance_over_GDP : -0.5298130581076461
Velocity_of_Money_mo12m%_change : -0.4216699666986188
--------------------

