--------------------
id : 9737801230
corr_coef : 0.07985384530973755
explain variance ratio : 0.4673911032093742
Weight :
Term_Premium : 0.47081431739068064
Stock_Prices_mom24mma%_change : 0.10315899610605805
One-Day_Repo_Rate_EOP : 0.47636721995525433
Current_Account_Balance_change_yryr% : 0.11480673370257727
REER : 0.47661615582845857
Broad_Money_mo12m%_change : 0.3780457215822345
Foreign_Exchange_Reserve_change_yryr% : 0.3968680613348156
--------------------

