--------------------
id : 9752814888
corr_coef : -0.3913261045591393
explain variance ratio : 0.39883280614722505
Weight :
Risk_Premium : -0.23603600520026638
Stock_Prices_mom24mma%_change : -0.06475140469049911
Stock_Market_Volatility : -0.2723765855512252
Current_Account_Balance_over_GDP : -0.4898029777201962
Foreign_Exchange_Reserve_over_GDP : -0.47324788166439885
Bank_Lending_mo12m%_change : -0.5376070980011927
Velocity_of_Money_mo12m%_change : -0.33617458139854295
--------------------

