--------------------
id : 9773586225
corr_coef : 0.6546567808950802
explain variance ratio : 0.2216520765769919
Weight :
Risk_Premium : -0.3291604262191069
Stock_Prices_mom24mma%_change : -0.7637043655244172
REER : -0.4558342912403402
One-Day_Repo_Rate_EOP : -0.2029506563007413
Broad_Money_mo12m%_change : -0.00046476153137732843
Velocity_of_Money_mo12m%_change : -0.2437928832501821
--------------------

