--------------------
id : 9824087327
corr_coef : 0.1498739921445293
explain variance ratio : 0.3728535993596351
Weight :
Term_Premium : 0.5310202137208853
Stock_Prices_mom24mma%_change : 0.046326972474761474
Policy_Rate_&_Fed_Funds_Rate_Differential_EOP : 0.14834685415033447
One-Day_Repo_Rate_AVG : 0.5558967544223816
Broad_Money_mo12m%_change : 0.4806944801782983
Portfolio_Flows : 0.06581933865564155
Foreign_Exchange_Reserve_change_yryr% : 0.3865798558028586
--------------------

