--------------------
id : 9832411327
corr_coef : 0.6835534793560029
explain variance ratio : 0.22779858683057483
Weight :
Term_Premium : -0.2494945649344417
Stock_Prices_mom24mma%_change : -0.8802933064768799
Stock_Market_Volatility : -0.29428837646681827
One-Day_Repo_Rate_AVG : -0.16999218529293283
Velocity_of_Money_mo12m%_change : -0.21756186489371823
--------------------

