--------------------
id : 9842344194
corr_coef : -0.790941076070141
explain variance ratio : 0.32843102226805604
Weight :
Risk_Premium : -0.5072589114031905
Stock_Prices_mom24mma%_change : -0.7571130565179319
Current_Account_Balance_over_GDP : -0.07197224076123832
Foreign_Exchange_Reserve_change_yryr% : -0.4053248240756181
--------------------

