--------------------
id : 9868746729
corr_coef : -0.20726179003086836
explain variance ratio : 0.30060867264413976
Weight :
Term_Premium : 0.4796631085369806
Stock_Prices_mom24mma%_change : 0.3004842944962456
Current_Account_Balance_change_yryr% : 0.2526925267104196
Policy_Rate_&_Fed_Funds_Rate_Differential_AVG : 0.11888764459155227
REER : 0.4790389864070926
Portfolio_Flows : 0.16978286597750375
Foreign_Exchange_Reserve_change_yryr% : 0.5859523307406848
--------------------

