--------------------
id : 9875510677
corr_coef : 0.1979531994107762
explain variance ratio : 0.4143300014766483
Weight :
Term_Premium : 0.49412300246662016
Stock_Prices_mom24mma%_change : 0.00939525477764247
Current_Account_Balance_change_yryr% : 0.11478349557169037
One-Day_Repo_Rate_AVG : 0.5393153225706573
Policy_Rate_&_Fed_Funds_Rate_Differential_EOP : 0.17596900712834132
REER : 0.47571953680781204
Broad_Money_mo12m%_change : 0.44095776491123745
--------------------

