--------------------
id : 9900777692
corr_coef : -0.18852599364806225
explain variance ratio : 0.4157497584046591
Weight :
Term_Premium : 0.494188944087691
Stock_Prices_mom24mma%_change : 0.017127668760678946
REER : 0.47927801165256395
One-Day_Repo_Rate_EOP : 0.5403870494390429
Policy_Rate_&_Fed_Funds_Rate_Differential_EOP : 0.17122547948698164
Current_Account_Balance_change_yryr% : 0.11671968439373465
Broad_Money_mo12m%_change : 0.43682571501541406
--------------------

