--------------------
id : 9911555371
corr_coef : 0.15341454133550825
explain variance ratio : 0.30817439865165797
Weight :
Term_Premium : 0.4749822030795359
Stock_Prices_mom%_change : 0.029424607796277424
Stock_Market_Volatility : 0.08538236676258233
Current_Account_Balance_change_yryr% : 0.2692432586678239
One-Day_Repo_Rate_EOP : 0.629503602455391
Policy_Rate_&_Fed_Funds_Rate_Differential_AVG : 0.46841706288938934
Portfolio_Flows : 0.2793826909661016
--------------------

