--------------------
id : 1253798086
corr_coef : 0.33829165020936375
explain variance ratio : 0.30295387961411774
Weight :
Term_Premium : 0.5892983565930331
Stock_Prices_mom%_change : 0.04169796823528504
Stock_Market_Volatility : 0.11110790462130245
REER : 0.3010500230644169
Current_Account_Balance_change_yryr% : 0.08886897231689525
Policy_Rate_&_Fed_Funds_Rate_Differential_AVG : 0.6039316336536998
Foreign_Exchange_Reserve_change_yryr% : 0.4187857819185008
--------------------

