--------------------
id : 8018846469
corr_coef : 0.32996954592170835
explain variance ratio : 0.4243527486626419
Weight :
Term_Premium : 0.5343043654355958
Stock_Prices_mom%_change : 0.002935330671164471
REER : 0.1747312602139686
Current_Account_Balance_change_yryr% : 0.06518722110658359
One-Day_Repo_Rate_EOP : 0.5585774400849248
Policy_Rate_&_Fed_Funds_Rate_Differential_EOP : 0.5271430267843388
Foreign_Exchange_Reserve_change_yryr% : 0.2997354075840463
--------------------

