--------------------
id : 9178351173
corr_coef : 0.35122698499118593
explain variance ratio : 0.30277803370064504
Weight :
Term_Premium : 0.5968990444421269
Stock_Prices_mom%_change : 0.02591262787293591
Stock_Market_Volatility : 0.10796881581318399
REER : 0.29451050210286744
Current_Account_Balance_change_yryr% : 0.0893606211153369
Policy_Rate_&_Fed_Funds_Rate_Differential_EOP : 0.6052634958873883
Foreign_Exchange_Reserve_change_yryr% : 0.41269497860268395
--------------------

