--------------------
id : 1002780353
explain variance ratio : 0.21221489178672936
Weight :
Risk_Premium : 0.19593234977757773
Stock_Prices_mom24mma%_change : 0.5244775637091822
One-Day_Repo_Rate_EOP : 0.2507484538345762
Foreign_Exchange_Reserve_change_yryr% : 0.7506016149719882
Broad_Money_mo12m%_change : 0.1664337833023572
Foreign_Exchange_Reserve_over_GDP : 0.10120045706843855
Portfolio_Flows : 0.1493803576181746
--------------------

