--------------------
id : 1012513581
explain variance ratio : 0.230587241549035
Weight :
Risk_Premium : -0.5194876099915656
Stock_Prices_mom%_change : -0.2631845066752204
Stock_Prices_mom24mma%_change : -0.6790020521913223
Stock_Market_Volatility : -0.2153452625768854
Current_Account_Balance_over_GDP : -0.035981411501638916
Current_Account_Balance_change_yryr% : -0.01862800985370529
REER : -0.21169232570121305
Foreign_Exchange_Reserve_change_yryr% : -0.3270991654399145
--------------------

