--------------------
id : 1015929049
explain variance ratio : 0.22640741384098978
Weight :
Risk_Premium : -0.01583683587934362
Stock_Prices_mom24mma%_change : -0.15249229591532834
Current_Account_Balance_change_yryr% : -0.3035055699397896
Foreign_Exchange_Reserve_change_yryr% : -0.7581423751046951
Portfolio_Flows : -0.01941019619162529
Broad_Money_mo12m%_change : -0.556078273883938
--------------------

