--------------------
id : 1021138887
explain variance ratio : 0.28685411111610115
Weight :
Risk_Premium : 0.29957582069394767
Stock_Prices_mom%_change : 0.03542049598129782
Stock_Prices_mom24mma%_change : 0.4770870286287954
Current_Account_Balance_change_yryr% : 0.06039746657482661
REER : 0.46550697905998956
Velocity_of_Money_mo12m%_change : 0.4833828907069708
Foreign_Exchange_Reserve_change_yryr% : 0.46923165428124736
Portfolio_Flows : 0.0848864965950189
--------------------

