--------------------
id : 1062218470
explain variance ratio : 0.2171185265343094
Weight :
Risk_Premium : 0.40941496866867416
Stock_Prices_mom%_change : 0.4300073794499003
Stock_Prices_mom24mma%_change : 0.7348566167524299
Stock_Market_Volatility : 0.036604507790012585
One-Day_Repo_Rate_AVG : 0.04997435889364617
Portfolio_Flows : 0.1654543985882811
Broad_Money_mo12m%_change : 0.27612733532600625
--------------------

