--------------------
id : 1067436300
explain variance ratio : 0.20257810278306213
Weight :
Term_Premium : 0.04396449298224211
Stock_Prices_mom%_change : 0.41099220832966027
Stock_Market_Volatility : 0.15139397737139249
One-Day_Repo_Rate_AVG : 0.19708011943746478
Foreign_Exchange_Reserve_change_yryr% : 0.5472346669136064
Portfolio_Flows : 0.6840511950981906
--------------------

