--------------------
id : 1074085488
explain variance ratio : 0.21070454127467325
Weight :
Risk_Premium : -0.6172748360032343
Stock_Prices_mom%_change : -0.22893993681963143
Stock_Prices_mom24mma%_change : -0.5763895272584314
Current_Account_Balance_change_yryr% : -0.02030940084676671
REER : -0.2366334866683519
Velocity_of_Money_mo12m%_change : -0.34797907425173313
Portfolio_Flows : -0.23840318819247625
--------------------

