--------------------
id : 1086536192
explain variance ratio : 0.4497747499575831
Weight :
Risk_Premium : -0.42976900393864426
Stock_Prices_mom24mma%_change : -0.5112509526652639
Current_Account_Balance_over_GDP : -0.4792457683512891
Bank_Lending_mo12m%_change : -0.4801492895335689
Portfolio_Flows : -0.16248420353755577
Velocity_of_Money_mo12m%_change : -0.25942263496272383
--------------------

