--------------------
id : 1105842626
explain variance ratio : 0.23636821611529324
Weight :
Risk_Premium : 0.09309969681070497
Stock_Prices_mom24mma%_change : 0.3134133112110113
Current_Account_Balance_change_yryr% : 0.11109285835448134
REER : 0.6079814806384343
Policy_Rate_&_Fed_Funds_Rate_Differential_AVG : 0.029808124062678104
Foreign_Exchange_Reserve_change_yryr% : 0.6710348541220291
Broad_Money_mo12m%_change : 0.24469869136810518
Portfolio_Flows : 0.008227367067350715
--------------------

