--------------------
id : 1105858406
explain variance ratio : 0.27042876710759567
Weight :
Risk_Premium : -0.31187311342043655
Stock_Prices_mom24mma%_change : -0.5313258564120833
REER : -0.5092098000104279
Foreign_Exchange_Reserve_change_yryr% : -0.5922400499203829
Portfolio_Flows : -0.09597701852893904
Foreign_Exchange_Reserve_over_GDP : -0.012053398682276645
Broad_Money_mo12m%_change : -0.032065959701114824
--------------------

