--------------------
id : 1136827221
explain variance ratio : 0.21682074489833036
Weight :
Risk_Premium : 0.4338834156001666
Stock_Prices_mom%_change : 0.4126985489357937
Stock_Prices_mom24mma%_change : 0.7348524889391622
Current_Account_Balance_change_yryr% : 0.008920143956511827
One-Day_Repo_Rate_EOP : 0.021952309044704674
Portfolio_Flows : 0.16490229836599274
Broad_Money_mo12m%_change : 0.2714086734545456
--------------------

