--------------------
id : 1146929724
explain variance ratio : 0.43535010321155393
Weight :
Risk_Premium : -0.41793385191132365
Stock_Prices_mom%_change : -0.30519339267089063
Current_Account_Balance_over_GDP : -0.6103840665109117
Velocity_of_Money_mo12m%_change : -0.20028204312363873
Bank_Lending_mo12m%_change : -0.5652492220679466
--------------------

