--------------------
id : 1164307805
explain variance ratio : 0.253107523738713
Weight :
Risk_Premium : -0.46628034405697455
Stock_Prices_mom%_change : -0.41219590109128756
Stock_Prices_mom24mma%_change : -0.7262837354789626
Current_Account_Balance_change_yryr% : -0.004674142212258965
Broad_Money_mo12m%_change : -0.2256461736992342
Portfolio_Flows : -0.1850704518226791
--------------------

