--------------------
id : 1183514476
explain variance ratio : 0.3154823676715945
Weight :
Risk_Premium : -0.3174050248768908
Stock_Prices_mom24mma%_change : -0.5328146552348793
REER : -0.5063876860815275
Foreign_Exchange_Reserve_change_yryr% : -0.5901818631063744
Portfolio_Flows : -0.0981038022526819
Broad_Money_mo12m%_change : -0.031545477943584366
--------------------

