--------------------
id : 1203339714
explain variance ratio : 0.2455639063449948
Weight :
Risk_Premium : 0.23022743560902245
Stock_Prices_mom24mma%_change : 0.5453228954559048
One-Day_Repo_Rate_EOP : 0.23170770110661948
Broad_Money_mo12m%_change : 0.1652886385444896
Foreign_Exchange_Reserve_over_GDP : 0.10475182600507749
Foreign_Exchange_Reserve_change_yryr% : 0.7467506476388739
--------------------

