--------------------
id : 1211675229
explain variance ratio : 0.20215186615944733
Weight :
Risk_Premium : -0.5321469940116812
Stock_Prices_mom%_change : -0.3984527740349144
Stock_Market_Volatility : -0.4378956823118483
REER : -0.06101685831080167
Velocity_of_Money_mo12m%_change : -0.4224515568732562
Foreign_Exchange_Reserve_change_yryr% : -0.10449423913381035
Portfolio_Flows : -0.4161669306011013
--------------------

