--------------------
id : 1219074659
explain variance ratio : 0.22066313132744284
Weight :
Term_Premium : 0.006623224095487417
Stock_Prices_mom%_change : 0.08507221881675582
Stock_Prices_mom24mma%_change : 0.43243935378173165
One-Day_Repo_Rate_AVG : 0.13960474762337677
Foreign_Exchange_Reserve_change_yryr% : 0.8866936168880585
--------------------

