--------------------
id : 1247414816
explain variance ratio : 0.22073141546812022
Weight :
Term_Premium : 0.006020322460689245
Stock_Prices_mom%_change : 0.0846019091256787
Stock_Prices_mom24mma%_change : 0.433606775712859
One-Day_Repo_Rate_EOP : 0.13916503924310145
Foreign_Exchange_Reserve_change_yryr% : 0.8862418002995145
--------------------

