--------------------
id : 1265087730
explain variance ratio : 0.2374631891825225
Weight :
Risk_Premium : -0.620000808111193
Stock_Prices_mom24mma%_change : -0.7309441327637709
Current_Account_Balance_change_yryr% : -0.03358152040842281
Current_Account_Balance_over_GDP : -0.03973525800358674
Portfolio_Flows : -0.14729553071024967
Broad_Money_mo12m%_change : -0.23857302888407436
--------------------

