--------------------
id : 1311239512
explain variance ratio : 0.23582225689648098
Weight :
Risk_Premium : -0.636770020925088
Stock_Prices_mom24mma%_change : -0.7321600632223914
Stock_Market_Volatility : -0.029074940596033494
Current_Account_Balance_change_yryr% : -0.010980203319285502
Current_Account_Balance_over_GDP : -0.05636395406121936
Broad_Money_mo12m%_change : -0.23307245637405527
--------------------

