--------------------
id : 1330858007
explain variance ratio : 0.21154085445262832
Weight :
Risk_Premium : -0.8835793160403291
Stock_Market_Volatility : -0.21080157352312473
REER : -0.21867353582152996
Current_Account_Balance_over_GDP : -0.10645242407415226
Foreign_Exchange_Reserve_change_yryr% : -0.3401471078899919
--------------------

