--------------------
id : 1331785591
explain variance ratio : 0.24314341598019015
Weight :
Risk_Premium : -0.05619406584274922
Stock_Prices_mom24mma%_change : -0.43649698159896366
Current_Account_Balance_change_yryr% : -0.23467043164581966
One-Day_Repo_Rate_AVG : -0.359077252897969
Foreign_Exchange_Reserve_change_yryr% : -0.7691773135640303
Portfolio_Flows : -0.1751347689063763
--------------------

