--------------------
id : 1361271374
explain variance ratio : 0.21413527234950128
Weight :
Term_Premium : -0.29709634530164397
Stock_Prices_mom%_change : -0.6137227554279926
Stock_Market_Volatility : -0.21277905606754285
One-Day_Repo_Rate_EOP : -0.4528424991163576
Portfolio_Flows : -0.5336074262707899
--------------------

