--------------------
id : 1364774485
explain variance ratio : 0.4821912056403124
Weight :
Risk_Premium : -0.35985795738214094
Stock_Market_Volatility : -0.47838148436139627
Current_Account_Balance_over_GDP : -0.5740765288274041
Bank_Lending_mo12m%_change : -0.5413491449392164
Portfolio_Flows : -0.1379516156193846
--------------------

