--------------------
id : 1370078685
explain variance ratio : 0.2160020751406977
Weight :
Risk_Premium : -0.03717614756386764
Stock_Prices_mom%_change : -0.2688220786597902
Stock_Prices_mom24mma%_change : -0.5161906202746595
One-Day_Repo_Rate_AVG : -0.31119328474153146
Foreign_Exchange_Reserve_change_yryr% : -0.6528430711794102
Foreign_Exchange_Reserve_over_GDP : -0.32660898769218455
Portfolio_Flows : -0.1737270868957977
--------------------

