--------------------
id : 1398490190
explain variance ratio : 0.24563779629083146
Weight :
Risk_Premium : 0.10176380389425196
Stock_Prices_mom24mma%_change : 0.5377057214071345
One-Day_Repo_Rate_EOP : 0.2975163910185763
Foreign_Exchange_Reserve_change_yryr% : 0.7223729493865894
Foreign_Exchange_Reserve_over_GDP : 0.26286575922790295
Portfolio_Flows : 0.14518814372511185
--------------------

