--------------------
id : 1424374673
explain variance ratio : 0.2002153872626958
Weight :
Term_Premium : 0.11591788278942805
Stock_Market_Volatility : 0.15767858749736574
Current_Account_Balance_over_GDP : 0.0017678342460038104
REER : 0.47968496015968415
Bank_Lending_mo12m%_change : 0.21405903265579354
Foreign_Exchange_Reserve_over_GDP : 0.8281174142545242
--------------------

