--------------------
id : 1432365164
explain variance ratio : 0.21242219507032234
Weight :
Risk_Premium : 0.18163826747696138
Stock_Prices_mom%_change : 0.09201846238293049
Stock_Prices_mom24mma%_change : 0.48889282345998997
One-Day_Repo_Rate_EOP : 0.27120482280521896
Foreign_Exchange_Reserve_change_yryr% : 0.757817245807847
Broad_Money_mo12m%_change : 0.2111149742487176
Portfolio_Flows : 0.16466749293448923
--------------------

