--------------------
id : 1513496106
explain variance ratio : 0.2168875681294763
Weight :
Risk_Premium : -0.4440731065813538
Stock_Prices_mom%_change : -0.41266727920163454
Stock_Prices_mom24mma%_change : -0.7325577167497818
Current_Account_Balance_change_yryr% : -0.007627631877350954
One-Day_Repo_Rate_AVG : -0.015152753709908914
Broad_Money_mo12m%_change : -0.2574510437894715
Portfolio_Flows : -0.1711582824654243
--------------------

