--------------------
id : 1521870167
explain variance ratio : 0.2390051633414337
Weight :
Risk_Premium : -0.3485086823860085
Stock_Prices_mom%_change : -0.12489872959886311
Stock_Prices_mom24mma%_change : -0.5703303477864219
Current_Account_Balance_change_yryr% : -0.07523115331517052
REER : -0.4571542937719384
Foreign_Exchange_Reserve_change_yryr% : -0.5520610045500869
Foreign_Exchange_Reserve_over_GDP : -0.00865103179664889
Portfolio_Flows : -0.13479366528412684
--------------------

