--------------------
id : 1641496347
explain variance ratio : 0.23526793430794504
Weight :
Risk_Premium : 0.10026019710029271
Stock_Prices_mom24mma%_change : 0.34016675399735774
REER : 0.612636140689894
Policy_Rate_&_Fed_Funds_Rate_Differential_AVG : 0.028746607590862977
Foreign_Exchange_Reserve_change_yryr% : 0.6692797573896144
Broad_Money_mo12m%_change : 0.21756646090530782
Foreign_Exchange_Reserve_over_GDP : 0.052725068595437075
Portfolio_Flows : 0.005879847290804978
--------------------

