--------------------
id : 1646003068
explain variance ratio : 0.20306742185088802
Weight :
Term_Premium : -0.02301994203801876
Stock_Market_Volatility : -0.047591960942901725
Current_Account_Balance_change_yryr% : -0.5636070174189921
REER : -0.24455087512464374
Velocity_of_Money_mo12m%_change : -0.7872401710494797
--------------------

