--------------------
id : 1648472253
explain variance ratio : 0.3802292744285584
Weight :
Risk_Premium : 0.29646279871961867
Stock_Prices_mom%_change : 0.026820124514911226
Stock_Prices_mom24mma%_change : 0.47269353913022527
REER : 0.47785040167868376
Velocity_of_Money_mo12m%_change : 0.4876418903474235
Foreign_Exchange_Reserve_change_yryr% : 0.4709731291218101
--------------------

