--------------------
id : 1658979394
explain variance ratio : 0.3039641815606511
Weight :
Risk_Premium : 0.33289653004698494
Stock_Prices_mom24mma%_change : 0.09292825871827709
REER : 0.62055843822673
Velocity_of_Money_mo12m%_change : 0.7013420790229703
Portfolio_Flows : 0.059755769190976
--------------------

