--------------------
id : 1682973395
explain variance ratio : 0.20303064634542017
Weight :
Term_Premium : 0.05730191463201445
Stock_Market_Volatility : 0.020961925388180633
REER : 0.39544562625306057
Velocity_of_Money_mo12m%_change : 0.9131868251846444
Bank_Lending_mo12m%_change : 0.07739294056979198
--------------------

