--------------------
id : 1682724390
explain variance ratio : 0.35869518938981054
Weight :
Risk_Premium : -0.3506581637101728
Stock_Prices_mom%_change : -0.2793762489413203
Stock_Market_Volatility : -0.593363614511408
Current_Account_Balance_over_GDP : -0.6090679595153321
Portfolio_Flows : -0.2755786737334275
--------------------

