--------------------
id : 1736926729
explain variance ratio : 0.2832729085516079
Weight :
Risk_Premium : -0.5628144129448653
Stock_Prices_mom24mma%_change : -0.6361417519432842
Stock_Market_Volatility : -0.24178542433792838
Current_Account_Balance_over_GDP : -0.10722797094716743
Current_Account_Balance_change_yryr% : -0.013523664745103166
Foreign_Exchange_Reserve_change_yryr% : -0.19664180835536982
Velocity_of_Money_mo12m%_change : -0.4120129713236318
--------------------

