--------------------
id : 1744714192
explain variance ratio : 0.5162378512533952
Weight :
Risk_Premium : -0.30784473016849767
Stock_Prices_mom%_change : -0.33522265019849995
Stock_Market_Volatility : -0.4719323796852974
Current_Account_Balance_over_GDP : -0.5456600659579979
Bank_Lending_mo12m%_change : -0.5219121749151532
--------------------

