--------------------
id : 1778517429
explain variance ratio : 0.21481706993400818
Weight :
Risk_Premium : 0.45678097632640685
Stock_Prices_mom%_change : 0.408963248621318
Stock_Prices_mom24mma%_change : 0.742289558764073
Stock_Market_Volatility : 0.04330304759196946
One-Day_Repo_Rate_AVG : 0.015051421082445782
Current_Account_Balance_over_GDP : 0.006782709456181819
Broad_Money_mo12m%_change : 0.2663807566967083
--------------------

