--------------------
id : 1788793579
explain variance ratio : 0.2325658674881271
Weight :
Risk_Premium : -0.5291515554050542
Stock_Prices_mom%_change : -0.18346352230035234
Stock_Market_Volatility : -0.5272514256715113
REER : -0.046509415326421014
Portfolio_Flows : -0.4132839078456911
Velocity_of_Money_mo12m%_change : -0.4851587238489155
--------------------

