--------------------
id : 1791552219
explain variance ratio : 0.378262592112858
Weight :
Risk_Premium : -0.3397684983508232
Stock_Prices_mom%_change : -0.10335651261012391
Stock_Prices_mom24mma%_change : -0.5603296088091464
REER : -0.48930858380627373
Foreign_Exchange_Reserve_change_yryr% : -0.5661118600902013
--------------------

