--------------------
id : 1809730692
explain variance ratio : 0.2133656302295378
Weight :
Term_Premium : 0.09137782054942055
Stock_Prices_mom%_change : 0.17547129376200843
Stock_Prices_mom24mma%_change : 0.25444442801417855
One-Day_Repo_Rate_AVG : 0.2096682702932976
Foreign_Exchange_Reserve_change_yryr% : 0.7097427310621235
Portfolio_Flows : 0.5902731775765842
--------------------

