--------------------
id : 1838597813
explain variance ratio : 0.23758086525921485
Weight :
Risk_Premium : 0.2838331582971466
Stock_Prices_mom24mma%_change : 0.5011275272348148
Current_Account_Balance_change_yryr% : 0.09432729353592847
REER : 0.5241852096028178
Broad_Money_mo12m%_change : 0.06654843579729383
Foreign_Exchange_Reserve_over_GDP : 0.0034542954221016553
Foreign_Exchange_Reserve_change_yryr% : 0.6102643888975849
Portfolio_Flows : 0.08819816668135272
--------------------

