--------------------
id : 1905949189
explain variance ratio : 0.20676504832779535
Weight :
Term_Premium : 0.002073168311522033
Stock_Prices_mom%_change : 0.31733328118882315
Stock_Prices_mom24mma%_change : 0.21332425794089516
One-Day_Repo_Rate_EOP : 0.3467697594787412
REER : 0.35537737536920444
Bank_Lending_mo12m%_change : 0.3050623732482381
Foreign_Exchange_Reserve_over_GDP : 0.7170653073548868
--------------------

