--------------------
id : 2020869731
explain variance ratio : 0.3069578640672196
Weight :
Risk_Premium : -0.4108294046056189
Stock_Prices_mom%_change : -0.3286285914806321
Stock_Prices_mom24mma%_change : -0.2612937974587248
Stock_Market_Volatility : -0.5364840845330008
Current_Account_Balance_over_GDP : -0.5417101517390508
Portfolio_Flows : -0.271446015126562
--------------------

