--------------------
id : 2024535771
explain variance ratio : 0.27805539114381206
Weight :
Risk_Premium : -0.6207520167218161
Stock_Prices_mom%_change : -0.19586441835895263
Current_Account_Balance_over_GDP : -0.6061526980077558
Velocity_of_Money_mo12m%_change : -0.20711208151238936
Portfolio_Flows : -0.40741570385323866
--------------------

