--------------------
id : 2040330454
explain variance ratio : 0.20695606400148975
Weight :
Risk_Premium : 0.01887871197110753
Stock_Prices_mom24mma%_change : 0.36945584699558653
One-Day_Repo_Rate_EOP : 0.3958548426827402
Foreign_Exchange_Reserve_change_yryr% : 0.7184304359550723
Broad_Money_mo12m%_change : 0.1327322900767117
Foreign_Exchange_Reserve_over_GDP : 0.09827209241564648
Portfolio_Flows : 0.06095316150282509
Velocity_of_Money_mo12m%_change : 0.3991391620715341
--------------------

