--------------------
id : 2088487185
explain variance ratio : 0.4421891537634485
Weight :
Risk_Premium : -0.4351908549644496
Stock_Prices_mom24mma%_change : -0.5139997865173567
Current_Account_Balance_over_GDP : -0.49162494170528004
Velocity_of_Money_mo12m%_change : -0.2535897816385158
Bank_Lending_mo12m%_change : -0.4900808883333718
Foreign_Exchange_Reserve_over_GDP : -0.015198731776261187
--------------------

