--------------------
id : 2101486652
explain variance ratio : 0.326545486709027
Weight :
Risk_Premium : 0.2931692936258555
Stock_Prices_mom%_change : 0.023526410192524883
Stock_Prices_mom24mma%_change : 0.46931022527036137
Current_Account_Balance_change_yryr% : 0.058925226995887106
REER : 0.47809049737413734
Foreign_Exchange_Reserve_change_yryr% : 0.4737307757671677
Velocity_of_Money_mo12m%_change : 0.48660315637090135
--------------------

