--------------------
id : 2189454538
explain variance ratio : 0.2746138249404862
Weight :
Risk_Premium : 0.041275602168234074
Stock_Prices_mom24mma%_change : 0.35217352832359483
One-Day_Repo_Rate_AVG : 0.3898366178835512
Foreign_Exchange_Reserve_change_yryr% : 0.7254920854329766
Broad_Money_mo12m%_change : 0.17428429749585994
Velocity_of_Money_mo12m%_change : 0.4069198441847714
--------------------

