--------------------
id : 2214686494
explain variance ratio : 0.2190975121902337
Weight :
Term_Premium : -0.04940748161885653
Stock_Prices_mom24mma%_change : -0.27256715565303974
Current_Account_Balance_change_yryr% : -0.35771950686726783
One-Day_Repo_Rate_AVG : -0.13120883445980502
Foreign_Exchange_Reserve_change_yryr% : -0.6956845503487913
Portfolio_Flows : -0.5423191394295729
--------------------

