--------------------
id : 2215675735
explain variance ratio : 0.22991495304719417
Weight :
Risk_Premium : 0.0035932144506804265
Stock_Prices_mom%_change : 0.04115848630532456
Stock_Prices_mom24mma%_change : 0.352678613417032
Policy_Rate_&_Fed_Funds_Rate_Differential_EOP : 0.13044539945545228
REER : 0.6269735681558524
Foreign_Exchange_Reserve_over_GDP : 0.20303124823465826
Foreign_Exchange_Reserve_change_yryr% : 0.649951457332006
Portfolio_Flows : 0.011849953599521368
--------------------

