--------------------
id : 2217592006
explain variance ratio : 0.20013138614332654
Weight :
Term_Premium : 0.014190062828298263
Stock_Prices_mom%_change : 0.28852589574933
Stock_Prices_mom24mma%_change : 0.13811432927069178
REER : 0.30570072640603185
Current_Account_Balance_over_GDP : 0.09433632759541355
Policy_Rate_&_Fed_Funds_Rate_Differential_AVG : 0.478003288852528
Bank_Lending_mo12m%_change : 0.3115137242726639
Foreign_Exchange_Reserve_over_GDP : 0.685270501521596
--------------------

