--------------------
id : 2245420339
explain variance ratio : 0.20696095403860412
Weight :
Risk_Premium : 0.015051256792709918
Stock_Prices_mom24mma%_change : 0.36968027787995356
One-Day_Repo_Rate_AVG : 0.3979285122185515
Foreign_Exchange_Reserve_change_yryr% : 0.7174529839379011
Broad_Money_mo12m%_change : 0.1278122418355817
Foreign_Exchange_Reserve_over_GDP : 0.10335470619128664
Portfolio_Flows : 0.0612279581310556
Velocity_of_Money_mo12m%_change : 0.39907021876590554
--------------------

