--------------------
id : 2260986753
explain variance ratio : 0.393281726099703
Weight :
Risk_Premium : -0.39771711287112
Stock_Prices_mom%_change : -0.2384519071102741
Stock_Prices_mom24mma%_change : -0.5001206920881744
Current_Account_Balance_over_GDP : -0.4938933172233957
Velocity_of_Money_mo12m%_change : -0.2019951789970979
Bank_Lending_mo12m%_change : -0.4981161579380589
Foreign_Exchange_Reserve_over_GDP : -0.0445949720843849
--------------------

