--------------------
id : 2289942026
explain variance ratio : 0.330450376796442
Weight :
Risk_Premium : -0.5610446102803841
Stock_Prices_mom24mma%_change : -0.6366877215812119
Stock_Market_Volatility : -0.23520902124933865
Current_Account_Balance_over_GDP : -0.09893131307734634
Foreign_Exchange_Reserve_change_yryr% : -0.20385833172212303
Velocity_of_Money_mo12m%_change : -0.41615956394903264
--------------------

