--------------------
id : 2303539130
explain variance ratio : 0.23781311365512764
Weight :
Term_Premium : 0.02183809253974648
Risk_Premium : 0.10961656361039432
Stock_Prices_mom24mma%_change : 0.37856506545496543
REER : 0.4431385116713821
Foreign_Exchange_Reserve_change_yryr% : 0.6817968017410356
Portfolio_Flows : 0.42775831788864077
--------------------

