--------------------
id : 2339927671
explain variance ratio : 0.2113461152803916
Weight :
Term_Premium : -0.052997393719684885
Stock_Prices_mom%_change : -0.36978043574585845
Stock_Market_Volatility : -0.27832192693905794
REER : -0.30360786669677875
One-Day_Repo_Rate_EOP : -0.3806153444197831
Bank_Lending_mo12m%_change : -0.28787381402153
Foreign_Exchange_Reserve_over_GDP : -0.6804950408755317
--------------------

