--------------------
id : 2384896901
explain variance ratio : 0.37779334528666897
Weight :
Risk_Premium : -0.3142672464081987
Stock_Prices_mom24mma%_change : -0.5312418036044417
Current_Account_Balance_change_yryr% : -0.08507271137034939
REER : -0.5135405856529914
Foreign_Exchange_Reserve_change_yryr% : -0.5899635112491181
--------------------

