--------------------
id : 2387236997
explain variance ratio : 0.21843081036693393
Weight :
Term_Premium : -0.027266353956469112
Stock_Market_Volatility : -0.25558097973427973
One-Day_Repo_Rate_EOP : -0.374106560187619
Foreign_Exchange_Reserve_change_yryr% : -0.22918393952286956
Bank_Lending_mo12m%_change : -0.3108602270310305
Foreign_Exchange_Reserve_over_GDP : -0.8030067443549692
--------------------

