--------------------
id : 2390231337
explain variance ratio : 0.23499404244717423
Weight :
Risk_Premium : -0.6864061187927265
Stock_Prices_mom24mma%_change : -0.6831322821661666
Current_Account_Balance_change_yryr% : -0.03799108386386249
Velocity_of_Money_mo12m%_change : -0.09409619304198907
Portfolio_Flows : -0.2171127870968076
Broad_Money_mo12m%_change : -0.06885889069146486
--------------------

