--------------------
id : 2394450474
explain variance ratio : 0.21716011719295214
Weight :
Term_Premium : 0.14333391767761033
Stock_Prices_mom24mma%_change : 0.33032150251428577
REER : 0.6452838993035894
Velocity_of_Money_mo12m%_change : 0.6637407491154331
Foreign_Exchange_Reserve_over_GDP : 0.1157583702508451
--------------------

