--------------------
id : 2408110335
explain variance ratio : 0.21245729211995176
Weight :
Risk_Premium : -0.09956554431791755
Stock_Prices_mom24mma%_change : -0.5196842494977518
Current_Account_Balance_change_yryr% : -0.16440972351437186
One-Day_Repo_Rate_AVG : -0.298194058382698
Foreign_Exchange_Reserve_change_yryr% : -0.7272090244907146
Portfolio_Flows : -0.16002471243193372
Foreign_Exchange_Reserve_over_GDP : -0.22276412565348025
--------------------

