--------------------
id : 2427416986
explain variance ratio : 0.24542550948813793
Weight :
Risk_Premium : 0.2328405360362468
Stock_Prices_mom%_change : 0.06135714815113233
Stock_Prices_mom24mma%_change : 0.5143463668373239
One-Day_Repo_Rate_EOP : 0.24128552787797378
Foreign_Exchange_Reserve_change_yryr% : 0.7562648831740294
Broad_Money_mo12m%_change : 0.21751579387432218
--------------------

