--------------------
id : 2434029440
explain variance ratio : 0.36305734321509137
Weight :
Risk_Premium : -0.4053484629104922
Stock_Prices_mom%_change : -0.3126327104918638
Current_Account_Balance_over_GDP : -0.611433583151473
Velocity_of_Money_mo12m%_change : -0.18845242012185645
Bank_Lending_mo12m%_change : -0.5717600099972744
Foreign_Exchange_Reserve_over_GDP : -0.04097025334672377
--------------------

