--------------------
id : 2442320767
explain variance ratio : 0.3855246147422002
Weight :
Risk_Premium : -0.4291218868233505
Stock_Prices_mom24mma%_change : -0.5114448512159496
Current_Account_Balance_over_GDP : -0.47943693545605665
Bank_Lending_mo12m%_change : -0.48070769431503024
Foreign_Exchange_Reserve_over_GDP : -0.0039075589509745545
Portfolio_Flows : -0.16225067627809203
Velocity_of_Money_mo12m%_change : -0.2588404083427485
--------------------

