--------------------
id : 2451929004
explain variance ratio : 0.35564191239453696
Weight :
Risk_Premium : -0.36698741097926957
Stock_Market_Volatility : -0.4596269090257745
Current_Account_Balance_over_GDP : -0.5507837138805862
Velocity_of_Money_mo12m%_change : -0.21938297827728387
Bank_Lending_mo12m%_change : -0.5294002646685874
Portfolio_Flows : -0.14692057631484015
Foreign_Exchange_Reserve_over_GDP : -0.026859971563423124
--------------------

