--------------------
id : 2461889283
explain variance ratio : 0.22037355183815163
Weight :
Term_Premium : 0.09309239209228666
Stock_Prices_mom%_change : 0.37457646545208695
One-Day_Repo_Rate_EOP : 0.44303683608365263
Current_Account_Balance_over_GDP : 0.021638956578559243
Bank_Lending_mo12m%_change : 0.2592313655156603
Foreign_Exchange_Reserve_over_GDP : 0.7662085190260033
--------------------

