--------------------
id : 2464979484
explain variance ratio : 0.21426223197177294
Weight :
Risk_Premium : -0.013435951309918402
Stock_Prices_mom24mma%_change : -0.5011685695428274
Current_Account_Balance_over_GDP : -0.1758419538779592
One-Day_Repo_Rate_AVG : -0.09380633044492137
Foreign_Exchange_Reserve_over_GDP : -0.841979524537049
--------------------

