--------------------
id : 2465301288
explain variance ratio : 0.22193254992598502
Weight :
Risk_Premium : -0.6356465753089894
Stock_Prices_mom%_change : -0.3701268342168508
Stock_Market_Volatility : -0.48526836775906607
REER : -0.04565530887954736
Velocity_of_Money_mo12m%_change : -0.4696372296611
Foreign_Exchange_Reserve_change_yryr% : -0.02882072917846894
--------------------

