--------------------
id : 2544146070
explain variance ratio : 0.2147737869155999
Weight :
Risk_Premium : 0.4578767341688376
Stock_Prices_mom%_change : 0.4041112372760978
Stock_Prices_mom24mma%_change : 0.7428643268377357
Stock_Market_Volatility : 0.03600966502323105
Current_Account_Balance_over_GDP : 0.0011262085676022465
One-Day_Repo_Rate_EOP : 0.009055629192391432
Broad_Money_mo12m%_change : 0.2716903152213666
--------------------

