--------------------
id : 2556258253
explain variance ratio : 0.2530305146416118
Weight :
Risk_Premium : -0.4436288063913864
Stock_Prices_mom%_change : -0.4132902479807606
Stock_Prices_mom24mma%_change : -0.7326103805104781
One-Day_Repo_Rate_AVG : -0.015557273262161928
Broad_Money_mo12m%_change : -0.25764467848052847
Portfolio_Flows : -0.1704226344455449
--------------------

