--------------------
id : 2583089302
explain variance ratio : 0.24127708372015
Weight :
Risk_Premium : -0.07139853693822897
Stock_Prices_mom%_change : -0.10649542947620406
Stock_Prices_mom24mma%_change : -0.4626372676597286
One-Day_Repo_Rate_EOP : -0.36176345595162834
Current_Account_Balance_change_yryr% : -0.20908014329241134
Foreign_Exchange_Reserve_change_yryr% : -0.7713238143703705
--------------------

