--------------------
id : 2588992547
explain variance ratio : 0.24838838213524275
Weight :
Risk_Premium : -0.25442845739266745
Stock_Prices_mom24mma%_change : -0.5073334125175295
Current_Account_Balance_change_yryr% : -0.19813798371893634
One-Day_Repo_Rate_AVG : -0.20791700314991357
Foreign_Exchange_Reserve_change_yryr% : -0.7414467806210391
Broad_Money_mo12m%_change : -0.2136527540841841
--------------------

