--------------------
id : 2606357334
explain variance ratio : 0.25471327388764853
Weight :
Risk_Premium : -0.5538902626030113
Stock_Prices_mom24mma%_change : -0.6094757691583389
Stock_Market_Volatility : -0.315908148445717
Current_Account_Balance_over_GDP : -0.21409003819025718
REER : -0.03478665471737463
Foreign_Exchange_Reserve_change_yryr% : -0.10508831246868802
Portfolio_Flows : -0.20860159579811136
Velocity_of_Money_mo12m%_change : -0.346906429116339
--------------------

