--------------------
id : 2663806108
explain variance ratio : 0.25310752373871287
Weight :
Risk_Premium : -0.4662803440569746
Stock_Prices_mom%_change : -0.4121959010912868
Stock_Prices_mom24mma%_change : -0.7262837354789632
Current_Account_Balance_change_yryr% : -0.004674142212259718
Portfolio_Flows : -0.1850704518226793
Broad_Money_mo12m%_change : -0.2256461736992342
--------------------

