--------------------
id : 2673838380
explain variance ratio : 0.3485556602501548
Weight :
Risk_Premium : -0.42869431169203076
Stock_Market_Volatility : -0.5897486584273585
Current_Account_Balance_over_GDP : -0.6117930474472488
Velocity_of_Money_mo12m%_change : -0.1434666524870527
Portfolio_Flows : -0.2711905118646192
--------------------

