--------------------
id : 2720839196
explain variance ratio : 0.22640741384098942
Weight :
Risk_Premium : -0.01583683587934484
Stock_Prices_mom24mma%_change : -0.15249229591532965
Current_Account_Balance_change_yryr% : -0.3035055699397889
Foreign_Exchange_Reserve_change_yryr% : -0.758142375104695
Broad_Money_mo12m%_change : -0.5560782738839376
Portfolio_Flows : -0.019410196191625335
--------------------

