--------------------
id : 2729295172
explain variance ratio : 0.22193254992598496
Weight :
Risk_Premium : -0.6356465753089887
Stock_Prices_mom%_change : -0.37012683421685055
Stock_Market_Volatility : -0.48526836775906507
REER : -0.04565530887954855
Foreign_Exchange_Reserve_change_yryr% : -0.02882072917846991
Velocity_of_Money_mo12m%_change : -0.4696372296611009
--------------------

