--------------------
id : 2762458872
explain variance ratio : 0.21119978948071488
Weight :
Term_Premium : -0.16661631958346504
Stock_Prices_mom%_change : -0.43685507031394166
One-Day_Repo_Rate_AVG : -0.2849264420879121
Current_Account_Balance_change_yryr% : -0.40686043154146895
Portfolio_Flows : -0.731216904505411
--------------------

