--------------------
id : 2818081665
explain variance ratio : 0.43535010321155415
Weight :
Risk_Premium : -0.4179338519113237
Stock_Prices_mom%_change : -0.3051933926708912
Current_Account_Balance_over_GDP : -0.6103840665109117
Bank_Lending_mo12m%_change : -0.5652492220679468
Velocity_of_Money_mo12m%_change : -0.20028204312363884
--------------------

