--------------------
id : 2828688197
explain variance ratio : 0.2228629650793265
Weight :
Term_Premium : 0.007723998432351485
Stock_Prices_mom24mma%_change : 0.2831712676588106
One-Day_Repo_Rate_EOP : 0.328263954097657
Foreign_Exchange_Reserve_change_yryr% : 0.4641289839619117
Bank_Lending_mo12m%_change : 0.22730205321980268
Foreign_Exchange_Reserve_over_GDP : 0.7381837253078907
--------------------

