--------------------
id : 2842284706
explain variance ratio : 0.22932434791853734
Weight :
Risk_Premium : 0.08559362627177439
Stock_Prices_mom%_change : 0.5625548944714258
Stock_Prices_mom24mma%_change : 0.6966214940163512
One-Day_Repo_Rate_EOP : 0.3582486590217534
REER : 0.21183920066372153
Portfolio_Flows : 0.13306489880350958
--------------------

