--------------------
id : 2842208453
explain variance ratio : 0.24303541676041085
Weight :
Risk_Premium : -0.05633933782864871
Stock_Prices_mom24mma%_change : -0.43572826716408825
Current_Account_Balance_change_yryr% : -0.2346476246569344
One-Day_Repo_Rate_EOP : -0.3589132532441268
Foreign_Exchange_Reserve_change_yryr% : -0.769882920400952
Portfolio_Flows : -0.17426650272122593
--------------------

