--------------------
id : 2875001293
explain variance ratio : 0.24705575543011216
Weight :
Risk_Premium : 0.2156050122856686
Stock_Prices_mom24mma%_change : 0.49597738055062374
One-Day_Repo_Rate_AVG : 0.2444678944480676
Foreign_Exchange_Reserve_change_yryr% : 0.7586056734382638
Broad_Money_mo12m%_change : 0.222984351713657
Portfolio_Flows : 0.1501724886977857
--------------------

