--------------------
id : 2882802588
explain variance ratio : 0.23025728606488288
Weight :
Term_Premium : 0.24924990745410425
Stock_Prices_mom24mma%_change : 0.17694269949786315
REER : 0.5939449484939088
Velocity_of_Money_mo12m%_change : 0.5876536552679641
Portfolio_Flows : 0.4565723867442037
--------------------

