--------------------
id : 2888896717
explain variance ratio : 0.23772490298357257
Weight :
Risk_Premium : 0.5424182646041469
Stock_Prices_mom24mma%_change : 0.750917846916196
Current_Account_Balance_change_yryr% : 0.053856245761897834
One-Day_Repo_Rate_EOP : 0.012587828460524642
Broad_Money_mo12m%_change : 0.36302058961774625
Portfolio_Flows : 0.08403520861660921
--------------------

