--------------------
id : 2893647358
explain variance ratio : 0.2878575195781312
Weight :
Risk_Premium : -0.6702663896746819
Stock_Prices_mom24mma%_change : -0.6054678355366633
Stock_Market_Volatility : -0.31351666766732683
Current_Account_Balance_change_yryr% : -0.02208465701819389
Portfolio_Flows : -0.2921835622039313
--------------------

