--------------------
id : 2903504958
explain variance ratio : 0.29743369266998554
Weight :
Risk_Premium : -0.5860733652524694
Stock_Prices_mom24mma%_change : -0.6764098561489535
Stock_Market_Volatility : -0.30238407981233517
Current_Account_Balance_change_yryr% : -0.033904893078844235
Foreign_Exchange_Reserve_change_yryr% : -0.2105877769102731
Portfolio_Flows : -0.24910807245761163
--------------------

