--------------------
id : 3008613347
explain variance ratio : 0.21912759467809217
Weight :
Term_Premium : -0.049053031862196825
Stock_Prices_mom24mma%_change : -0.2735418239615702
Current_Account_Balance_change_yryr% : -0.3572273869442279
One-Day_Repo_Rate_EOP : -0.1306675621418763
Foreign_Exchange_Reserve_change_yryr% : -0.6956983857476986
Portfolio_Flows : -0.5422978968222608
--------------------

