--------------------
id : 3044735554
explain variance ratio : 0.31545973204907224
Weight :
Risk_Premium : -0.33292096231756424
Stock_Prices_mom24mma%_change : -0.5512057824772842
REER : -0.4917543710727224
Foreign_Exchange_Reserve_change_yryr% : -0.5761881776369424
Portfolio_Flows : -0.10670628832803941
Foreign_Exchange_Reserve_over_GDP : -0.011593477765352161
--------------------

