--------------------
id : 3066626479
explain variance ratio : 0.20337711746979045
Weight :
Risk_Premium : -0.19206660457417468
Stock_Prices_mom%_change : -0.42763676826447383
Stock_Prices_mom24mma%_change : -0.6411737824712791
One-Day_Repo_Rate_EOP : -0.28058449538333796
REER : -0.47940257375769674
Foreign_Exchange_Reserve_over_GDP : -0.23503033922312705
Portfolio_Flows : -0.07307289084723712
--------------------

