--------------------
id : 3086559041
explain variance ratio : 0.31490019153424026
Weight :
Risk_Premium : -0.30449293983093134
Stock_Prices_mom24mma%_change : -0.5293872893135083
Current_Account_Balance_change_yryr% : -0.08326806588741556
REER : -0.5176460032554884
Foreign_Exchange_Reserve_change_yryr% : -0.5929285775571153
Foreign_Exchange_Reserve_over_GDP : -0.024039424691482875
--------------------

