--------------------
id : 3096491919
explain variance ratio : 0.2064573179296243
Weight :
Term_Premium : -0.062286113686749155
Stock_Prices_mom%_change : -0.28966172630311954
Stock_Prices_mom24mma%_change : -0.10632610839180812
Stock_Market_Volatility : -0.23322047992913872
REER : -0.3141960027097586
Policy_Rate_&_Fed_Funds_Rate_Differential_EOP : -0.49359966540442757
Bank_Lending_mo12m%_change : -0.27422856521551453
Foreign_Exchange_Reserve_over_GDP : -0.6549491789341069
--------------------

