--------------------
id : 3108537251
explain variance ratio : 0.43618338264053275
Weight :
Risk_Premium : -0.3673736596226062
Stock_Prices_mom24mma%_change : -0.4664323581959712
Stock_Market_Volatility : -0.38607888783875677
Current_Account_Balance_over_GDP : -0.4605007932889953
Bank_Lending_mo12m%_change : -0.4683846965122802
Portfolio_Flows : -0.1437431735966186
Velocity_of_Money_mo12m%_change : -0.21520510520455932
--------------------

