--------------------
id : 3108843401
explain variance ratio : 0.20100527994245748
Weight :
Term_Premium : -0.05275889158242925
Stock_Prices_mom24mma%_change : -0.013332050492976519
Current_Account_Balance_change_yryr% : -0.9747551943463154
Broad_Money_mo12m%_change : -0.024843154634058364
Velocity_of_Money_mo12m%_change : -0.2151136549625596
--------------------

