--------------------
id : 3117696439
explain variance ratio : 0.20189992007981017
Weight :
Risk_Premium : -0.13533801878734789
Stock_Market_Volatility : -0.12408149346733813
Current_Account_Balance_change_yryr% : -0.4605616034594788
Foreign_Exchange_Reserve_change_yryr% : -0.5342720946256234
Bank_Lending_mo12m%_change : -0.054979288586439815
Portfolio_Flows : -0.68242290392347
--------------------

