--------------------
id : 3174163390
explain variance ratio : 0.27086272032834974
Weight :
Risk_Premium : 0.21499273072356967
Stock_Prices_mom24mma%_change : 0.43481669417207913
Current_Account_Balance_change_yryr% : 0.09813343427440303
REER : 0.5682931833858792
Broad_Money_mo12m%_change : 0.1399352192447208
Foreign_Exchange_Reserve_over_GDP : 0.014997419277014673
Foreign_Exchange_Reserve_change_yryr% : 0.6421202900001708
--------------------

