--------------------
id : 3191689260
explain variance ratio : 0.2881920783871724
Weight :
Risk_Premium : -0.5179099336217241
Stock_Prices_mom%_change : -0.178717122274881
Stock_Prices_mom24mma%_change : -0.637346952116182
Stock_Market_Volatility : -0.20247245408499417
Current_Account_Balance_change_yryr% : -0.02627466587585054
Velocity_of_Money_mo12m%_change : -0.42463878642299185
Foreign_Exchange_Reserve_change_yryr% : -0.2676094202846024
--------------------

