--------------------
id : 3194898877
explain variance ratio : 0.3327801968978316
Weight :
Risk_Premium : -0.30556328997847304
Stock_Prices_mom%_change : -0.31548415362412585
Stock_Market_Volatility : -0.46121774306540475
Current_Account_Balance_over_GDP : -0.5281497887406521
Velocity_of_Money_mo12m%_change : -0.14185672082295897
Bank_Lending_mo12m%_change : -0.5185719578262675
Portfolio_Flows : -0.14795558194100877
Foreign_Exchange_Reserve_over_GDP : -0.0671249569872967
--------------------

