--------------------
id : 3201984617
explain variance ratio : 0.2573241707638656
Weight :
Risk_Premium : -0.5322535855635291
Stock_Prices_mom%_change : -0.2411081177482589
Stock_Prices_mom24mma%_change : -0.6203381387622658
Stock_Market_Volatility : -0.3134393827866385
REER : -0.07639015769321802
Current_Account_Balance_over_GDP : -0.18288264108545216
Foreign_Exchange_Reserve_change_yryr% : -0.12995473335931432
Velocity_of_Money_mo12m%_change : -0.3454556321739195
--------------------

