--------------------
id : 3209344077
explain variance ratio : 0.24552467064626496
Weight :
Risk_Premium : 0.2265352719699127
Stock_Prices_mom24mma%_change : 0.5468869283284965
One-Day_Repo_Rate_AVG : 0.2335092921983723
Foreign_Exchange_Reserve_change_yryr% : 0.7463915645715568
Foreign_Exchange_Reserve_over_GDP : 0.11176430445675445
Broad_Money_mo12m%_change : 0.15961905030314044
--------------------

