--------------------
id : 3249041696
explain variance ratio : 0.20893397149983475
Weight :
Term_Premium : 0.02335392003284288
Stock_Prices_mom24mma%_change : 0.33055857266555483
REER : 0.43356365890473947
One-Day_Repo_Rate_EOP : 0.13535124820260286
Portfolio_Flows : 0.8269753428872849
--------------------

