--------------------
id : 3253137806
explain variance ratio : 0.23235584604292916
Weight :
Risk_Premium : -0.686573390122806
Stock_Prices_mom24mma%_change : -0.6994095163594396
Current_Account_Balance_change_yryr% : -0.02461526049868764
REER : -0.11071451234482205
Velocity_of_Money_mo12m%_change : -0.12220956056486842
Broad_Money_mo12m%_change : -0.10790976514896258
--------------------

