--------------------
id : 3254214711
explain variance ratio : 0.423465924688122
Weight :
Risk_Premium : -0.3500906216285338
Stock_Prices_mom24mma%_change : -0.4688924926533081
Stock_Market_Volatility : -0.4056709688714253
Current_Account_Balance_over_GDP : -0.48073895705816944
Bank_Lending_mo12m%_change : -0.48880289505379504
Portfolio_Flows : -0.13369385162053393
Foreign_Exchange_Reserve_over_GDP : -0.07138060652973621
--------------------

