--------------------
id : 3272453994
explain variance ratio : 0.23776802122768362
Weight :
Risk_Premium : 0.5514277855112002
Stock_Prices_mom24mma%_change : 0.7495143116400812
One-Day_Repo_Rate_AVG : 0.008415627020064265
Current_Account_Balance_change_yryr% : 0.0527258625027657
Broad_Money_mo12m%_change : 0.35093476026669096
Portfolio_Flows : 0.09027540470508451
--------------------

