--------------------
id : 3324077106
explain variance ratio : 0.23821329646478132
Weight :
Risk_Premium : -0.046425953386741804
Stock_Prices_mom24mma%_change : -0.3477652526473761
Current_Account_Balance_change_yryr% : -0.16979197159678236
One-Day_Repo_Rate_AVG : -0.3764935231046004
Velocity_of_Money_mo12m%_change : -0.4020885018351075
Foreign_Exchange_Reserve_change_yryr% : -0.7180000763647756
Broad_Money_mo12m%_change : -0.17066927191787284
--------------------

