--------------------
id : 3332023155
explain variance ratio : 0.20520133837918889
Weight :
Term_Premium : 0.1557062693447469
Stock_Prices_mom24mma%_change : 0.17685795705109197
Stock_Market_Volatility : 0.07588037575493728
REER : 0.5661123945189792
Bank_Lending_mo12m%_change : 0.14207691038096792
Foreign_Exchange_Reserve_over_GDP : 0.7733368590713435
--------------------

