--------------------
id : 3384559653
explain variance ratio : 0.20534391356190104
Weight :
Term_Premium : 0.3104784997695864
Stock_Prices_mom%_change : 0.722498053885059
Stock_Market_Volatility : 0.33034682449500735
One-Day_Repo_Rate_AVG : 0.5164623253616637
Bank_Lending_mo12m%_change : 0.0757450020873836
--------------------

