--------------------
id : 3402421535
explain variance ratio : 0.20994679694273063
Weight :
Term_Premium : 0.20086430679289657
Stock_Prices_mom%_change : 0.5940352561952718
One-Day_Repo_Rate_AVG : 0.35955893373244496
Bank_Lending_mo12m%_change : 0.01054323142264152
Portfolio_Flows : 0.6909282582858961
--------------------

