--------------------
id : 3409776544
explain variance ratio : 0.29759137617821735
Weight :
Risk_Premium : -0.71248418709659
Stock_Prices_mom24mma%_change : -0.4792921999052855
Current_Account_Balance_over_GDP : -0.38931040411436313
Velocity_of_Money_mo12m%_change : -0.16518637830091526
Portfolio_Flows : -0.2894756292322406
--------------------

