--------------------
id : 3480290052
explain variance ratio : 0.26348541236988676
Weight :
Risk_Premium : -0.5189234510845592
Stock_Prices_mom%_change : -0.2632446481476616
Stock_Prices_mom24mma%_change : -0.6790772275036234
Stock_Market_Volatility : -0.2133812181795064
REER : -0.21406275738811986
Current_Account_Balance_over_GDP : -0.03465807472942262
Foreign_Exchange_Reserve_change_yryr% : -0.3282060872466767
--------------------

