--------------------
id : 3500645095
explain variance ratio : 0.2303751420747699
Weight :
Risk_Premium : 0.09132079792818706
Stock_Prices_mom%_change : 0.5607303508922014
Stock_Prices_mom24mma%_change : 0.6995465471625668
REER : 0.20342708769795415
One-Day_Repo_Rate_AVG : 0.3583963764305732
Portfolio_Flows : 0.13433566599813432
--------------------

