--------------------
id : 3509659221
explain variance ratio : 0.2133893362488706
Weight :
Risk_Premium : -0.7701654425603909
Stock_Prices_mom%_change : -0.5129909120493594
Current_Account_Balance_over_GDP : -0.13900380874244422
REER : -0.19384414320093904
Foreign_Exchange_Reserve_change_yryr% : -0.29459786920870984
--------------------

