--------------------
id : 3608849357
explain variance ratio : 0.20337711746979026
Weight :
Risk_Premium : -0.19206660457417324
Stock_Prices_mom%_change : -0.42763676826447583
Stock_Prices_mom24mma%_change : -0.6411737824712787
REER : -0.4794025737576953
One-Day_Repo_Rate_EOP : -0.2805844953833383
Portfolio_Flows : -0.07307289084723875
Foreign_Exchange_Reserve_over_GDP : -0.2350303392231277
--------------------

