--------------------
id : 3612504187
explain variance ratio : 0.22493527606677813
Weight :
Risk_Premium : 0.45445865212929887
Stock_Prices_mom24mma%_change : 0.6413414911054478
One-Day_Repo_Rate_EOP : 0.1619560173608025
REER : 0.5055009162001566
Broad_Money_mo12m%_change : 0.18791046645416265
Velocity_of_Money_mo12m%_change : 0.25510224234582934
--------------------

