--------------------
id : 3677477645
explain variance ratio : 0.3146132805101554
Weight :
Risk_Premium : 0.2360079873743164
Stock_Prices_mom24mma%_change : 0.46045378069154164
REER : 0.563399855719663
Broad_Money_mo12m%_change : 0.11539612191836619
Foreign_Exchange_Reserve_over_GDP : 0.025663729864063844
Foreign_Exchange_Reserve_change_yryr% : 0.6331573709064119
--------------------

