--------------------
id : 3713076173
explain variance ratio : 0.2881920783871723
Weight :
Risk_Premium : -0.5179099336217242
Stock_Prices_mom%_change : -0.178717122274881
Stock_Prices_mom24mma%_change : -0.6373469521161821
Stock_Market_Volatility : -0.20247245408499404
Current_Account_Balance_change_yryr% : -0.026274665875850613
Foreign_Exchange_Reserve_change_yryr% : -0.26760942028460266
Velocity_of_Money_mo12m%_change : -0.42463878642299213
--------------------

