--------------------
id : 3714433307
explain variance ratio : 0.2049535574115065
Weight :
Term_Premium : 0.16289855470195594
Stock_Prices_mom%_change : 0.39077696767467196
REER : 0.34336955521276236
Portfolio_Flows : 0.8356797274484874
Broad_Money_mo12m%_change : 0.06703852694990864
--------------------

