--------------------
id : 3725626684
explain variance ratio : 0.23577385828521716
Weight :
Risk_Premium : 0.02897972361121632
Stock_Prices_mom24mma%_change : 0.344293457869398
One-Day_Repo_Rate_AVG : 0.3967842995286567
Broad_Money_mo12m%_change : 0.17789645717135874
Foreign_Exchange_Reserve_change_yryr% : 0.7272858533193558
Portfolio_Flows : 0.061953407495740874
Velocity_of_Money_mo12m%_change : 0.39843986186422964
--------------------

