--------------------
id : 3774957514
explain variance ratio : 0.25471327388764814
Weight :
Risk_Premium : -0.5538902626030116
Stock_Prices_mom24mma%_change : -0.6094757691583391
Stock_Market_Volatility : -0.3159081484457179
REER : -0.03478665471737381
Current_Account_Balance_over_GDP : -0.21409003819025818
Foreign_Exchange_Reserve_change_yryr% : -0.10508831246868727
Portfolio_Flows : -0.20860159579811152
Velocity_of_Money_mo12m%_change : -0.34690642911633873
--------------------

