--------------------
id : 3820108400
explain variance ratio : 0.25343824237161644
Weight :
Risk_Premium : 0.3327422587085689
Stock_Prices_mom24mma%_change : 0.09415464829278986
Current_Account_Balance_change_yryr% : 0.03954178797147318
REER : 0.6197376100127235
Portfolio_Flows : 0.06330675608342341
Velocity_of_Money_mo12m%_change : 0.7005508460121301
--------------------

