--------------------
id : 3826360518
explain variance ratio : 0.20100527994245737
Weight :
Term_Premium : -0.05275889158242916
Stock_Prices_mom24mma%_change : -0.013332050492976512
Current_Account_Balance_change_yryr% : -0.9747551943463157
Velocity_of_Money_mo12m%_change : -0.2151136549625595
Broad_Money_mo12m%_change : -0.02484315463405821
--------------------

