--------------------
id : 3834060897
explain variance ratio : 0.4306114250603119
Weight :
Risk_Premium : -0.36404165950112327
Stock_Prices_mom24mma%_change : -0.4678543373318148
Stock_Market_Volatility : -0.3929112016263073
Current_Account_Balance_over_GDP : -0.46975315725557254
Velocity_of_Money_mo12m%_change : -0.20503878890320024
Bank_Lending_mo12m%_change : -0.4788546966328179
Foreign_Exchange_Reserve_over_GDP : -0.04686173951391198
--------------------

