--------------------
id : 3959223929
explain variance ratio : 0.2271914890392659
Weight :
Risk_Premium : 0.10258904981741009
Stock_Prices_mom24mma%_change : 0.834058369435421
Current_Account_Balance_change_yryr% : 0.21255390415159112
One-Day_Repo_Rate_EOP : 0.4986178990490896
Portfolio_Flows : 0.004811632786934937
--------------------

