--------------------
id : 3962019502
explain variance ratio : 0.21341657078200885
Weight :
Risk_Premium : -0.5986179585486628
Stock_Prices_mom24mma%_change : -0.33553805400103087
Stock_Market_Volatility : -0.19365233305241786
REER : -0.33765541019680756
Current_Account_Balance_over_GDP : -0.03544903109147651
Velocity_of_Money_mo12m%_change : -0.5723700887062031
Portfolio_Flows : -0.22066762254019479
--------------------

