--------------------
id : 3982264972
explain variance ratio : 0.34985303474834006
Weight :
Risk_Premium : -0.4643467818386671
Stock_Prices_mom24mma%_change : -0.18297079721785237
Stock_Market_Volatility : -0.5640910801228852
Current_Account_Balance_over_GDP : -0.601320405536014
Portfolio_Flows : -0.2666810393960112
--------------------

