--------------------
id : 4014702014
explain variance ratio : 0.24536295532802313
Weight :
Term_Premium : 0.12187066223740244
Stock_Prices_mom24mma%_change : 0.20475039554474178
REER : 0.5541559187598365
Bank_Lending_mo12m%_change : 0.16305626012304894
Foreign_Exchange_Reserve_over_GDP : 0.7807359931168889
--------------------

