--------------------
id : 4065861325
explain variance ratio : 0.2833828029745799
Weight :
Risk_Premium : -0.7121599670589882
Stock_Prices_mom24mma%_change : -0.6065492432328796
Current_Account_Balance_change_yryr% : -0.036300071323468276
Portfolio_Flows : -0.2546870358116382
Velocity_of_Money_mo12m%_change : -0.24236958444399404
--------------------

