--------------------
id : 4093659159
explain variance ratio : 0.24705575543011207
Weight :
Risk_Premium : 0.21560501228566853
Stock_Prices_mom24mma%_change : 0.4959773805506233
One-Day_Repo_Rate_AVG : 0.24446789444806727
Foreign_Exchange_Reserve_change_yryr% : 0.7586056734382635
Portfolio_Flows : 0.15017248869778585
Broad_Money_mo12m%_change : 0.22298435171365716
--------------------

