--------------------
id : 4119052365
explain variance ratio : 0.4493420558077252
Weight :
Risk_Premium : -0.3400119980543536
Stock_Prices_mom%_change : -0.2473887617704036
Stock_Prices_mom24mma%_change : -0.4482661876976288
Stock_Market_Volatility : -0.3970051437069574
Current_Account_Balance_over_GDP : -0.4630854045962389
Bank_Lending_mo12m%_change : -0.4706549088065285
Velocity_of_Money_mo12m%_change : -0.16932468051734484
--------------------

