--------------------
id : 4153381709
explain variance ratio : 0.4360721818542371
Weight :
Risk_Premium : -0.30463410102681987
Stock_Prices_mom%_change : -0.3380192983140724
Stock_Market_Volatility : -0.4669186867120531
Current_Account_Balance_over_GDP : -0.536127853688154
Bank_Lending_mo12m%_change : -0.5158444099761426
Portfolio_Flows : -0.14628543213195455
--------------------

