--------------------
id : 4219535205
explain variance ratio : 0.21410542980962866
Weight :
Risk_Premium : -0.014552331118929309
Stock_Prices_mom24mma%_change : -0.5059312199850604
Current_Account_Balance_over_GDP : -0.16784597263360473
One-Day_Repo_Rate_EOP : -0.09466764386640975
Foreign_Exchange_Reserve_over_GDP : -0.84064712988203
--------------------

