--------------------
id : 4226621995
explain variance ratio : 0.27136518555792516
Weight :
Risk_Premium : -0.32807794405015633
Stock_Prices_mom24mma%_change : -0.5442574631359433
Current_Account_Balance_change_yryr% : -0.08746524776349895
REER : -0.49059500428576464
Foreign_Exchange_Reserve_change_yryr% : -0.5793727303647995
Foreign_Exchange_Reserve_over_GDP : -0.0035640976832420623
Portfolio_Flows : -0.11013439594201024
--------------------

