--------------------
id : 4238640258
explain variance ratio : 0.4560987780164849
Weight :
Risk_Premium : 0.29409011368256055
Stock_Prices_mom24mma%_change : 0.46839589685251737
REER : 0.48064057719663283
Velocity_of_Money_mo12m%_change : 0.4894263066857987
Foreign_Exchange_Reserve_change_yryr% : 0.4728242958244536
--------------------

