--------------------
id : 4254877183
explain variance ratio : 0.23826968558977338
Weight :
Risk_Premium : -0.04948274439673672
Stock_Prices_mom24mma%_change : -0.34874379353046037
Current_Account_Balance_change_yryr% : -0.1693433675521019
One-Day_Repo_Rate_EOP : -0.3745571919210119
Velocity_of_Money_mo12m%_change : -0.40214057152455107
Foreign_Exchange_Reserve_change_yryr% : -0.7179608826268258
Broad_Money_mo12m%_change : -0.172551702625411
--------------------

