--------------------
id : 4255630702
explain variance ratio : 0.33375056148374777
Weight :
Risk_Premium : -0.4976279598493664
Stock_Prices_mom24mma%_change : -0.6111761865597366
Current_Account_Balance_change_yryr% : -0.057838291675025556
Velocity_of_Money_mo12m%_change : -0.46962707473192444
Foreign_Exchange_Reserve_change_yryr% : -0.3538174177031866
Portfolio_Flows : -0.1724774193428048
--------------------

