--------------------
id : 4293601347
explain variance ratio : 0.238804238060708
Weight :
Term_Premium : 0.005719972392414341
Stock_Prices_mom24mma%_change : 0.4037146393485947
REER : 0.4275688873653861
Velocity_of_Money_mo12m%_change : 0.2175321815739419
Foreign_Exchange_Reserve_change_yryr% : 0.6228494187886175
Portfolio_Flows : 0.46787281385324514
--------------------

