--------------------
id : 4305382699
explain variance ratio : 0.20619031783436814
Weight :
Risk_Premium : -0.8021670320329138
Stock_Prices_mom%_change : -0.20223533365761012
Current_Account_Balance_over_GDP : -0.05912518128742744
Current_Account_Balance_change_yryr% : -0.4431280138980039
Foreign_Exchange_Reserve_change_yryr% : -0.3402509350118526
--------------------

