--------------------
id : 4307511827
explain variance ratio : 0.27165569621278324
Weight :
Risk_Premium : -0.023079757253683025
Stock_Prices_mom24mma%_change : -0.1587769314656063
Current_Account_Balance_change_yryr% : -0.30097216370065855
Broad_Money_mo12m%_change : -0.5545539423909978
Foreign_Exchange_Reserve_change_yryr% : -0.759040771299819
--------------------

