--------------------
id : 4314969878
explain variance ratio : 0.22139910978880942
Weight :
Risk_Premium : -0.7094319231998021
Stock_Market_Volatility : -0.24378901217988425
Current_Account_Balance_change_yryr% : -0.06122965000497786
Current_Account_Balance_over_GDP : -0.08768158656893976
Velocity_of_Money_mo12m%_change : -0.6285958695258791
Foreign_Exchange_Reserve_change_yryr% : -0.17522375991118694
--------------------

