--------------------
id : 4331607022
explain variance ratio : 0.200638293592133
Weight :
Term_Premium : 0.040800277612818965
Stock_Prices_mom%_change : 0.8428969254667722
REER : 0.2650205045838875
One-Day_Repo_Rate_AVG : 0.3758557873501313
Bank_Lending_mo12m%_change : 0.2763271062543331
--------------------

