--------------------
id : 4363808060
explain variance ratio : 0.20756998326536144
Weight :
Risk_Premium : -0.7053254387652604
Stock_Prices_mom24mma%_change : -0.4902171144162383
Current_Account_Balance_change_yryr% : -0.0036430310574975255
REER : -0.16474793994699638
Current_Account_Balance_over_GDP : -0.13068077536357783
Portfolio_Flows : -0.24746450503215173
Velocity_of_Money_mo12m%_change : -0.39589380453792267
--------------------

