--------------------
id : 4367340899
explain variance ratio : 0.20766586892262048
Weight :
Risk_Premium : -0.5041547854448667
Stock_Market_Volatility : -0.280945472449442
Current_Account_Balance_change_yryr% : -0.0097950455279251
REER : -0.3503364040046014
Current_Account_Balance_over_GDP : -0.09818729041970098
Velocity_of_Money_mo12m%_change : -0.689788189226116
Portfolio_Flows : -0.24211064606832672
--------------------

