--------------------
id : 4377946437
explain variance ratio : 0.21139386831220533
Weight :
Term_Premium : -0.26291957497768464
Stock_Prices_mom24mma%_change : -0.06693012495346315
Current_Account_Balance_change_yryr% : -0.4322174609936292
Foreign_Exchange_Reserve_change_yryr% : -0.7319239066105261
Foreign_Exchange_Reserve_over_GDP : -0.030605764926233292
Portfolio_Flows : -0.45048019264419814
--------------------

