--------------------
id : 4398233220
explain variance ratio : 0.2168846008202529
Weight :
Risk_Premium : 0.4414917077507504
Stock_Prices_mom%_change : 0.4139581219322168
Stock_Prices_mom24mma%_change : 0.7329428899161012
Current_Account_Balance_over_GDP : 0.002062131155494369
One-Day_Repo_Rate_AVG : 0.018091618796698003
Broad_Money_mo12m%_change : 0.2596168085857753
Portfolio_Flows : 0.16966443068380943
--------------------

