--------------------
id : 4461223104
explain variance ratio : 0.39273561543862445
Weight :
Risk_Premium : -0.31082503250773813
Stock_Prices_mom%_change : -0.27847093506563825
Stock_Prices_mom24mma%_change : -0.4423572461668076
Stock_Market_Volatility : -0.40403320027997014
Current_Account_Balance_over_GDP : -0.4633150862859391
Bank_Lending_mo12m%_change : -0.47599071684833183
Portfolio_Flows : -0.13722445275267287
Foreign_Exchange_Reserve_over_GDP : -0.0828275025958804
--------------------

