--------------------
id : 4533367204
explain variance ratio : 0.2893215347554389
Weight :
Risk_Premium : -0.5106586279310926
Stock_Prices_mom24mma%_change : -0.6220538981566059
Stock_Market_Volatility : -0.15945312437064557
Current_Account_Balance_change_yryr% : -0.048788871952759785
Velocity_of_Money_mo12m%_change : -0.44735649508874503
Foreign_Exchange_Reserve_change_yryr% : -0.2993049144513179
Portfolio_Flows : -0.1864397894681388
--------------------

