--------------------
id : 4550652832
explain variance ratio : 0.29605059538157324
Weight :
Risk_Premium : -0.5900145095447837
Stock_Prices_mom24mma%_change : -0.6950351320932513
Stock_Market_Volatility : -0.22724025950454713
REER : -0.1642332852390116
Current_Account_Balance_over_GDP : -0.08773697179992093
Foreign_Exchange_Reserve_change_yryr% : -0.2872291070592107
--------------------

