--------------------
id : 4566142081
explain variance ratio : 0.315459732049072
Weight :
Risk_Premium : -0.3329209623175647
Stock_Prices_mom24mma%_change : -0.5512057824772842
REER : -0.4917543710727224
Foreign_Exchange_Reserve_over_GDP : -0.011593477765351273
Foreign_Exchange_Reserve_change_yryr% : -0.5761881776369425
Portfolio_Flows : -0.10670628832803998
--------------------

