--------------------
id : 4569196800
explain variance ratio : 0.2850851704982467
Weight :
Risk_Premium : 0.5510115371279819
Stock_Prices_mom24mma%_change : 0.7512758297188473
One-Day_Repo_Rate_AVG : 0.010449697596236263
Portfolio_Flows : 0.08357475459323914
Broad_Money_mo12m%_change : 0.35337936816818283
--------------------

