--------------------
id : 4679949479
explain variance ratio : 0.40317526737979537
Weight :
Risk_Premium : -0.3409516904220165
Stock_Market_Volatility : -0.481163202943767
Current_Account_Balance_over_GDP : -0.5722474207046655
Bank_Lending_mo12m%_change : -0.5489251739603631
Portfolio_Flows : -0.13145419120550852
Foreign_Exchange_Reserve_over_GDP : -0.07853505863761184
--------------------

