--------------------
id : 4716826999
explain variance ratio : 0.3304503767964422
Weight :
Risk_Premium : -0.5610446102803839
Stock_Prices_mom24mma%_change : -0.6366877215812123
Stock_Market_Volatility : -0.23520902124933712
Current_Account_Balance_over_GDP : -0.09893131307734424
Velocity_of_Money_mo12m%_change : -0.416159563949034
Foreign_Exchange_Reserve_change_yryr% : -0.2038583317221251
--------------------

