--------------------
id : 4739176320
explain variance ratio : 0.37586781052876417
Weight :
Risk_Premium : -0.28251508193143177
Stock_Prices_mom%_change : -0.34171011525357564
Stock_Market_Volatility : -0.46806047762921954
Current_Account_Balance_over_GDP : -0.531949053305816
Bank_Lending_mo12m%_change : -0.5221224523415534
Foreign_Exchange_Reserve_over_GDP : -0.097489740196256
Portfolio_Flows : -0.13875487342982515
--------------------

