--------------------
id : 4768825267
explain variance ratio : 0.23776802122768384
Weight :
Risk_Premium : 0.5514277855112014
Stock_Prices_mom24mma%_change : 0.7495143116400811
Current_Account_Balance_change_yryr% : 0.052725862502765605
One-Day_Repo_Rate_AVG : 0.00841562702006371
Broad_Money_mo12m%_change : 0.35093476026669057
Portfolio_Flows : 0.0902754047050843
--------------------

