--------------------
id : 4786907339
explain variance ratio : 0.2357738582852172
Weight :
Risk_Premium : 0.028979723611215275
Stock_Prices_mom24mma%_change : 0.3442934578693974
One-Day_Repo_Rate_AVG : 0.3967842995286571
Foreign_Exchange_Reserve_change_yryr% : 0.7272858533193552
Broad_Money_mo12m%_change : 0.17789645717135763
Portfolio_Flows : 0.061953407495741464
Velocity_of_Money_mo12m%_change : 0.3984398618642313
--------------------

