--------------------
id : 4793776572
explain variance ratio : 0.21735660272595314
Weight :
Term_Premium : 0.03541756139230821
Stock_Prices_mom%_change : 0.6092279910948207
REER : 0.20043594780690482
One-Day_Repo_Rate_EOP : 0.2142068558175369
Portfolio_Flows : 0.7358856602483195
--------------------

