--------------------
id : 4802639864
explain variance ratio : 0.2174304676282968
Weight :
Term_Premium : -0.10488332577221736
Stock_Prices_mom%_change : -0.4633238025466813
Stock_Market_Volatility : -0.2981471511819263
Current_Account_Balance_over_GDP : -0.040260227871073195
One-Day_Repo_Rate_EOP : -0.4134243478031013
Foreign_Exchange_Reserve_over_GDP : -0.7161691426654007
--------------------

