--------------------
id : 4925696438
explain variance ratio : 0.24577655209259008
Weight :
Risk_Premium : 0.10230717366083228
Stock_Prices_mom24mma%_change : 0.5386881893383735
One-Day_Repo_Rate_AVG : 0.29736507209725965
Foreign_Exchange_Reserve_change_yryr% : 0.7214089915367017
Portfolio_Flows : 0.1460379400220449
Foreign_Exchange_Reserve_over_GDP : 0.2629910222528237
--------------------

