--------------------
id : 4926950581
explain variance ratio : 0.338498146843678
Weight :
Risk_Premium : -0.676192018201571
Stock_Prices_mom24mma%_change : -0.6842234554619229
Current_Account_Balance_over_GDP : -0.2268318632833164
REER : -0.02616876838438756
Foreign_Exchange_Reserve_change_yryr% : -0.14988368449199133
--------------------

