--------------------
id : 4943632496
explain variance ratio : 0.21119978948071505
Weight :
Term_Premium : -0.16661631958346393
Stock_Prices_mom%_change : -0.43685507031393117
Current_Account_Balance_change_yryr% : -0.4068604315414824
One-Day_Repo_Rate_AVG : -0.2849264420879083
Portfolio_Flows : -0.731216904505411
--------------------

