--------------------
id : 4954085962
explain variance ratio : 0.23614247444788322
Weight :
Risk_Premium : 0.02698295431817727
Stock_Prices_mom24mma%_change : 0.37759808501424497
One-Day_Repo_Rate_AVG : 0.39099217843409206
Velocity_of_Money_mo12m%_change : 0.4073532022694323
Foreign_Exchange_Reserve_change_yryr% : 0.7153669787994571
Foreign_Exchange_Reserve_over_GDP : 0.10412559471279505
Broad_Money_mo12m%_change : 0.1236448039469675
--------------------

