--------------------
id : 5071298906
explain variance ratio : 0.20303064634542
Weight :
Term_Premium : 0.05730191463201423
Stock_Market_Volatility : 0.020961925388179342
REER : 0.3954456262530603
Bank_Lending_mo12m%_change : 0.07739294056979236
Velocity_of_Money_mo12m%_change : 0.9131868251846456
--------------------

