--------------------
id : 5098034795
explain variance ratio : 0.21577380693988382
Weight :
Risk_Premium : -0.036354826472572016
Stock_Prices_mom%_change : -0.26651736621880057
Stock_Prices_mom24mma%_change : -0.5152246368755022
One-Day_Repo_Rate_EOP : -0.31126670909487
Foreign_Exchange_Reserve_change_yryr% : -0.6547434554905535
Portfolio_Flows : -0.1725845377420456
Foreign_Exchange_Reserve_over_GDP : -0.32684708089006137
--------------------

