--------------------
id : 5125063958
explain variance ratio : 0.2709198701761435
Weight :
Risk_Premium : -0.3025571724294839
Stock_Prices_mom%_change : -0.07175399528203263
Stock_Prices_mom24mma%_change : -0.5234880833350978
Current_Account_Balance_change_yryr% : -0.08266035362287315
REER : -0.516296672220295
Foreign_Exchange_Reserve_change_yryr% : -0.5952022212396183
Broad_Money_mo12m%_change : -0.04012575486271697
--------------------

