--------------------
id : 5188600148
explain variance ratio : 0.22893795787138327
Weight :
Risk_Premium : -0.6440784821470054
Stock_Market_Volatility : -0.2294002855572137
Current_Account_Balance_over_GDP : -0.06097670400408883
Foreign_Exchange_Reserve_change_yryr% : -0.22808196783865062
Portfolio_Flows : -0.33403753311215173
Velocity_of_Money_mo12m%_change : -0.6043325258576377
--------------------

