--------------------
id : 5204743539
explain variance ratio : 0.22520006299517276
Weight :
Risk_Premium : 0.4556850065393483
Stock_Prices_mom24mma%_change : 0.6404072162529656
REER : 0.505417320147091
One-Day_Repo_Rate_AVG : 0.16243217100344598
Velocity_of_Money_mo12m%_change : 0.2580884555757461
Broad_Money_mo12m%_change : 0.1838185072383296
--------------------

