--------------------
id : 5219106841
explain variance ratio : 0.21297829318318315
Weight :
Risk_Premium : -0.2534582044300068
Stock_Prices_mom24mma%_change : -0.5127266537327013
One-Day_Repo_Rate_EOP : -0.20851072463184983
Current_Account_Balance_change_yryr% : -0.1943506163296017
Broad_Money_mo12m%_change : -0.2063745099710159
Foreign_Exchange_Reserve_over_GDP : -0.015061727403906058
Foreign_Exchange_Reserve_change_yryr% : -0.7408131605248532
--------------------

