--------------------
id : 5263012597
explain variance ratio : 0.21000127846269862
Weight :
Risk_Premium : -0.633006866722715
Stock_Prices_mom%_change : -0.10626113014872862
Stock_Prices_mom24mma%_change : -0.434681079964203
Stock_Market_Volatility : -0.182275718846793
Current_Account_Balance_over_GDP : -0.027724955005346746
REER : -0.3232803103639622
Velocity_of_Money_mo12m%_change : -0.5104507495756838
--------------------

