--------------------
id : 5322143802
explain variance ratio : 0.2035631159635256
Weight :
Risk_Premium : -0.6124040311250226
Stock_Prices_mom24mma%_change : -0.7344662690415705
Stock_Market_Volatility : -0.008805535438429574
Current_Account_Balance_change_yryr% : -0.038070200743682406
Current_Account_Balance_over_GDP : -0.026733399618626696
Broad_Money_mo12m%_change : -0.2512630852303882
Portfolio_Flows : -0.14193629559874205
--------------------

