--------------------
id : 5324627018
explain variance ratio : 0.22037355183815158
Weight :
Term_Premium : 0.09309239209228655
Stock_Prices_mom%_change : 0.37457646545208684
Current_Account_Balance_over_GDP : 0.02163895657855916
One-Day_Repo_Rate_EOP : 0.4430368360836527
Bank_Lending_mo12m%_change : 0.2592313655156603
Foreign_Exchange_Reserve_over_GDP : 0.7662085190260033
--------------------

