--------------------
id : 5335379435
explain variance ratio : 0.21514308398340565
Weight :
Risk_Premium : -0.2165300226753242
Stock_Prices_mom24mma%_change : -0.4841464955252277
Current_Account_Balance_change_yryr% : -0.20941129573909906
One-Day_Repo_Rate_EOP : -0.22764063323682981
Foreign_Exchange_Reserve_change_yryr% : -0.7423143574228495
Broad_Money_mo12m%_change : -0.21219468650341963
Portfolio_Flows : -0.16427532149074806
--------------------

