--------------------
id : 5355136439
explain variance ratio : 0.2133893362488705
Weight :
Risk_Premium : -0.7701654425603933
Stock_Prices_mom%_change : -0.5129909120493552
REER : -0.1938441432009392
Current_Account_Balance_over_GDP : -0.1390038087424441
Foreign_Exchange_Reserve_change_yryr% : -0.2945978692087099
--------------------

