--------------------
id : 5374526388
explain variance ratio : 0.23058724154903482
Weight :
Risk_Premium : -0.5194876099915658
Stock_Prices_mom%_change : -0.2631845066752204
Stock_Prices_mom24mma%_change : -0.6790020521913219
Stock_Market_Volatility : -0.2153452625768854
Current_Account_Balance_change_yryr% : -0.018628009853705173
REER : -0.21169232570121266
Current_Account_Balance_over_GDP : -0.03598141150163908
Foreign_Exchange_Reserve_change_yryr% : -0.3270991654399139
--------------------

