--------------------
id : 5394383310
explain variance ratio : 0.3750769625265638
Weight :
Risk_Premium : -0.3047100997506534
Stock_Prices_mom%_change : -0.3150030667702113
Stock_Market_Volatility : -0.4671132890330985
Current_Account_Balance_over_GDP : -0.5376705558915881
Velocity_of_Money_mo12m%_change : -0.13167253957951952
Bank_Lending_mo12m%_change : -0.5260597272708549
Foreign_Exchange_Reserve_over_GDP : -0.08101775876692108
--------------------

