--------------------
id : 5402108108
explain variance ratio : 0.20967313086929343
Weight :
Term_Premium : 0.19356685008779057
Stock_Prices_mom%_change : 0.5911441153133605
One-Day_Repo_Rate_EOP : 0.3423891291262681
Portfolio_Flows : 0.7041461793813281
Broad_Money_mo12m%_change : 0.005324640486372378
--------------------

