--------------------
id : 5420988340
explain variance ratio : 0.24216397714776397
Weight :
Risk_Premium : -0.7052616138963402
Stock_Prices_mom24mma%_change : -0.4898794594386352
Current_Account_Balance_over_GDP : -0.13061825468164395
REER : -0.1653876985597822
Portfolio_Flows : -0.24700631979471632
Velocity_of_Money_mo12m%_change : -0.39648181531431
--------------------

