--------------------
id : 5430870311
explain variance ratio : 0.21688756812947624
Weight :
Risk_Premium : -0.4440731065813534
Stock_Prices_mom%_change : -0.41266727920163404
Stock_Prices_mom24mma%_change : -0.7325577167497822
One-Day_Repo_Rate_AVG : -0.01515275370990965
Current_Account_Balance_change_yryr% : -0.0076276318773495465
Broad_Money_mo12m%_change : -0.25745104378947253
Portfolio_Flows : -0.17115828246542497
--------------------

