--------------------
id : 5436379085
explain variance ratio : 0.5016854968908269
Weight :
Risk_Premium : -0.3721713304452419
Stock_Prices_mom24mma%_change : -0.46729726838000196
Stock_Market_Volatility : -0.39081036034504907
Current_Account_Balance_over_GDP : -0.46940270987788035
Velocity_of_Money_mo12m%_change : -0.21166444198977324
Bank_Lending_mo12m%_change : -0.47460329324883593
--------------------

