--------------------
id : 5490180555
explain variance ratio : 0.21310152005510524
Weight :
Risk_Premium : -0.24195727740300338
Stock_Prices_mom%_change : -0.043009209432352424
Stock_Prices_mom24mma%_change : -0.5070739338466602
One-Day_Repo_Rate_EOP : -0.22009040778129813
Current_Account_Balance_change_yryr% : -0.19386352748539598
Broad_Money_mo12m%_change : -0.20946709495007645
Foreign_Exchange_Reserve_change_yryr% : -0.7433596644126991
--------------------

