--------------------
id : 5491444514
explain variance ratio : 0.26074223487766174
Weight :
Term_Premium : -0.07297192956290169
Stock_Prices_mom%_change : -0.48715308120830975
Stock_Market_Volatility : -0.3215273395049768
One-Day_Repo_Rate_AVG : -0.38984102641790874
Foreign_Exchange_Reserve_over_GDP : -0.7085203716460095
--------------------

