--------------------
id : 5497981184
explain variance ratio : 0.20393071824182146
Weight :
Risk_Premium : -0.19458667305162647
Stock_Prices_mom%_change : -0.42930613101942994
Stock_Prices_mom24mma%_change : -0.6428776722485776
REER : -0.4752384777282266
One-Day_Repo_Rate_AVG : -0.28194391721913065
Foreign_Exchange_Reserve_over_GDP : -0.2313072470458846
Portfolio_Flows : -0.07545558533217805
--------------------

