--------------------
id : 5504785990
explain variance ratio : 0.20653078746111586
Weight :
Term_Premium : 0.007245535411441082
Stock_Prices_mom%_change : 0.4721699166759541
Stock_Prices_mom24mma%_change : 0.12163517961322905
Current_Account_Balance_over_GDP : 0.0788267113931545
One-Day_Repo_Rate_AVG : 0.36110498693529075
Foreign_Exchange_Reserve_over_GDP : 0.7909472125652163
--------------------

