--------------------
id : 5513680154
explain variance ratio : 0.2142622319717732
Weight :
Risk_Premium : -0.013435951309918896
Stock_Prices_mom24mma%_change : -0.5011685695428277
One-Day_Repo_Rate_AVG : -0.09380633044492107
Current_Account_Balance_over_GDP : -0.1758419538779586
Foreign_Exchange_Reserve_over_GDP : -0.8419795245370485
--------------------

