--------------------
id : 5573095640
explain variance ratio : 0.21694246067131445
Weight :
Risk_Premium : 0.4079546040020885
Stock_Prices_mom%_change : 0.42578989657939703
Stock_Prices_mom24mma%_change : 0.7363475089991328
Stock_Market_Volatility : 0.02700160867756283
One-Day_Repo_Rate_EOP : 0.04789574944137061
Portfolio_Flows : 0.16040593053667923
Broad_Money_mo12m%_change : 0.2851581995982436
--------------------

