--------------------
id : 5597553232
explain variance ratio : 0.20973753860112906
Weight :
Risk_Premium : -0.014906930045193794
Stock_Prices_mom%_change : -0.13806946918344618
Stock_Prices_mom24mma%_change : -0.42308172375305936
Current_Account_Balance_change_yryr% : -0.21530887738933255
One-Day_Repo_Rate_AVG : -0.38511182774648167
Foreign_Exchange_Reserve_change_yryr% : -0.7548166552573503
Portfolio_Flows : -0.19313012332462684
--------------------

