--------------------
id : 5598739089
explain variance ratio : 0.24100128375127483
Weight :
Risk_Premium : -0.6518949213312973
Stock_Prices_mom%_change : -0.23246658012803922
Stock_Prices_mom24mma%_change : -0.617809953749316
Current_Account_Balance_over_GDP : -0.023193578804210302
REER : -0.21397816681931264
Velocity_of_Money_mo12m%_change : -0.30492386548317835
--------------------

