--------------------
id : 5606688777
explain variance ratio : 0.23375312278985472
Weight :
Risk_Premium : -0.6896707268363994
Stock_Prices_mom24mma%_change : -0.703242009398434
Stock_Market_Volatility : -0.13682946535240018
Current_Account_Balance_change_yryr% : -0.010604515091397019
Velocity_of_Money_mo12m%_change : -0.02967686805004116
Broad_Money_mo12m%_change : -0.10044645307824115
--------------------

