--------------------
id : 5610351542
explain variance ratio : 0.23582225689648062
Weight :
Risk_Premium : -0.6367700209250877
Stock_Prices_mom24mma%_change : -0.7321600632223912
Stock_Market_Volatility : -0.029074940596033272
Current_Account_Balance_over_GDP : -0.05636395406121952
Current_Account_Balance_change_yryr% : -0.010980203319285337
Broad_Money_mo12m%_change : -0.2330724563740549
--------------------

