--------------------
id : 5694065143
explain variance ratio : 0.30343144842338415
Weight :
Risk_Premium : -0.313813982125991
Stock_Prices_mom%_change : -0.35342090095657197
Stock_Market_Volatility : -0.5919054837964568
Current_Account_Balance_over_GDP : -0.5953972884436092
Foreign_Exchange_Reserve_over_GDP : -0.07357175338140587
Portfolio_Flows : -0.2575880735968543
--------------------

