--------------------
id : 5706853299
explain variance ratio : 0.24542550948813793
Weight :
Risk_Premium : 0.2328405360362473
Stock_Prices_mom%_change : 0.06135714815113148
Stock_Prices_mom24mma%_change : 0.5143463668373248
One-Day_Repo_Rate_EOP : 0.24128552787797383
Broad_Money_mo12m%_change : 0.21751579387432185
Foreign_Exchange_Reserve_change_yryr% : 0.7562648831740297
--------------------

