--------------------
id : 5724599695
explain variance ratio : 0.2654144797161077
Weight :
Risk_Premium : -0.709588891747637
Stock_Market_Volatility : -0.2337577382253878
Current_Account_Balance_over_GDP : -0.08220233411654931
Velocity_of_Money_mo12m%_change : -0.6347920733195833
Foreign_Exchange_Reserve_change_yryr% : -0.1792281351923512
--------------------

