--------------------
id : 5726774127
explain variance ratio : 0.2377249029835726
Weight :
Risk_Premium : 0.5424182646041473
Stock_Prices_mom24mma%_change : 0.7509178469161955
Current_Account_Balance_change_yryr% : 0.053856245761897514
One-Day_Repo_Rate_EOP : 0.012587828460524642
Portfolio_Flows : 0.08403520861660846
Broad_Money_mo12m%_change : 0.36302058961774714
--------------------

