--------------------
id : 5809014961
explain variance ratio : 0.2926538097930681
Weight :
Risk_Premium : 0.13731152977347708
Stock_Prices_mom24mma%_change : 0.561959518210908
One-Day_Repo_Rate_AVG : 0.2776858034825327
Foreign_Exchange_Reserve_change_yryr% : 0.7182354949971819
Foreign_Exchange_Reserve_over_GDP : 0.26902678668460545
--------------------

