--------------------
id : 5859348720
explain variance ratio : 0.20992919729650295
Weight :
Term_Premium : 0.19327722704776162
Stock_Prices_mom%_change : 0.5934875833007943
One-Day_Repo_Rate_AVG : 0.3482846986692049
Broad_Money_mo12m%_change : 0.002702161875101805
Portfolio_Flows : 0.6993617582958138
--------------------

