--------------------
id : 5917344759
explain variance ratio : 0.20147884691115817
Weight :
Risk_Premium : -0.6798271984515952
Stock_Prices_mom24mma%_change : -0.6913093607808218
Current_Account_Balance_change_yryr% : -0.039991545529658765
REER : -0.029207485101948483
Velocity_of_Money_mo12m%_change : -0.08904670788717134
Portfolio_Flows : -0.2042490573912692
Broad_Money_mo12m%_change : -0.08847007071134783
--------------------

