--------------------
id : 5920890786
explain variance ratio : 0.20392705506332215
Weight :
Term_Premium : 0.14764344148510378
Stock_Prices_mom%_change : 0.22276783858187238
Stock_Prices_mom24mma%_change : 0.1774028161390526
Stock_Market_Volatility : 0.1407780522028312
REER : 0.5379830026805613
Foreign_Exchange_Reserve_over_GDP : 0.7667202709924347
--------------------

