--------------------
id : 5935439284
explain variance ratio : 0.25732417076386604
Weight :
Risk_Premium : -0.5322535855635295
Stock_Prices_mom%_change : -0.24110811774825924
Stock_Prices_mom24mma%_change : -0.620338138762266
Stock_Market_Volatility : -0.3134393827866396
Current_Account_Balance_over_GDP : -0.18288264108545377
REER : -0.07639015769321646
Foreign_Exchange_Reserve_change_yryr% : -0.1299547333593129
Velocity_of_Money_mo12m%_change : -0.34545563217391884
--------------------

