--------------------
id : 5938764149
explain variance ratio : 0.4909712823673345
Weight :
Risk_Premium : -0.37648340907656325
Stock_Market_Volatility : -0.46261864818135146
Current_Account_Balance_over_GDP : -0.5602449989219627
Velocity_of_Money_mo12m%_change : -0.21767805610275642
Bank_Lending_mo12m%_change : -0.53196431658449
--------------------

