--------------------
id : 5986017515
explain variance ratio : 0.3855246147422002
Weight :
Risk_Premium : -0.42912188682335034
Stock_Prices_mom24mma%_change : -0.51144485121595
Current_Account_Balance_over_GDP : -0.4794369354560568
Velocity_of_Money_mo12m%_change : -0.2588404083427484
Bank_Lending_mo12m%_change : -0.48070769431503035
Portfolio_Flows : -0.16225067627809203
Foreign_Exchange_Reserve_over_GDP : -0.0039075589509746655
--------------------

