--------------------
id : 6026645222
explain variance ratio : 0.5833485842910762
Weight :
Risk_Premium : -0.3670657825663504
Stock_Prices_mom24mma%_change : -0.46893726458839424
Stock_Market_Volatility : -0.407863937480196
Current_Account_Balance_over_GDP : -0.48983754138012503
Bank_Lending_mo12m%_change : -0.4889445210932752
--------------------

