--------------------
id : 6057335243
explain variance ratio : 0.24578929757928691
Weight :
Risk_Premium : -0.6175644690378903
Stock_Prices_mom%_change : -0.22802579784062188
Stock_Prices_mom24mma%_change : -0.574778184607952
REER : -0.23946316020126324
Velocity_of_Money_mo12m%_change : -0.35093495226977606
Portfolio_Flows : -0.23611534211422458
--------------------

