--------------------
id : 6071749379
explain variance ratio : 0.21794088536270703
Weight :
Term_Premium : 0.141227883616972
Stock_Prices_mom24mma%_change : 0.3032028395920921
One-Day_Repo_Rate_EOP : 0.027063812444365037
REER : 0.5899440935344666
Velocity_of_Money_mo12m%_change : 0.7344087686786809
--------------------

