--------------------
id : 6098320881
explain variance ratio : 0.2897530281669783
Weight :
Risk_Premium : -0.6417651109379225
Stock_Prices_mom24mma%_change : -0.67348731292236
REER : -0.031536094574713985
Current_Account_Balance_over_GDP : -0.21078873422496808
Foreign_Exchange_Reserve_change_yryr% : -0.1741767152848852
Portfolio_Flows : -0.24246327109653837
--------------------

