--------------------
id : 6114846859
explain variance ratio : 0.24025764997894913
Weight :
Term_Premium : 0.11502183211789818
Stock_Market_Volatility : 0.15851061046008375
REER : 0.47885716734760825
Bank_Lending_mo12m%_change : 0.21489572928911138
Foreign_Exchange_Reserve_over_GDP : 0.8283477550648274
--------------------

