--------------------
id : 6157201794
explain variance ratio : 0.3314784572182857
Weight :
Risk_Premium : -0.5217230488078913
Stock_Prices_mom24mma%_change : -0.6283092659490866
Stock_Market_Volatility : -0.1407294374507503
Current_Account_Balance_change_yryr% : -0.04346249625568505
Velocity_of_Money_mo12m%_change : -0.4637025144379703
Foreign_Exchange_Reserve_change_yryr% : -0.3103526085326859
--------------------

