--------------------
id : 6161953796
explain variance ratio : 0.28054968293233135
Weight :
Risk_Premium : -0.5144844044602409
Stock_Market_Volatility : -0.4603832755927591
Current_Account_Balance_over_GDP : -0.6543181880762049
REER : -0.14285336868149937
Velocity_of_Money_mo12m%_change : -0.2735208601381133
--------------------

