--------------------
id : 6161351233
explain variance ratio : 0.20094181237641526
Weight :
Risk_Premium : -0.651081890529164
Stock_Market_Volatility : -0.32313107082015236
Current_Account_Balance_over_GDP : -0.17566957092085833
REER : -0.12609283954913342
Foreign_Exchange_Reserve_change_yryr% : -0.12424946970854506
Portfolio_Flows : -0.32262561868694994
Velocity_of_Money_mo12m%_change : -0.5526248818199533
--------------------

