--------------------
id : 6190667367
explain variance ratio : 0.25363820669291426
Weight :
Term_Premium : -0.2583066582647946
Stock_Prices_mom24mma%_change : -0.06539843565901535
Current_Account_Balance_change_yryr% : -0.440137928983808
Foreign_Exchange_Reserve_change_yryr% : -0.724020567177877
Portfolio_Flows : -0.45942740088364276
--------------------

