--------------------
id : 6207378000
explain variance ratio : 0.2407970767660461
Weight :
Risk_Premium : 0.003299269039250358
Stock_Prices_mom%_change : 0.16594033624274118
Stock_Prices_mom24mma%_change : 0.43321732318877926
One-Day_Repo_Rate_EOP : 0.4062527111131937
Foreign_Exchange_Reserve_change_yryr% : 0.7651988417690118
Portfolio_Flows : 0.1849463105583493
--------------------

