--------------------
id : 6225227644
explain variance ratio : 0.5305569160601252
Weight :
Risk_Premium : -0.43789644912125425
Stock_Prices_mom24mma%_change : -0.5133373976787831
Current_Account_Balance_over_GDP : -0.4910137986357301
Velocity_of_Money_mo12m%_change : -0.25594432808820944
Bank_Lending_mo12m%_change : -0.4879850063886771
--------------------

