--------------------
id : 6233156793
explain variance ratio : 0.24910942259443794
Weight :
Risk_Premium : -0.08575327723655594
Stock_Prices_mom%_change : -0.25123534528601477
Stock_Prices_mom24mma%_change : -0.5517590343369728
One-Day_Repo_Rate_AVG : -0.28652501783724504
Foreign_Exchange_Reserve_change_yryr% : -0.6580192230617588
Foreign_Exchange_Reserve_over_GDP : -0.33166739511791776
--------------------

