--------------------
id : 6241403299
explain variance ratio : 0.2463484060119214
Weight :
Risk_Premium : -0.6738950808118264
Stock_Prices_mom24mma%_change : -0.4829185311421711
Stock_Market_Volatility : -0.3534142819938544
Current_Account_Balance_change_yryr% : -0.02536483980569138
Portfolio_Flows : -0.3115751020788518
Velocity_of_Money_mo12m%_change : -0.30005172601747004
--------------------

