--------------------
id : 6294331509
explain variance ratio : 0.3034314484233845
Weight :
Risk_Premium : -0.3138139821259902
Stock_Prices_mom%_change : -0.35342090095657264
Stock_Market_Volatility : -0.591905483796457
Current_Account_Balance_over_GDP : -0.5953972884436088
Portfolio_Flows : -0.25758807359685437
Foreign_Exchange_Reserve_over_GDP : -0.07357175338140676
--------------------

