--------------------
id : 6338312002
explain variance ratio : 0.20889974536557918
Weight :
Risk_Premium : -0.6710068047632631
Stock_Market_Volatility : -0.18619587234082846
Current_Account_Balance_change_yryr% : -0.6360762241208703
Current_Account_Balance_over_GDP : -0.017060791730219987
Foreign_Exchange_Reserve_change_yryr% : -0.3319592318016012
--------------------

