--------------------
id : 6364502920
explain variance ratio : 0.2853639113759242
Weight :
Risk_Premium : 0.5692788827798106
Stock_Prices_mom24mma%_change : 0.7459685415447413
Current_Account_Balance_change_yryr% : 0.05039701942269865
Portfolio_Flows : 0.10284642116957465
Broad_Money_mo12m%_change : 0.32609085042745695
--------------------

