--------------------
id : 6367340624
explain variance ratio : 0.2291068201098466
Weight :
Risk_Premium : 0.10958887935372053
Stock_Prices_mom24mma%_change : 0.8354576066582993
Current_Account_Balance_change_yryr% : 0.20090008953173535
One-Day_Repo_Rate_AVG : 0.49959427951086827
Portfolio_Flows : 0.006750918821748386
--------------------

