--------------------
id : 6387601415
explain variance ratio : 0.23746318918252227
Weight :
Risk_Premium : -0.6200008081111931
Stock_Prices_mom24mma%_change : -0.7309441327637703
Current_Account_Balance_change_yryr% : -0.03358152040842282
Current_Account_Balance_over_GDP : -0.039735258003587126
Broad_Money_mo12m%_change : -0.23857302888407367
Portfolio_Flows : -0.14729553071025026
--------------------

