--------------------
id : 6399049572
explain variance ratio : 0.4881187083144822
Weight :
Risk_Premium : -0.3518922381734036
Stock_Prices_mom24mma%_change : -0.46853232067146056
Stock_Market_Volatility : -0.40953701591712116
Current_Account_Balance_over_GDP : -0.48794738648969027
Bank_Lending_mo12m%_change : -0.4943624781717235
Foreign_Exchange_Reserve_over_GDP : -0.08026106146208384
--------------------

