--------------------
id : 6402941864
explain variance ratio : 0.2098215110011607
Weight :
Risk_Premium : -0.6377466590843548
Stock_Prices_mom%_change : -0.1613922933946345
Stock_Prices_mom24mma%_change : -0.4932751931918725
Stock_Market_Volatility : -0.18623073484627278
Current_Account_Balance_change_yryr% : -0.00031690510779116415
REER : -0.28869080655634444
Velocity_of_Money_mo12m%_change : -0.4537476627165169
--------------------

