--------------------
id : 6424578790
explain variance ratio : 0.2775471748797931
Weight :
Risk_Premium : -0.7247264042410073
Stock_Prices_mom24mma%_change : -0.6713960519041982
Current_Account_Balance_change_yryr% : -0.010461030733280271
Velocity_of_Money_mo12m%_change : -0.152206319911396
Broad_Money_mo12m%_change : -0.02688463312715933
--------------------

