--------------------
id : 6440390807
explain variance ratio : 0.2363682161152935
Weight :
Risk_Premium : 0.09309969681070492
Stock_Prices_mom24mma%_change : 0.31341331121101085
Current_Account_Balance_change_yryr% : 0.11109285835448167
REER : 0.6079814806384337
Policy_Rate_&_Fed_Funds_Rate_Differential_AVG : 0.02980812406267802
Foreign_Exchange_Reserve_change_yryr% : 0.6710348541220292
Portfolio_Flows : 0.008227367067350194
Broad_Money_mo12m%_change : 0.24469869136810496
--------------------

