--------------------
id : 6512614597
explain variance ratio : 0.21912759467809217
Weight :
Term_Premium : -0.04905303186219671
Stock_Prices_mom24mma%_change : -0.27354182396157056
One-Day_Repo_Rate_EOP : -0.13066756214187658
Current_Account_Balance_change_yryr% : -0.35722738694422906
Foreign_Exchange_Reserve_change_yryr% : -0.6956983857476982
Portfolio_Flows : -0.5422978968222602
--------------------

