--------------------
id : 6549967207
explain variance ratio : 0.22453171155864
Weight :
Risk_Premium : 0.330789960015957
Stock_Prices_mom24mma%_change : 0.6630098598519067
Current_Account_Balance_change_yryr% : 0.039030760844317065
REER : 0.6106858079259488
One-Day_Repo_Rate_AVG : 0.25885108457884315
Foreign_Exchange_Reserve_over_GDP : 0.09762933887872693
--------------------

