--------------------
id : 6551422855
explain variance ratio : 0.32654548670902706
Weight :
Risk_Premium : 0.2931692936258571
Stock_Prices_mom%_change : 0.023526410192525327
Stock_Prices_mom24mma%_change : 0.46931022527036226
Current_Account_Balance_change_yryr% : 0.05892522699588699
REER : 0.4780904973741362
Velocity_of_Money_mo12m%_change : 0.4866031563709014
Foreign_Exchange_Reserve_change_yryr% : 0.4737307757671669
--------------------

