--------------------
id : 6570003596
explain variance ratio : 0.24314341598018963
Weight :
Risk_Premium : -0.05619406584274912
Stock_Prices_mom24mma%_change : -0.43649698159896366
One-Day_Repo_Rate_AVG : -0.359077252897969
Current_Account_Balance_change_yryr% : -0.23467043164582027
Foreign_Exchange_Reserve_change_yryr% : -0.7691773135640301
Portfolio_Flows : -0.17513476890637653
--------------------

