--------------------
id : 6572531145
explain variance ratio : 0.2150851353459678
Weight :
Risk_Premium : -0.21436572095597387
Stock_Prices_mom24mma%_change : -0.4836861504800314
One-Day_Repo_Rate_AVG : -0.22887814545921387
Current_Account_Balance_change_yryr% : -0.21004099837694698
Broad_Money_mo12m%_change : -0.21108535440076104
Foreign_Exchange_Reserve_change_yryr% : -0.74291085144818
Portfolio_Flows : -0.16467865375587126
--------------------

