--------------------
id : 6572833903
explain variance ratio : 0.274613824940486
Weight :
Risk_Premium : 0.041275602168234796
Stock_Prices_mom24mma%_change : 0.3521735283235948
One-Day_Repo_Rate_AVG : 0.38983661788355095
Velocity_of_Money_mo12m%_change : 0.4069198441847708
Foreign_Exchange_Reserve_change_yryr% : 0.7254920854329773
Broad_Money_mo12m%_change : 0.17428429749586077
--------------------

