--------------------
id : 6576454357
explain variance ratio : 0.20882770120523927
Weight :
Term_Premium : 0.05984949314513511
Stock_Prices_mom24mma%_change : 0.09698183851421757
Current_Account_Balance_over_GDP : 0.02422088946057468
One-Day_Repo_Rate_EOP : 0.4115017141881572
Bank_Lending_mo12m%_change : 0.29846730726059
Foreign_Exchange_Reserve_over_GDP : 0.8532347363997972
--------------------

