--------------------
id : 6583748585
explain variance ratio : 0.2775471748797933
Weight :
Risk_Premium : -0.724726404241007
Stock_Prices_mom24mma%_change : -0.6713960519041989
Current_Account_Balance_change_yryr% : -0.010461030733280545
Broad_Money_mo12m%_change : -0.02688463312716033
Velocity_of_Money_mo12m%_change : -0.15220631991139494
--------------------

