--------------------
id : 6622475023
explain variance ratio : 0.23527134116981846
Weight :
Risk_Premium : 0.10070477259625102
Stock_Prices_mom24mma%_change : 0.34038387427341055
REER : 0.6124941598672089
Policy_Rate_&_Fed_Funds_Rate_Differential_EOP : 0.028558662838806426
Foreign_Exchange_Reserve_change_yryr% : 0.6692472569617722
Portfolio_Flows : 0.005963706469060227
Foreign_Exchange_Reserve_over_GDP : 0.05242921219459258
Broad_Money_mo12m%_change : 0.21761524482289507
--------------------

