--------------------
id : 6675171296
explain variance ratio : 0.21773780062533138
Weight :
Term_Premium : -0.09783264351510047
Stock_Prices_mom%_change : -0.45838269080723915
Stock_Prices_mom24mma%_change : -0.04489424035998427
Stock_Market_Volatility : -0.29192862660649466
One-Day_Repo_Rate_AVG : -0.4138632983100021
Foreign_Exchange_Reserve_over_GDP : -0.7223527096185591
--------------------

