--------------------
id : 6676520488
explain variance ratio : 0.2085840413884407
Weight :
Term_Premium : -0.08072475798584942
Stock_Prices_mom24mma%_change : -0.018806641408858002
Current_Account_Balance_change_yryr% : -0.7978110396711378
One-Day_Repo_Rate_AVG : -0.09660967901434292
Portfolio_Flows : -0.5893165012000338
--------------------

