--------------------
id : 6692480648
explain variance ratio : 0.25525015756394576
Weight :
Risk_Premium : -0.7945117415175975
Stock_Prices_mom%_change : -0.09725681104383155
Current_Account_Balance_over_GDP : -0.21581655804181393
Velocity_of_Money_mo12m%_change : -0.5572366317706136
Foreign_Exchange_Reserve_change_yryr% : -0.046933514509204965
--------------------

