--------------------
id : 6714458811
explain variance ratio : 0.20756998326536122
Weight :
Risk_Premium : -0.70532543876526
Stock_Prices_mom24mma%_change : -0.4902171144162385
Current_Account_Balance_change_yryr% : -0.0036430310574980668
REER : -0.16474793994699755
Current_Account_Balance_over_GDP : -0.1306807753635764
Velocity_of_Money_mo12m%_change : -0.39589380453792355
Portfolio_Flows : -0.24746450503215178
--------------------

