--------------------
id : 6732624704
explain variance ratio : 0.2925163715096678
Weight :
Risk_Premium : 0.13665479054098267
Stock_Prices_mom24mma%_change : 0.560920276664569
One-Day_Repo_Rate_EOP : 0.2779462203353212
Foreign_Exchange_Reserve_change_yryr% : 0.7191393457888666
Foreign_Exchange_Reserve_over_GDP : 0.2688464457425723
--------------------

