--------------------
id : 6743350845
explain variance ratio : 0.2724290677217149
Weight :
Risk_Premium : -0.3538530055356022
Stock_Prices_mom%_change : -0.13308509914155653
Stock_Prices_mom24mma%_change : -0.5773835975975512
REER : -0.454887912305734
Foreign_Exchange_Reserve_over_GDP : -0.015561423848023559
Foreign_Exchange_Reserve_change_yryr% : -0.5465132829818284
Portfolio_Flows : -0.13365122122744846
--------------------

