--------------------
id : 6785052588
explain variance ratio : 0.4493420558077252
Weight :
Risk_Premium : -0.3400119980543534
Stock_Prices_mom%_change : -0.2473887617704037
Stock_Prices_mom24mma%_change : -0.44826618769762855
Stock_Market_Volatility : -0.3970051437069574
Current_Account_Balance_over_GDP : -0.4630854045962387
Velocity_of_Money_mo12m%_change : -0.16932468051734487
Bank_Lending_mo12m%_change : -0.47065490880652855
--------------------

