--------------------
id : 6804757080
explain variance ratio : 0.2890678651460113
Weight :
Risk_Premium : -0.6385836718126484
Stock_Prices_mom%_change : -0.26724324256819454
Stock_Prices_mom24mma%_change : -0.6474575240226592
REER : -0.18817144646003567
Velocity_of_Money_mo12m%_change : -0.25725902262019607
--------------------

