--------------------
id : 6817505115
explain variance ratio : 0.21682074489833036
Weight :
Risk_Premium : 0.43388341560016624
Stock_Prices_mom%_change : 0.41269854893579405
Stock_Prices_mom24mma%_change : 0.7348524889391624
One-Day_Repo_Rate_EOP : 0.021952309044705576
Current_Account_Balance_change_yryr% : 0.008920143956512843
Broad_Money_mo12m%_change : 0.27140867345454733
Portfolio_Flows : 0.16490229836599204
--------------------

