--------------------
id : 6829564095
explain variance ratio : 0.21398809378773045
Weight :
Risk_Premium : -0.578027876250263
Stock_Prices_mom%_change : -0.0811070263219803
Stock_Prices_mom24mma%_change : -0.37582926561626184
Stock_Market_Volatility : -0.15932405541018624
REER : -0.36931263058880875
Velocity_of_Money_mo12m%_change : -0.5571046262252712
Portfolio_Flows : -0.214280772256366
--------------------

