--------------------
id : 6832736876
explain variance ratio : 0.20810032101518217
Weight :
Risk_Premium : 0.36822453031234
Stock_Prices_mom24mma%_change : 0.7499627911335175
Current_Account_Balance_change_yryr% : 0.10186936819030779
One-Day_Repo_Rate_EOP : 0.2915424414386371
REER : 0.45452181572542066
Portfolio_Flows : 0.0014362749228808425
--------------------

