--------------------
id : 6863453319
explain variance ratio : 0.28569047312474477
Weight :
Risk_Premium : 0.05604495292358397
Stock_Prices_mom%_change : 0.14023172818173685
Stock_Prices_mom24mma%_change : 0.47178687333407576
One-Day_Repo_Rate_AVG : 0.3853617487457664
Foreign_Exchange_Reserve_change_yryr% : 0.7785290581707397
--------------------

