--------------------
id : 6864767964
explain variance ratio : 0.23686105137527855
Weight :
Risk_Premium : -0.2149390373919883
Stock_Prices_mom%_change : -0.41561697946467396
Stock_Prices_mom24mma%_change : -0.6510805761976077
REER : -0.4824942587637727
One-Day_Repo_Rate_EOP : -0.26887737991529814
Foreign_Exchange_Reserve_over_GDP : -0.22817113032489383
--------------------

