--------------------
id : 6885541782
explain variance ratio : 0.20945571280102238
Weight :
Term_Premium : 0.05857240110261405
Stock_Prices_mom24mma%_change : 0.09509577264139425
Current_Account_Balance_over_GDP : 0.025107836736109234
One-Day_Repo_Rate_AVG : 0.4159412732368083
Bank_Lending_mo12m%_change : 0.30015690441273013
Foreign_Exchange_Reserve_over_GDP : 0.8507610442073335
--------------------

