--------------------
id : 6887075435
explain variance ratio : 0.21341657078200893
Weight :
Risk_Premium : -0.5986179585486635
Stock_Prices_mom24mma%_change : -0.3355380540010313
Stock_Market_Volatility : -0.19365233305241797
Current_Account_Balance_over_GDP : -0.03544903109147682
REER : -0.33765541019680717
Portfolio_Flows : -0.22066762254019406
Velocity_of_Money_mo12m%_change : -0.5723700887062027
--------------------

