--------------------
id : 6925704490
explain variance ratio : 0.20645731792962418
Weight :
Term_Premium : -0.06228611368674891
Stock_Prices_mom%_change : -0.2896617263031192
Stock_Prices_mom24mma%_change : -0.10632610839180848
Stock_Market_Volatility : -0.23322047992913897
Policy_Rate_&_Fed_Funds_Rate_Differential_EOP : -0.4935996654044278
REER : -0.31419600270975845
Bank_Lending_mo12m%_change : -0.27422856521551425
Foreign_Exchange_Reserve_over_GDP : -0.654949178934107
--------------------

