--------------------
id : 6963939544
explain variance ratio : 0.2241233509282097
Weight :
Risk_Premium : 0.32875783386379037
Stock_Prices_mom24mma%_change : 0.6610198475520713
Current_Account_Balance_change_yryr% : 0.03848921316642362
REER : 0.6139827751194777
One-Day_Repo_Rate_EOP : 0.2579529457050446
Foreign_Exchange_Reserve_over_GDP : 0.09987521185924725
--------------------

