--------------------
id : 6975245230
explain variance ratio : 0.24553959588531024
Weight :
Risk_Premium : 0.13868725722719644
Stock_Prices_mom24mma%_change : 0.5485058103386111
Current_Account_Balance_change_yryr% : 0.1486126653307494
One-Day_Repo_Rate_AVG : 0.27734452771373647
Foreign_Exchange_Reserve_change_yryr% : 0.725794019301123
Foreign_Exchange_Reserve_over_GDP : 0.23264683729816027
--------------------

