--------------------
id : 6975900074
explain variance ratio : 0.22233273064966594
Weight :
Risk_Premium : -0.6841573252667784
Stock_Prices_mom%_change : -0.1305070823552439
Stock_Market_Volatility : -0.23711167122214624
Current_Account_Balance_over_GDP : -0.04785004187683761
Velocity_of_Money_mo12m%_change : -0.6370085342609824
Foreign_Exchange_Reserve_change_yryr% : -0.22495602210260743
--------------------

