--------------------
id : 7015686470
explain variance ratio : 0.34667343726620337
Weight :
Risk_Premium : -0.6177880135268762
Stock_Prices_mom24mma%_change : -0.6971271632092991
Stock_Market_Volatility : -0.29151372028481504
Current_Account_Balance_change_yryr% : -0.02071816573366207
Foreign_Exchange_Reserve_change_yryr% : -0.21666148054652146
--------------------

