--------------------
id : 7037686652
explain variance ratio : 0.217160117192952
Weight :
Term_Premium : 0.1433339176776115
Stock_Prices_mom24mma%_change : 0.3303215025142836
REER : 0.6452838993035879
Foreign_Exchange_Reserve_over_GDP : 0.11575837025083963
Velocity_of_Money_mo12m%_change : 0.6637407491154367
--------------------

