--------------------
id : 7069801303
explain variance ratio : 0.20899294902348983
Weight :
Term_Premium : -0.010574677667626476
Stock_Prices_mom%_change : -0.12240401494917083
Stock_Prices_mom24mma%_change : -0.36816092604593886
REER : -0.47546098929005803
Foreign_Exchange_Reserve_change_yryr% : -0.5568787714977462
Bank_Lending_mo12m%_change : -0.12365089555466803
Foreign_Exchange_Reserve_over_GDP : -0.5457987755542819
--------------------

