--------------------
id : 7081101304
explain variance ratio : 0.24534563366309817
Weight :
Risk_Premium : 0.2299277099648532
Stock_Prices_mom%_change : 0.06334288118507095
Stock_Prices_mom24mma%_change : 0.5139649678422676
One-Day_Repo_Rate_AVG : 0.2431858401887092
Broad_Money_mo12m%_change : 0.21602718206075722
Foreign_Exchange_Reserve_change_yryr% : 0.7570692459524354
--------------------

