--------------------
id : 7133123177
explain variance ratio : 0.28846252968281905
Weight :
Risk_Premium : -0.0987996352560238
Stock_Prices_mom24mma%_change : -0.467155700501046
Current_Account_Balance_change_yryr% : -0.22404911985905174
One-Day_Repo_Rate_EOP : -0.3420689264026567
Foreign_Exchange_Reserve_change_yryr% : -0.7776856852500057
--------------------

