--------------------
id : 7151086423
explain variance ratio : 0.22343003236648323
Weight :
Risk_Premium : 0.2395151626618833
Stock_Prices_mom%_change : 0.3670976297730204
Stock_Prices_mom24mma%_change : 0.6605127032834538
REER : 0.49789972027983964
One-Day_Repo_Rate_EOP : 0.29998846056686534
Velocity_of_Money_mo12m%_change : 0.18356900049639435
--------------------

