--------------------
id : 7153762299
explain variance ratio : 0.271655696212783
Weight :
Risk_Premium : -0.023079757253682387
Stock_Prices_mom24mma%_change : -0.15877693146560565
Current_Account_Balance_change_yryr% : -0.30097216370065905
Foreign_Exchange_Reserve_change_yryr% : -0.7590407712998186
Broad_Money_mo12m%_change : -0.5545539423909976
--------------------

