--------------------
id : 7211748807
explain variance ratio : 0.2940348380223005
Weight :
Risk_Premium : 0.2516728530082298
Stock_Prices_mom24mma%_change : 0.515521426943917
One-Day_Repo_Rate_AVG : 0.22437726080011677
Foreign_Exchange_Reserve_change_yryr% : 0.7549089844370828
Broad_Money_mo12m%_change : 0.2250904339869087
--------------------

