--------------------
id : 7217786035
explain variance ratio : 0.3154823676715947
Weight :
Risk_Premium : -0.31740502487689715
Stock_Prices_mom24mma%_change : -0.5328146552348849
REER : -0.5063876860815233
Broad_Money_mo12m%_change : -0.031545477943577205
Foreign_Exchange_Reserve_change_yryr% : -0.5901818631063702
Portfolio_Flows : -0.09810380225268608
--------------------

