--------------------
id : 7232241744
explain variance ratio : 0.22693441511755816
Weight :
Term_Premium : -0.020263252513897545
Stock_Market_Volatility : -0.2826491394714687
Current_Account_Balance_over_GDP : -0.1124384759100211
REER : -0.3889016440025522
Foreign_Exchange_Reserve_over_GDP : -0.8693744676379338
--------------------

