--------------------
id : 7260657482
explain variance ratio : 0.21688756812947646
Weight :
Risk_Premium : -0.4440731065813547
Stock_Prices_mom%_change : -0.41266727920163504
Stock_Prices_mom24mma%_change : -0.732557716749782
Current_Account_Balance_change_yryr% : -0.007627631877350207
One-Day_Repo_Rate_AVG : -0.015152753709907638
Portfolio_Flows : -0.17115828246542522
Broad_Money_mo12m%_change : -0.2574510437894705
--------------------

