--------------------
id : 7279726932
explain variance ratio : 0.20756998326536152
Weight :
Risk_Premium : -0.7053254387652591
Stock_Prices_mom24mma%_change : -0.4902171144162373
Current_Account_Balance_over_GDP : -0.13068077536357597
Current_Account_Balance_change_yryr% : -0.0036430310574973278
REER : -0.1647479399469985
Portfolio_Flows : -0.24746450503215017
Velocity_of_Money_mo12m%_change : -0.395893804537924
--------------------

