--------------------
id : 7283534413
explain variance ratio : 0.34016394732246563
Weight :
Risk_Premium : -0.5066994197561276
Stock_Prices_mom24mma%_change : -0.1726094822645191
Stock_Market_Volatility : -0.5772969977939607
Current_Account_Balance_over_GDP : -0.6055238163038883
Velocity_of_Money_mo12m%_change : -0.11632174722738944
--------------------

