--------------------
id : 7296380286
explain variance ratio : 0.2409936629090075
Weight :
Risk_Premium : 0.0023529556258643884
Stock_Prices_mom%_change : 0.1694868011015273
Stock_Prices_mom24mma%_change : 0.433666965452821
One-Day_Repo_Rate_AVG : 0.40688517435764543
Foreign_Exchange_Reserve_change_yryr% : 0.7634814203414341
Portfolio_Flows : 0.18639266779707417
--------------------

