--------------------
id : 7307381021
explain variance ratio : 0.2211161022555519
Weight :
Term_Premium : 0.09229788655408311
Stock_Prices_mom%_change : 0.3736681625504423
One-Day_Repo_Rate_AVG : 0.4477424631851678
Current_Account_Balance_over_GDP : 0.021387022358846625
Bank_Lending_mo12m%_change : 0.26013708772326255
Foreign_Exchange_Reserve_over_GDP : 0.7637088332343598
--------------------

