--------------------
id : 7389085069
explain variance ratio : 0.44977474995758293
Weight :
Risk_Premium : -0.42976900393864426
Stock_Prices_mom24mma%_change : -0.511250952665264
Current_Account_Balance_over_GDP : -0.47924576835128924
Velocity_of_Money_mo12m%_change : -0.2594226349627239
Bank_Lending_mo12m%_change : -0.48014928953356883
Portfolio_Flows : -0.16248420353755577
--------------------

