--------------------
id : 7447652504
explain variance ratio : 0.2036673058529
Weight :
Risk_Premium : 0.027770135173810665
Stock_Prices_mom%_change : 0.4237064634826849
REER : 0.16989706145373146
Foreign_Exchange_Reserve_change_yryr% : 0.48756361123313
Bank_Lending_mo12m%_change : 0.14312868335132134
Portfolio_Flows : 0.7298167892753888
--------------------

