--------------------
id : 7469996732
explain variance ratio : 0.21291886276487904
Weight :
Risk_Premium : -0.25037071598504684
Stock_Prices_mom24mma%_change : -0.5141942669809614
Current_Account_Balance_change_yryr% : -0.19375592816924075
One-Day_Repo_Rate_AVG : -0.21021250185963858
Foreign_Exchange_Reserve_change_yryr% : -0.7414828384131781
Foreign_Exchange_Reserve_over_GDP : -0.020756657878179555
Broad_Money_mo12m%_change : -0.2023869220940437
--------------------

