--------------------
id : 7492863573
explain variance ratio : 0.2613077235099201
Weight :
Risk_Premium : -0.5463497744769829
Stock_Prices_mom%_change : -0.338089170408867
Stock_Prices_mom24mma%_change : -0.6536117922184189
Stock_Market_Volatility : -0.3801743262812028
REER : -0.0015050201445824113
Foreign_Exchange_Reserve_change_yryr% : -0.12428995321751929
Foreign_Exchange_Reserve_over_GDP : -0.00254674977278746
--------------------

