--------------------
id : 7497401219
explain variance ratio : 0.4361833826405325
Weight :
Risk_Premium : -0.36737365962260565
Stock_Prices_mom24mma%_change : -0.46643235819597084
Stock_Market_Volatility : -0.38607888783875666
Current_Account_Balance_over_GDP : -0.46050079328899507
Velocity_of_Money_mo12m%_change : -0.21520510520455918
Bank_Lending_mo12m%_change : -0.46838469651228
Portfolio_Flows : -0.14374317359661856
--------------------

