--------------------
id : 7520309085
explain variance ratio : 0.24577655209259
Weight :
Risk_Premium : 0.10230717366083225
Stock_Prices_mom24mma%_change : 0.5386881893383743
One-Day_Repo_Rate_AVG : 0.2973650720972599
Foreign_Exchange_Reserve_change_yryr% : 0.721408991536702
Foreign_Exchange_Reserve_over_GDP : 0.26299102225282356
Portfolio_Flows : 0.14603794002204393
--------------------

