--------------------
id : 7532653540
explain variance ratio : 0.2715197231357501
Weight :
Risk_Premium : 0.2852705127625564
Stock_Prices_mom24mma%_change : 0.5014322727989612
Current_Account_Balance_change_yryr% : 0.09460255943516577
REER : 0.5235073371097176
Foreign_Exchange_Reserve_change_yryr% : 0.6098094935304681
Portfolio_Flows : 0.08875145928077924
Broad_Money_mo12m%_change : 0.06657622819077974
--------------------

