--------------------
id : 7540985491
explain variance ratio : 0.2168314583606863
Weight :
Risk_Premium : -0.16401648584617168
Stock_Prices_mom%_change : -0.3584993939578401
Stock_Market_Volatility : -0.6605844512666097
REER : -0.08611569916520484
Velocity_of_Money_mo12m%_change : -0.633079020347866
--------------------

