--------------------
id : 7589648025
explain variance ratio : 0.20725918865517926
Weight :
Term_Premium : 0.0010489769864721846
Stock_Prices_mom%_change : 0.3181039096889202
Stock_Prices_mom24mma%_change : 0.2115085564722292
REER : 0.3534222342278077
One-Day_Repo_Rate_AVG : 0.35075485543131457
Bank_Lending_mo12m%_change : 0.30644887290916456
Foreign_Exchange_Reserve_over_GDP : 0.7156995017913765
--------------------

