--------------------
id : 7615245573
explain variance ratio : 0.2829764658802075
Weight :
Risk_Premium : -0.636240282979527
Stock_Prices_mom24mma%_change : -0.7324034423595301
Stock_Market_Volatility : -0.027653431316606525
Current_Account_Balance_over_GDP : -0.05612048055258534
Broad_Money_mo12m%_change : -0.23424192479786182
--------------------

