--------------------
id : 7655337179
explain variance ratio : 0.3896704550322077
Weight :
Risk_Premium : -0.3738486696644254
Stock_Prices_mom%_change : -0.2818180326431895
Stock_Prices_mom24mma%_change : -0.49571475568132395
Current_Account_Balance_over_GDP : -0.5000304070086915
Bank_Lending_mo12m%_change : -0.5047185672488183
Foreign_Exchange_Reserve_over_GDP : -0.0728400441245377
Portfolio_Flows : -0.15813202578865537
--------------------

