--------------------
id : 7658104151
explain variance ratio : 0.3627054525421598
Weight :
Risk_Premium : -0.3602121816621053
Stock_Prices_mom%_change : -0.36891297908153375
Current_Account_Balance_over_GDP : -0.6074173225440128
Bank_Lending_mo12m%_change : -0.574136758717751
Foreign_Exchange_Reserve_over_GDP : -0.08394725598148678
Portfolio_Flows : -0.16886217700577483
--------------------

