--------------------
id : 7670847657
explain variance ratio : 0.22068857444163092
Weight :
Risk_Premium : -0.6750682255703773
Stock_Prices_mom%_change : -0.2683234934830667
Stock_Market_Volatility : -0.387003316005218
Current_Account_Balance_change_yryr% : -0.021532858527254128
Velocity_of_Money_mo12m%_change : -0.5551136073204971
Foreign_Exchange_Reserve_change_yryr% : -0.11789421547531324
--------------------

