--------------------
id : 7706960213
explain variance ratio : 0.22689313025114533
Weight :
Term_Premium : -0.18671372963523505
Stock_Prices_mom%_change : -0.34520693643444383
Stock_Market_Volatility : -0.1927258804651701
One-Day_Repo_Rate_EOP : -0.4993280280529793
Bank_Lending_mo12m%_change : -0.1859800357709735
Foreign_Exchange_Reserve_over_GDP : -0.7245066154960361
--------------------

