--------------------
id : 7726417584
explain variance ratio : 0.23527134116981852
Weight :
Risk_Premium : 0.10070477259625087
Stock_Prices_mom24mma%_change : 0.34038387427341127
REER : 0.6124941598672089
Policy_Rate_&_Fed_Funds_Rate_Differential_EOP : 0.02855866283880651
Foreign_Exchange_Reserve_change_yryr% : 0.6692472569617722
Broad_Money_mo12m%_change : 0.21761524482289474
Foreign_Exchange_Reserve_over_GDP : 0.05242921219459418
Portfolio_Flows : 0.005963706469059974
--------------------

