--------------------
id : 7741071128
explain variance ratio : 0.2941515599845224
Weight :
Risk_Premium : 0.2538578294091659
Stock_Prices_mom24mma%_change : 0.5159394020981922
One-Day_Repo_Rate_EOP : 0.22320394822674117
Foreign_Exchange_Reserve_change_yryr% : 0.7539968292738458
Broad_Money_mo12m%_change : 0.22590155986891264
--------------------

