--------------------
id : 7759874404
explain variance ratio : 0.23776802122768378
Weight :
Risk_Premium : 0.5514277855112008
Stock_Prices_mom24mma%_change : 0.7495143116400812
Current_Account_Balance_change_yryr% : 0.0527258625027655
One-Day_Repo_Rate_AVG : 0.008415627020063932
Portfolio_Flows : 0.09027540470508473
Broad_Money_mo12m%_change : 0.35093476026669057
--------------------

