--------------------
id : 7785210042
explain variance ratio : 0.2889756837737809
Weight :
Risk_Premium : -0.5159928120815855
Stock_Prices_mom24mma%_change : -0.6247286530002958
Stock_Market_Volatility : -0.16808029719106096
Current_Account_Balance_over_GDP : -0.006197483694582284
Velocity_of_Money_mo12m%_change : -0.4442502688239617
Foreign_Exchange_Reserve_change_yryr% : -0.28823435096377115
Portfolio_Flows : -0.18638345008858542
--------------------

