--------------------
id : 7800810390
explain variance ratio : 0.24563779629083168
Weight :
Risk_Premium : 0.10176380389425249
Stock_Prices_mom24mma%_change : 0.5377057214071355
One-Day_Repo_Rate_EOP : 0.29751639101857696
Foreign_Exchange_Reserve_over_GDP : 0.26286575922790345
Foreign_Exchange_Reserve_change_yryr% : 0.7223729493865888
Portfolio_Flows : 0.14518814372511069
--------------------

