--------------------
id : 7863365229
explain variance ratio : 0.2530305146416118
Weight :
Risk_Premium : -0.44362880639138674
Stock_Prices_mom%_change : -0.4132902479807602
Stock_Prices_mom24mma%_change : -0.7326103805104778
One-Day_Repo_Rate_AVG : -0.01555727326216122
Portfolio_Flows : -0.1704226344455447
Broad_Money_mo12m%_change : -0.25764467848052847
--------------------

