--------------------
id : 7923896540
explain variance ratio : 0.33147845721828584
Weight :
Risk_Premium : -0.5217230488078912
Stock_Prices_mom24mma%_change : -0.6283092659490865
Stock_Market_Volatility : -0.14072943745075
Current_Account_Balance_change_yryr% : -0.043462496255685004
Foreign_Exchange_Reserve_change_yryr% : -0.3103526085326861
Velocity_of_Money_mo12m%_change : -0.4637025144379703
--------------------

