--------------------
id : 7929060269
explain variance ratio : 0.2746956459349787
Weight :
Risk_Premium : 0.04451191616020696
Stock_Prices_mom24mma%_change : 0.3531739513630396
One-Day_Repo_Rate_EOP : 0.3878075991263412
Velocity_of_Money_mo12m%_change : 0.40692747993403783
Foreign_Exchange_Reserve_change_yryr% : 0.7254160228319982
Broad_Money_mo12m%_change : 0.17627743857727685
--------------------

