--------------------
id : 7957079462
explain variance ratio : 0.28485538481623496
Weight :
Risk_Premium : -0.6165983059923313
Stock_Prices_mom24mma%_change : -0.7335944595733764
Current_Account_Balance_over_GDP : -0.03475564660641228
Broad_Money_mo12m%_change : -0.24694326937872232
Portfolio_Flows : -0.13948750721176262
--------------------

