--------------------
id : 7972741561
explain variance ratio : 0.2001313861433263
Weight :
Term_Premium : 0.014190062828298313
Stock_Prices_mom%_change : 0.28852589574933035
Stock_Prices_mom24mma%_change : 0.1381143292706909
Policy_Rate_&_Fed_Funds_Rate_Differential_AVG : 0.4780032888525277
REER : 0.30570072640603146
Current_Account_Balance_over_GDP : 0.09433632759541331
Bank_Lending_mo12m%_change : 0.31151372427266405
Foreign_Exchange_Reserve_over_GDP : 0.6852705015215952
--------------------

