--------------------
id : 7983083261
explain variance ratio : 0.2762486565244443
Weight :
Risk_Premium : -0.5722138570840583
Stock_Market_Volatility : -0.49637043579007156
Current_Account_Balance_change_yryr% : -0.030396163461194364
Velocity_of_Money_mo12m%_change : -0.5234696738635282
Portfolio_Flows : -0.38890007203215
--------------------

