--------------------
id : 7984039079
explain variance ratio : 0.22749156466362558
Weight :
Risk_Premium : -0.5575199690668727
Stock_Prices_mom24mma%_change : -0.6797400772613976
Stock_Market_Volatility : -0.21749524406103782
Current_Account_Balance_change_yryr% : -0.039964886046405454
REER : -0.1684202301759543
Current_Account_Balance_over_GDP : -0.06905738427904107
Foreign_Exchange_Reserve_change_yryr% : -0.30909132183605653
Portfolio_Flows : -0.22260232851460765
--------------------

