--------------------
id : 8013465160
explain variance ratio : 0.2003819831272237
Weight :
Term_Premium : -0.11087151193548282
Stock_Prices_mom%_change : -0.3634023332505175
Stock_Market_Volatility : -0.22086253885887663
One-Day_Repo_Rate_EOP : -0.4381499852374713
Foreign_Exchange_Reserve_change_yryr% : -0.25556583582509795
Bank_Lending_mo12m%_change : -0.2141216575557574
Foreign_Exchange_Reserve_over_GDP : -0.7097384030183438
--------------------

