--------------------
id : 8036531531
explain variance ratio : 0.2704287671075959
Weight :
Risk_Premium : -0.31187311342042345
Stock_Prices_mom24mma%_change : -0.5313258564120732
REER : -0.5092098000104377
Foreign_Exchange_Reserve_change_yryr% : -0.5922400499203914
Broad_Money_mo12m%_change : -0.03206595970112734
Foreign_Exchange_Reserve_over_GDP : -0.012053398682279476
Portfolio_Flows : -0.09597701852893267
--------------------

