--------------------
id : 8060427527
explain variance ratio : 0.24127708372015014
Weight :
Risk_Premium : -0.07139853693822795
Stock_Prices_mom%_change : -0.10649542947620709
Stock_Prices_mom24mma%_change : -0.4626372676597299
Current_Account_Balance_change_yryr% : -0.2090801432924097
One-Day_Repo_Rate_EOP : -0.36176345595162906
Foreign_Exchange_Reserve_change_yryr% : -0.7713238143703702
--------------------

