--------------------
id : 8067612320
explain variance ratio : 0.22108814290177106
Weight :
Term_Premium : 0.03416676906721384
Risk_Premium : 0.053472590556255764
Stock_Prices_mom24mma%_change : 0.41088275631984106
One-Day_Repo_Rate_AVG : 0.13561747200089913
Foreign_Exchange_Reserve_change_yryr% : 0.8993089434659294
--------------------

