--------------------
id : 8116418565
explain variance ratio : 0.25932000721337445
Weight :
Risk_Premium : -0.571873927600013
Stock_Prices_mom%_change : -0.2898454446513562
Stock_Prices_mom24mma%_change : -0.6666998497876071
Current_Account_Balance_over_GDP : -0.16600610281673955
REER : -0.07817916616519176
Foreign_Exchange_Reserve_change_yryr% : -0.2135601480711697
Portfolio_Flows : -0.25530999667170773
--------------------

