--------------------
id : 8152450635
explain variance ratio : 0.20253809793987856
Weight :
Term_Premium : 0.04454396556855254
Stock_Prices_mom%_change : 0.4100434367489008
Stock_Market_Volatility : 0.15264463466316236
One-Day_Repo_Rate_EOP : 0.19554581106145552
Foreign_Exchange_Reserve_change_yryr% : 0.5478178098122033
Portfolio_Flows : 0.6842786812754037
--------------------

