--------------------
id : 8160955978
explain variance ratio : 0.20695606400148975
Weight :
Risk_Premium : 0.018878711971107458
Stock_Prices_mom24mma%_change : 0.3694558469955863
One-Day_Repo_Rate_EOP : 0.39585484268274057
Velocity_of_Money_mo12m%_change : 0.3991391620715336
Foreign_Exchange_Reserve_change_yryr% : 0.7184304359550727
Portfolio_Flows : 0.06095316150282705
Foreign_Exchange_Reserve_over_GDP : 0.09827209241564583
Broad_Money_mo12m%_change : 0.1327322900767114
--------------------

