--------------------
id : 8163127541
explain variance ratio : 0.21788157780380282
Weight :
Term_Premium : 0.14461204585429155
Stock_Prices_mom24mma%_change : 0.29984279099695954
REER : 0.5914722540210722
One-Day_Repo_Rate_AVG : 0.023641875844810686
Velocity_of_Money_mo12m%_change : 0.7340185905757163
--------------------

