--------------------
id : 8180341225
explain variance ratio : 0.23235584604292933
Weight :
Risk_Premium : -0.6865733901228064
Stock_Prices_mom24mma%_change : -0.6994095163594393
Current_Account_Balance_change_yryr% : -0.02461526049868728
REER : -0.11071451234482299
Broad_Money_mo12m%_change : -0.1079097651489623
Velocity_of_Money_mo12m%_change : -0.12220956056486962
--------------------

