--------------------
id : 8181691529
explain variance ratio : 0.3446430344779236
Weight :
Risk_Premium : -0.5857069753727223
Stock_Prices_mom%_change : -0.24109764606547468
Stock_Prices_mom24mma%_change : -0.7026903347789513
Current_Account_Balance_change_yryr% : -0.024403517146305787
Foreign_Exchange_Reserve_change_yryr% : -0.32318729217059233
--------------------

