--------------------
id : 8211926704
explain variance ratio : 0.2089339714998347
Weight :
Term_Premium : 0.02335392003284249
Stock_Prices_mom24mma%_change : 0.3305585726655551
One-Day_Repo_Rate_EOP : 0.1353512482026027
REER : 0.43356365890474025
Portfolio_Flows : 0.826975342887284
--------------------

