--------------------
id : 8319856271
explain variance ratio : 0.2693387697434305
Weight :
Risk_Premium : 0.3309643370960404
Stock_Prices_mom24mma%_change : 0.6649404044983487
One-Day_Repo_Rate_AVG : 0.2571990295710686
REER : 0.6089939357430516
Foreign_Exchange_Reserve_over_GDP : 0.10626340598738382
--------------------

