--------------------
id : 8329229959
explain variance ratio : 0.2843495585692482
Weight :
Risk_Premium : -0.576404780893831
Stock_Prices_mom24mma%_change : -0.6166832651329843
Stock_Market_Volatility : -0.3252581396289751
REER : -0.028625062098526208
Current_Account_Balance_over_GDP : -0.22888549734964417
Foreign_Exchange_Reserve_change_yryr% : -0.08385281715437735
Velocity_of_Money_mo12m%_change : -0.34846400337895655
--------------------

