--------------------
id : 8338937118
explain variance ratio : 0.34855566025015444
Weight :
Risk_Premium : -0.42869431169203076
Stock_Market_Volatility : -0.5897486584273584
Current_Account_Balance_over_GDP : -0.6117930474472492
Portfolio_Flows : -0.27119051186461907
Velocity_of_Money_mo12m%_change : -0.14346665248705276
--------------------

