--------------------
id : 8360083379
explain variance ratio : 0.2113938683122054
Weight :
Term_Premium : -0.2629195749776854
Stock_Prices_mom24mma%_change : -0.06693012495346373
Current_Account_Balance_change_yryr% : -0.43221746099362807
Foreign_Exchange_Reserve_change_yryr% : -0.7319239066105266
Portfolio_Flows : -0.45048019264419814
Foreign_Exchange_Reserve_over_GDP : -0.030605764926234662
--------------------

