--------------------
id : 8481397986
explain variance ratio : 0.20078034091531333
Weight :
Term_Premium : -0.10988189754295812
Stock_Prices_mom%_change : -0.3627353514914256
Stock_Market_Volatility : -0.21710118551916086
One-Day_Repo_Rate_AVG : -0.4416686900242677
Bank_Lending_mo12m%_change : -0.21550645346751912
Foreign_Exchange_Reserve_over_GDP : -0.7092848493133056
Foreign_Exchange_Reserve_change_yryr% : -0.2541984420047205
--------------------

