--------------------
id : 8514145181
explain variance ratio : 0.3943756524458414
Weight :
Risk_Premium : -0.5072070323701253
Stock_Prices_mom24mma%_change : -0.6160023574298136
Current_Account_Balance_change_yryr% : -0.05205402488705116
Velocity_of_Money_mo12m%_change : -0.4816277878100652
Foreign_Exchange_Reserve_change_yryr% : -0.35861842459283083
--------------------

