--------------------
id : 8520284521
explain variance ratio : 0.20356311596352544
Weight :
Risk_Premium : -0.6124040311250226
Stock_Prices_mom24mma%_change : -0.7344662690415705
Stock_Market_Volatility : -0.008805535438429463
Current_Account_Balance_change_yryr% : -0.03807020074368196
Current_Account_Balance_over_GDP : -0.026733399618626197
Portfolio_Flows : -0.14193629559874144
Broad_Money_mo12m%_change : -0.25126308523038876
--------------------

