--------------------
id : 8526538917
explain variance ratio : 0.27101332313049326
Weight :
Risk_Premium : -0.3192629742602752
Stock_Prices_mom%_change : -0.09736662626184295
Stock_Prices_mom24mma%_change : -0.5505710500947951
Current_Account_Balance_change_yryr% : -0.07319369768626002
REER : -0.49750355180117395
Foreign_Exchange_Reserve_change_yryr% : -0.5758752197915552
Foreign_Exchange_Reserve_over_GDP : -0.031032917179019653
--------------------

