--------------------
id : 8586713949
explain variance ratio : 0.2188678638951792
Weight :
Term_Premium : -0.0260823568196589
Stock_Market_Volatility : -0.2525158087747251
One-Day_Repo_Rate_AVG : -0.3777566394063673
Foreign_Exchange_Reserve_change_yryr% : -0.2272426426775259
Bank_Lending_mo12m%_change : -0.31252660457744447
Foreign_Exchange_Reserve_over_GDP : -0.8022115064907843
--------------------

