--------------------
id : 8602662316
explain variance ratio : 0.28448538512431404
Weight :
Risk_Premium : -0.7467778491666683
Stock_Prices_mom24mma%_change : -0.5362152963560506
REER : -0.12639061614857539
Current_Account_Balance_over_GDP : -0.15265669359497913
Velocity_of_Money_mo12m%_change : -0.3398784282622688
--------------------

