--------------------
id : 8621552358
explain variance ratio : 0.23149034203996655
Weight :
Term_Premium : -0.08619998729900487
Risk_Premium : -0.013175104205187424
Stock_Prices_mom24mma%_change : -0.255768302884757
Current_Account_Balance_change_yryr% : -0.5816320072320572
Foreign_Exchange_Reserve_change_yryr% : -0.7672566469060357
--------------------

