--------------------
id : 8622283426
explain variance ratio : 0.2390051633414337
Weight :
Risk_Premium : -0.3485086823860082
Stock_Prices_mom%_change : -0.12489872959886422
Stock_Prices_mom24mma%_change : -0.5703303477864219
Current_Account_Balance_change_yryr% : -0.07523115331517069
REER : -0.45715429377193817
Foreign_Exchange_Reserve_change_yryr% : -0.5520610045500868
Portfolio_Flows : -0.1347936652841269
Foreign_Exchange_Reserve_over_GDP : -0.008651031796649
--------------------

