--------------------
id : 8657593443
explain variance ratio : 0.21233848693538357
Weight :
Risk_Premium : -0.09900157609836835
Stock_Prices_mom24mma%_change : -0.518642199074704
Current_Account_Balance_change_yryr% : -0.16456927322325265
One-Day_Repo_Rate_EOP : -0.29836312121250913
Foreign_Exchange_Reserve_change_yryr% : -0.7281678263721483
Portfolio_Flows : -0.159225223898425
Foreign_Exchange_Reserve_over_GDP : -0.2225405675175901
--------------------

