--------------------
id : 8699575170
explain variance ratio : 0.21297829318318287
Weight :
Risk_Premium : -0.2534582044300054
Stock_Prices_mom24mma%_change : -0.5127266537327029
Current_Account_Balance_change_yryr% : -0.1943506163296002
One-Day_Repo_Rate_EOP : -0.2085107246318511
Foreign_Exchange_Reserve_change_yryr% : -0.7408131605248532
Broad_Money_mo12m%_change : -0.20637450997101364
Foreign_Exchange_Reserve_over_GDP : -0.015061727403909528
--------------------

