--------------------
id : 8727132334
explain variance ratio : 0.37006211208607775
Weight :
Risk_Premium : -0.4092057670876064
Stock_Prices_mom%_change : -0.30941369889496684
Current_Account_Balance_over_GDP : -0.5924315061953331
Velocity_of_Money_mo12m%_change : -0.20914149172731522
Bank_Lending_mo12m%_change : -0.5542762316194009
Portfolio_Flows : -0.18675226661375802
--------------------

