--------------------
id : 8754398844
explain variance ratio : 0.31490019153424026
Weight :
Risk_Premium : -0.3044929398309317
Stock_Prices_mom24mma%_change : -0.5293872893135081
Current_Account_Balance_change_yryr% : -0.08326806588741612
REER : -0.5176460032554882
Foreign_Exchange_Reserve_over_GDP : -0.02403942469148254
Foreign_Exchange_Reserve_change_yryr% : -0.5929285775571154
--------------------

