--------------------
id : 8788959917
explain variance ratio : 0.2868541111161014
Weight :
Risk_Premium : 0.299575820693948
Stock_Prices_mom%_change : 0.03542049598129793
Stock_Prices_mom24mma%_change : 0.4770870286287954
Current_Account_Balance_change_yryr% : 0.06039746657482641
REER : 0.4655069790599891
Foreign_Exchange_Reserve_change_yryr% : 0.469231654281247
Portfolio_Flows : 0.08488649659501878
Velocity_of_Money_mo12m%_change : 0.4833828907069707
--------------------

