--------------------
id : 8813360017
explain variance ratio : 0.21291886276487898
Weight :
Risk_Premium : -0.25037071598504684
Stock_Prices_mom24mma%_change : -0.514194266980961
Current_Account_Balance_change_yryr% : -0.1937559281692417
One-Day_Repo_Rate_AVG : -0.21021250185963852
Foreign_Exchange_Reserve_change_yryr% : -0.7414828384131779
Broad_Money_mo12m%_change : -0.20238692209404407
Foreign_Exchange_Reserve_over_GDP : -0.02075665787817986
--------------------

