--------------------
id : 8846326469
explain variance ratio : 0.37507696252656364
Weight :
Risk_Premium : -0.3047100997506534
Stock_Prices_mom%_change : -0.31500306677021117
Stock_Market_Volatility : -0.4671132890330984
Current_Account_Balance_over_GDP : -0.5376705558915881
Bank_Lending_mo12m%_change : -0.5260597272708548
Foreign_Exchange_Reserve_over_GDP : -0.08101775876692074
Velocity_of_Money_mo12m%_change : -0.13167253957951996
--------------------

