--------------------
id : 8861162160
explain variance ratio : 0.23495098533180217
Weight :
Risk_Premium : -0.6818615126729382
Stock_Prices_mom24mma%_change : -0.691756446231002
REER : -0.02678394164131128
Broad_Money_mo12m%_change : -0.08691435975721493
Portfolio_Flows : -0.20127905181396652
Velocity_of_Money_mo12m%_change : -0.08805199868399405
--------------------

