--------------------
id : 8863407574
explain variance ratio : 0.21154085445262824
Weight :
Risk_Premium : -0.8835793160403294
Stock_Market_Volatility : -0.21080157352312487
Current_Account_Balance_over_GDP : -0.10645242407415201
REER : -0.21867353582153037
Foreign_Exchange_Reserve_change_yryr% : -0.34014710788999236
--------------------

