--------------------
id : 8901340544
explain variance ratio : 0.20972564962809398
Weight :
Risk_Premium : -0.1520256339954187
Stock_Market_Volatility : -0.20093841892642264
Current_Account_Balance_change_yryr% : -0.8786370052159594
Foreign_Exchange_Reserve_change_yryr% : -0.39124648943950047
Bank_Lending_mo12m%_change : -0.1069352887219098
--------------------

