--------------------
id : 8921800503
explain variance ratio : 0.2832729085516079
Weight :
Risk_Premium : -0.5628144129448678
Stock_Prices_mom24mma%_change : -0.6361417519432844
Stock_Market_Volatility : -0.24178542433793426
Current_Account_Balance_change_yryr% : -0.013523664745101452
Current_Account_Balance_over_GDP : -0.10722797094717626
Velocity_of_Money_mo12m%_change : -0.412012971323628
Foreign_Exchange_Reserve_change_yryr% : -0.1966418083553623
--------------------

