--------------------
id : 8924140456
explain variance ratio : 0.2960505953815734
Weight :
Risk_Premium : -0.5900145095447838
Stock_Prices_mom24mma%_change : -0.6950351320932515
Stock_Market_Volatility : -0.2272402595045473
Current_Account_Balance_over_GDP : -0.08773697179992085
REER : -0.1642332852390117
Foreign_Exchange_Reserve_change_yryr% : -0.28722910705921095
--------------------

