--------------------
id : 8925765093
explain variance ratio : 0.2239317737816183
Weight :
Risk_Premium : 0.24417367381462354
Stock_Prices_mom%_change : 0.3565853152660625
Stock_Prices_mom24mma%_change : 0.6564423160981387
REER : 0.5051047937871505
One-Day_Repo_Rate_AVG : 0.29932633172817424
Velocity_of_Money_mo12m%_change : 0.1938620901970744
--------------------

