--------------------
id : 8955190389
explain variance ratio : 0.20858130767135877
Weight :
Term_Premium : -0.07914732258914088
Stock_Market_Volatility : -0.030122205812460882
One-Day_Repo_Rate_AVG : -0.09554748256984111
Current_Account_Balance_change_yryr% : -0.7998995700240135
Portfolio_Flows : -0.5863955239374932
--------------------

