--------------------
id : 9010067946
explain variance ratio : 0.43025148183543
Weight :
Risk_Premium : -0.4212287536753874
Stock_Prices_mom24mma%_change : -0.5220023400131524
Current_Account_Balance_over_GDP : -0.513417414180384
Bank_Lending_mo12m%_change : -0.5102763551395392
Foreign_Exchange_Reserve_over_GDP : -0.05283617670026752
Portfolio_Flows : -0.15267230505696103
--------------------

