--------------------
id : 9033202932
explain variance ratio : 0.24100128375127486
Weight :
Risk_Premium : -0.6518949213312977
Stock_Prices_mom%_change : -0.23246658012803828
Stock_Prices_mom24mma%_change : -0.6178099537493154
REER : -0.21397816681931198
Current_Account_Balance_over_GDP : -0.02319357880421094
Velocity_of_Money_mo12m%_change : -0.30492386548317885
--------------------

