--------------------
id : 9064105126
explain variance ratio : 0.22670754465212725
Weight :
Risk_Premium : -0.7057744045760364
Stock_Market_Volatility : -0.3269020717628096
Current_Account_Balance_over_GDP : -0.1933162746533088
REER : -0.13027468159505648
Foreign_Exchange_Reserve_change_yryr% : -0.07897806377040296
Velocity_of_Money_mo12m%_change : -0.5783055559607531
--------------------

