--------------------
id : 9067489641
explain variance ratio : 0.37853185540651196
Weight :
Risk_Premium : -0.3378441905615832
Stock_Prices_mom24mma%_change : -0.5522028361304535
REER : -0.48918942255160885
Foreign_Exchange_Reserve_change_yryr% : -0.5743178827112096
Portfolio_Flows : -0.10856338763601532
--------------------

