--------------------
id : 9077963175
explain variance ratio : 0.2299738621884312
Weight :
Risk_Premium : 0.004621512910825802
Stock_Prices_mom%_change : 0.042261053837074826
Stock_Prices_mom24mma%_change : 0.3539097559206587
REER : 0.6265431506434604
Policy_Rate_&_Fed_Funds_Rate_Differential_AVG : 0.13037960460052195
Foreign_Exchange_Reserve_change_yryr% : 0.6496657574845387
Foreign_Exchange_Reserve_over_GDP : 0.20288151581737965
Portfolio_Flows : 0.012604078261993125
--------------------

