--------------------
id : 9096209325
explain variance ratio : 0.22412335092821015
Weight :
Risk_Premium : 0.32875783386378954
Stock_Prices_mom24mma%_change : 0.661019847552071
Current_Account_Balance_change_yryr% : 0.038489213166422294
One-Day_Repo_Rate_EOP : 0.2579529457050456
REER : 0.6139827751194786
Foreign_Exchange_Reserve_over_GDP : 0.09987521185924728
--------------------

