--------------------
id : 9111243910
explain variance ratio : 0.22126690516594313
Weight :
Term_Premium : 0.09754744917515178
Stock_Prices_mom%_change : 0.36464687591205486
Stock_Prices_mom24mma%_change : 0.03398848346947589
One-Day_Repo_Rate_AVG : 0.4520617208696862
Bank_Lending_mo12m%_change : 0.2535971742222463
Foreign_Exchange_Reserve_over_GDP : 0.7666098145662333
--------------------

