--------------------
id : 9132127013
explain variance ratio : 0.22997386218843124
Weight :
Risk_Premium : 0.004621512910825635
Stock_Prices_mom%_change : 0.04226105383707524
Stock_Prices_mom24mma%_change : 0.35390975592065865
REER : 0.6265431506434599
Policy_Rate_&_Fed_Funds_Rate_Differential_AVG : 0.13037960460052195
Foreign_Exchange_Reserve_change_yryr% : 0.6496657574845387
Portfolio_Flows : 0.012604078261993733
Foreign_Exchange_Reserve_over_GDP : 0.2028815158173797
--------------------

