--------------------
id : 9165358836
explain variance ratio : 0.2081003210151819
Weight :
Risk_Premium : 0.36822453031234076
Stock_Prices_mom24mma%_change : 0.7499627911335167
One-Day_Repo_Rate_EOP : 0.29154244143863683
Current_Account_Balance_change_yryr% : 0.10186936819030762
REER : 0.4545218157254219
Portfolio_Flows : 0.0014362749228793228
--------------------

