--------------------
id : 9182747082
explain variance ratio : 0.2421639771477634
Weight :
Risk_Premium : -0.7052616138963405
Stock_Prices_mom24mma%_change : -0.48987945943863287
REER : -0.16538769855978191
Current_Account_Balance_over_GDP : -0.13061825468164498
Velocity_of_Money_mo12m%_change : -0.39648181531431154
Portfolio_Flows : -0.24700631979471618
--------------------

