--------------------
id : 9191362844
explain variance ratio : 0.21304432035349638
Weight :
Risk_Premium : -0.23939831439812248
Stock_Prices_mom%_change : -0.04462233011398278
Stock_Prices_mom24mma%_change : -0.5066869391764327
Current_Account_Balance_change_yryr% : -0.19433101434112923
One-Day_Repo_Rate_AVG : -0.22174555419050823
Foreign_Exchange_Reserve_change_yryr% : -0.7440948142990681
Broad_Money_mo12m%_change : -0.20821362535070126
--------------------

