--------------------
id : 9210352505
explain variance ratio : 0.20992919729650317
Weight :
Term_Premium : 0.19327722704776237
Stock_Prices_mom%_change : 0.5934875833007958
One-Day_Repo_Rate_AVG : 0.34828469866920553
Portfolio_Flows : 0.6993617582958128
Broad_Money_mo12m%_change : 0.0027021618751010834
--------------------

