--------------------
id : 9225218311
explain variance ratio : 0.20827927331078275
Weight :
Term_Premium : 0.010932872518843636
Stock_Prices_mom24mma%_change : 0.3764948795715772
Stock_Market_Volatility : 0.0718493863612018
REER : 0.47927260281856593
Foreign_Exchange_Reserve_change_yryr% : 0.5585100546493627
Bank_Lending_mo12m%_change : 0.12572736078210536
Foreign_Exchange_Reserve_over_GDP : 0.5436236431836272
--------------------

