--------------------
id : 9231727662
explain variance ratio : 0.2348242451855187
Weight :
Term_Premium : -0.0005979591492495662
Stock_Market_Volatility : -0.35061455952087656
Current_Account_Balance_over_GDP : -0.14385202644194522
One-Day_Repo_Rate_AVG : -0.3260591408822715
Foreign_Exchange_Reserve_over_GDP : -0.8660606816109937
--------------------

