--------------------
id : 9248180163
explain variance ratio : 0.20880938275453037
Weight :
Risk_Premium : 0.3699973645207004
Stock_Prices_mom24mma%_change : 0.7547934362886879
Current_Account_Balance_change_yryr% : 0.10138161774619067
REER : 0.4433391630484132
One-Day_Repo_Rate_AVG : 0.29414815215056633
Portfolio_Flows : 0.0061512161688461395
--------------------

