--------------------
id : 9293538482
explain variance ratio : 0.2397753067398883
Weight :
Term_Premium : 0.06292550841600385
Stock_Prices_mom24mma%_change : 0.27647781346082423
Stock_Market_Volatility : 0.1584726448975736
REER : 0.518931483497782
Foreign_Exchange_Reserve_over_GDP : 0.7906939580573936
--------------------

