--------------------
id : 9357564004
explain variance ratio : 0.2382696855897732
Weight :
Risk_Premium : -0.049482744396736576
Stock_Prices_mom24mma%_change : -0.3487437935304605
One-Day_Repo_Rate_EOP : -0.3745571919210119
Current_Account_Balance_change_yryr% : -0.1693433675521019
Broad_Money_mo12m%_change : -0.17255170262541028
Foreign_Exchange_Reserve_change_yryr% : -0.7179608826268254
Velocity_of_Money_mo12m%_change : -0.4021405715245512
--------------------

