--------------------
id : 9420587056
explain variance ratio : 0.32716200333265855
Weight :
Risk_Premium : 0.3028868318758097
Stock_Prices_mom%_change : 0.038673508607468654
Stock_Prices_mom24mma%_change : 0.4804758638025016
REER : 0.46538184789518217
Velocity_of_Money_mo12m%_change : 0.48447406919414926
Foreign_Exchange_Reserve_change_yryr% : 0.4664605321962286
Portfolio_Flows : 0.08382156609609774
--------------------

