--------------------
id : 9431137251
explain variance ratio : 0.2370615298417618
Weight :
Risk_Premium : -0.6383393549345746
Stock_Prices_mom24mma%_change : -0.720706421515567
Stock_Market_Volatility : -0.07604878441535479
Current_Account_Balance_change_yryr% : -0.04059670526695675
Portfolio_Flows : -0.18176276847843226
Broad_Money_mo12m%_change : -0.18065411103378712
--------------------

