--------------------
id : 9495645344
explain variance ratio : 0.22139910978880906
Weight :
Risk_Premium : -0.7094319231998024
Stock_Market_Volatility : -0.24378901217988425
Current_Account_Balance_over_GDP : -0.08768158656893987
Current_Account_Balance_change_yryr% : -0.0612296500049779
Foreign_Exchange_Reserve_change_yryr% : -0.17522375991118663
Velocity_of_Money_mo12m%_change : -0.628595869525878
--------------------

