--------------------
id : 9511700133
explain variance ratio : 0.23956133265772603
Weight :
Term_Premium : -0.12271959829015097
Stock_Prices_mom%_change : -0.35322835350556187
Stock_Market_Volatility : -0.23512842075882456
REER : -0.4377022301890984
Foreign_Exchange_Reserve_over_GDP : -0.7831353739387615
--------------------

