--------------------
id : 9525475285
explain variance ratio : 0.20895176458984355
Weight :
Term_Premium : 0.02277512416275979
Stock_Prices_mom24mma%_change : 0.33011230740808106
REER : 0.43339681866908747
One-Day_Repo_Rate_AVG : 0.13636459238340712
Portfolio_Flows : 0.8270907167467815
--------------------

