--------------------
id : 9533068616
explain variance ratio : 0.4582962028727664
Weight :
Risk_Premium : -0.40663577428891506
Stock_Prices_mom%_change : -0.23399210135591375
Stock_Prices_mom24mma%_change : -0.4994773342532247
Current_Account_Balance_over_GDP : -0.4931460780800666
Velocity_of_Money_mo12m%_change : -0.20979363975598567
Bank_Lending_mo12m%_change : -0.4931642835110577
--------------------

