--------------------
id : 9567248996
explain variance ratio : 0.23738833711575347
Weight :
Risk_Premium : -0.6120954136939712
Stock_Prices_mom24mma%_change : -0.7357164032293687
Stock_Market_Volatility : -0.004901868364295514
Current_Account_Balance_over_GDP : -0.027160006012415028
Broad_Money_mo12m%_change : -0.25460511374855543
Portfolio_Flows : -0.13592321496740883
--------------------

