--------------------
id : 9569408310
explain variance ratio : 0.31659114775317576
Weight :
Risk_Premium : -0.3295418449315894
Stock_Prices_mom24mma%_change : -0.5445229519912219
Current_Account_Balance_change_yryr% : -0.08773501858504552
REER : -0.4898154237242506
Foreign_Exchange_Reserve_change_yryr% : -0.5788137430113607
Portfolio_Flows : -0.11070228222915368
--------------------

