--------------------
id : 9627473852
explain variance ratio : 0.3630573432150915
Weight :
Risk_Premium : -0.40534846291049337
Stock_Prices_mom%_change : -0.31263271049186303
Current_Account_Balance_over_GDP : -0.6114335831514727
Bank_Lending_mo12m%_change : -0.5717600099972742
Foreign_Exchange_Reserve_over_GDP : -0.04097025334672266
Velocity_of_Money_mo12m%_change : -0.18845242012185776
--------------------

