--------------------
id : 9684729171
explain variance ratio : 0.2851803235942396
Weight :
Risk_Premium : -0.4441834196007697
Stock_Prices_mom%_change : -0.3607762509000191
Stock_Prices_mom24mma%_change : -0.4223891809021506
Stock_Market_Volatility : -0.4824259275541285
Current_Account_Balance_over_GDP : -0.45278854772421073
Portfolio_Flows : -0.23706120914782325
Foreign_Exchange_Reserve_over_GDP : -0.013368058416044881
--------------------

