--------------------
id : 9692033130
explain variance ratio : 0.20338280926783897
Weight :
Risk_Premium : -0.33866241685971693
Stock_Prices_mom%_change : -0.9273992731248265
REER : -0.051207773557163716
Foreign_Exchange_Reserve_change_yryr% : -0.1147906113480616
Foreign_Exchange_Reserve_over_GDP : -0.09715572596577016
--------------------

