--------------------
id : 9698089205
explain variance ratio : 0.22054535599056146
Weight :
Term_Premium : 0.09896806213238846
Stock_Prices_mom%_change : 0.3648391460807472
Stock_Prices_mom24mma%_change : 0.03556799036882183
One-Day_Repo_Rate_EOP : 0.4479236157393396
Bank_Lending_mo12m%_change : 0.2520931604171168
Foreign_Exchange_Reserve_over_GDP : 0.769185355528731
--------------------

