--------------------
id : 9718598164
explain variance ratio : 0.2537524250509159
Weight :
Term_Premium : 0.0665191516045626
Stock_Prices_mom24mma%_change : 0.2930478873732821
One-Day_Repo_Rate_EOP : 0.15927397476189886
Foreign_Exchange_Reserve_change_yryr% : 0.7351127695512474
Portfolio_Flows : 0.5864632598740563
--------------------

