--------------------
id : 9730200992
explain variance ratio : 0.21688460082025268
Weight :
Risk_Premium : 0.4414917077507515
Stock_Prices_mom%_change : 0.41395812193221415
Stock_Prices_mom24mma%_change : 0.7329428899161013
One-Day_Repo_Rate_AVG : 0.01809161879669713
Current_Account_Balance_over_GDP : 0.0020621311554938557
Portfolio_Flows : 0.16966443068380854
Broad_Money_mo12m%_change : 0.25961680858577535
--------------------

