--------------------
id : 9738670186
explain variance ratio : 0.20696095403860437
Weight :
Risk_Premium : 0.015051256792709487
Stock_Prices_mom24mma%_change : 0.3696802778799546
One-Day_Repo_Rate_AVG : 0.39792851221855263
Velocity_of_Money_mo12m%_change : 0.3990702187659054
Foreign_Exchange_Reserve_change_yryr% : 0.7174529839379007
Portfolio_Flows : 0.06122795813105526
Foreign_Exchange_Reserve_over_GDP : 0.10335470619128835
Broad_Money_mo12m%_change : 0.12781224183557982
--------------------

