--------------------
id : 9739170760
explain variance ratio : 0.2065340214078534
Weight :
Term_Premium : 0.07657788837623777
Risk_Premium : 0.08535919859866287
Stock_Prices_mom24mma%_change : 0.34567247543528734
REER : 0.4877165737525
Foreign_Exchange_Reserve_change_yryr% : 0.6498984333806079
Portfolio_Flows : 0.4173270681258273
Velocity_of_Money_mo12m%_change : 0.18155677387232738
--------------------

