--------------------
id : 9767611343
explain variance ratio : 0.2375808652592145
Weight :
Risk_Premium : 0.2838331582971477
Stock_Prices_mom24mma%_change : 0.5011275272348148
Current_Account_Balance_change_yryr% : 0.09432729353592892
REER : 0.5241852096028168
Foreign_Exchange_Reserve_change_yryr% : 0.6102643888975847
Broad_Money_mo12m%_change : 0.06654843579729314
Foreign_Exchange_Reserve_over_GDP : 0.0034542954221002675
Portfolio_Flows : 0.08819816668135338
--------------------

