--------------------
id : 9788389384
explain variance ratio : 0.24556390634499461
Weight :
Risk_Premium : 0.23022743560902337
Stock_Prices_mom24mma%_change : 0.5453228954559043
One-Day_Repo_Rate_EOP : 0.23170770110661904
Foreign_Exchange_Reserve_change_yryr% : 0.7467506476388739
Foreign_Exchange_Reserve_over_GDP : 0.10475182600507538
Broad_Money_mo12m%_change : 0.16528863854449133
--------------------

