--------------------
id : 9796925981
explain variance ratio : 0.37666071594673656
Weight :
Risk_Premium : -0.30931483934529674
Stock_Prices_mom24mma%_change : -0.5361163590902697
REER : -0.5180929264508967
Foreign_Exchange_Reserve_change_yryr% : -0.5894866700972782
Foreign_Exchange_Reserve_over_GDP : -0.031444634132943766
--------------------

