--------------------
id : 9849981800
explain variance ratio : 0.2175767374662845
Weight :
Term_Premium : 0.03357751966679743
Stock_Prices_mom%_change : 0.6113559521219761
REER : 0.19922726147854647
One-Day_Repo_Rate_AVG : 0.21729108317649665
Portfolio_Flows : 0.7336276531277987
--------------------

