--------------------
id : 9858648374
explain variance ratio : 0.21407076372565856
Weight :
Risk_Premium : -0.09149457118647844
Stock_Prices_mom%_change : -0.23176489348863213
Stock_Prices_mom24mma%_change : -0.5482163712788222
Current_Account_Balance_change_yryr% : -0.0925487090224569
One-Day_Repo_Rate_AVG : -0.28761874198578197
Foreign_Exchange_Reserve_change_yryr% : -0.6723407636875731
Foreign_Exchange_Reserve_over_GDP : -0.3066605306398108
--------------------

