--------------------
id : 9863662152
explain variance ratio : 0.21245729211995193
Weight :
Risk_Premium : -0.09956554431791742
Stock_Prices_mom24mma%_change : -0.5196842494977513
Current_Account_Balance_change_yryr% : -0.16440972351437197
One-Day_Repo_Rate_AVG : -0.29819405838269747
Foreign_Exchange_Reserve_change_yryr% : -0.7272090244907147
Foreign_Exchange_Reserve_over_GDP : -0.2227641256534803
Portfolio_Flows : -0.16002471243193378
--------------------

