--------------------
id : 9883862506
explain variance ratio : 0.2853639113759245
Weight :
Risk_Premium : 0.5692788827798096
Stock_Prices_mom24mma%_change : 0.7459685415447413
Current_Account_Balance_change_yryr% : 0.0503970194226992
Broad_Money_mo12m%_change : 0.3260908504274576
Portfolio_Flows : 0.10284642116957532
--------------------

