--------------------
id : 9883022103
explain variance ratio : 0.2171185265343093
Weight :
Risk_Premium : 0.40941496866867283
Stock_Prices_mom%_change : 0.4300073794499024
Stock_Prices_mom24mma%_change : 0.7348566167524297
Stock_Market_Volatility : 0.03660450779001325
One-Day_Repo_Rate_AVG : 0.04997435889364707
Broad_Money_mo12m%_change : 0.2761273353260059
Portfolio_Flows : 0.16545439858828218
--------------------

