--------------------
id : 9908789399
explain variance ratio : 0.29759137617821746
Weight :
Risk_Premium : -0.7124841870965892
Stock_Prices_mom24mma%_change : -0.47929219990528527
Current_Account_Balance_over_GDP : -0.38931040411436335
Portfolio_Flows : -0.2894756292322412
Velocity_of_Money_mo12m%_change : -0.16518637830091476
--------------------

