--------------------
id : 9932951083
explain variance ratio : 0.2394077004284699
Weight :
Term_Premium : -0.17931895538137266
Stock_Prices_mom24mma%_change : -0.21903542795819408
Current_Account_Balance_change_yryr% : -0.290211399627925
Foreign_Exchange_Reserve_change_yryr% : -0.7876599635401076
Foreign_Exchange_Reserve_over_GDP : -0.4639367617489486
--------------------

