--------------------
id : 9947579753
explain variance ratio : 0.2150851353459676
Weight :
Risk_Premium : -0.21436572095597434
Stock_Prices_mom24mma%_change : -0.4836861504800314
Current_Account_Balance_change_yryr% : -0.21004099837694643
One-Day_Repo_Rate_AVG : -0.22887814545921348
Foreign_Exchange_Reserve_change_yryr% : -0.7429108514481798
Portfolio_Flows : -0.16467865375587099
Broad_Money_mo12m%_change : -0.2110853544007616
--------------------

