--------------------
id : 9948380257
explain variance ratio : 0.21843081036693415
Weight :
Term_Premium : -0.027266353956469085
Stock_Market_Volatility : -0.25558097973427985
One-Day_Repo_Rate_EOP : -0.37410656018761945
Bank_Lending_mo12m%_change : -0.3108602270310306
Foreign_Exchange_Reserve_over_GDP : -0.803006744354969
Foreign_Exchange_Reserve_change_yryr% : -0.22918393952286936
--------------------

