--------------------
id : 9957585499
explain variance ratio : 0.23375312278985486
Weight :
Risk_Premium : -0.6896707268363984
Stock_Prices_mom24mma%_change : -0.7032420093984343
Stock_Market_Volatility : -0.1368294653523993
Current_Account_Balance_change_yryr% : -0.010604515091396947
Broad_Money_mo12m%_change : -0.1004464530782421
Velocity_of_Money_mo12m%_change : -0.02967686805004044
--------------------

