--------------------
id : 9963305456
explain variance ratio : 0.21381621853890984
Weight :
Term_Premium : -0.11127646428026639
Stock_Market_Volatility : -0.22083040075462476
Current_Account_Balance_over_GDP : -0.019830698722176923
One-Day_Repo_Rate_EOP : -0.44141563823175506
Bank_Lending_mo12m%_change : -0.27583882476580396
Foreign_Exchange_Reserve_over_GDP : -0.8170210542356283
--------------------

