--------------------
id : 1006363847
explain variance ratio : 0.4269395252997153
Weight :
Term_Premium : 0.18225926396051978
Stock_Prices_mom24mma%_change : 0.4238920808074276
Current_Account_Balance_over_GDP : 0.027910978175909235
One-Day_Repo_Rate_EOP : 0.5407802089982828
Foreign_Exchange_Reserve_change_yryr% : 0.5390815161556426
Foreign_Exchange_Reserve_over_GDP : 0.4508502260415204
--------------------

