--------------------
id : 1009617755
explain variance ratio : 0.23626384522201324
Weight :
Term_Premium : -0.14736119378495713
Risk_Premium : -0.3663923125161443
Stock_Prices_mom24mma%_change : -0.4654470001837027
One-Day_Repo_Rate_EOP : -0.18151423763967414
Current_Account_Balance_over_GDP : -0.6021332821629878
Foreign_Exchange_Reserve_change_yryr% : -0.35604139424598064
Bank_Lending_mo12m%_change : -0.324226864316376
--------------------

