--------------------
id : 1021758914
explain variance ratio : 0.23163331321946187
Weight :
Risk_Premium : -0.363145550505706
Stock_Prices_mom24mma%_change : -0.3711471105014536
Stock_Market_Volatility : -0.32325930542480763
One-Day_Repo_Rate_AVG : -0.06856273818590995
Current_Account_Balance_over_GDP : -0.5509813401541193
Bank_Lending_mo12m%_change : -0.3585765545479769
Foreign_Exchange_Reserve_change_yryr% : -0.26998540893676826
Portfolio_Flows : -0.3407755862657536
--------------------

