--------------------
id : 1024858825
explain variance ratio : 0.20808699695051489
Weight :
Term_Premium : -0.1286497459390578
Risk_Premium : -0.23428214002806635
Stock_Prices_mom24mma%_change : -0.5089557957929406
Stock_Market_Volatility : -0.3115720354456793
Policy_Rate_&_Fed_Funds_Rate_Differential_EOP : -0.24238757732853627
Current_Account_Balance_over_GDP : -0.464640449728081
Bank_Lending_mo12m%_change : -0.2152785098513737
Portfolio_Flows : -0.501458537089716
--------------------

