--------------------
id : 1046770765
explain variance ratio : 0.2500274170548677
Weight :
Risk_Premium : -0.43375989324078956
Stock_Prices_mom24mma%_change : -0.37499623331541426
Current_Account_Balance_over_GDP : -0.6091253039415725
One-Day_Repo_Rate_EOP : -0.06821537878499062
Bank_Lending_mo12m%_change : -0.4032822814423811
Foreign_Exchange_Reserve_change_yryr% : -0.2569524551077672
Portfolio_Flows : -0.258615628876168
--------------------

