--------------------
id : 1051012009
explain variance ratio : 0.23518130207632731
Weight :
Term_Premium : -0.11524874738784702
Stock_Prices_mom24mma%_change : -0.12451972315720275
Current_Account_Balance_over_GDP : -0.7038064955183827
One-Day_Repo_Rate_AVG : -0.13021785667599803
Foreign_Exchange_Reserve_change_yryr% : -0.05696306441989045
Foreign_Exchange_Reserve_over_GDP : -0.34938649436232605
Bank_Lending_mo12m%_change : -0.5775782010155227
--------------------

