--------------------
id : 1051623101
explain variance ratio : 0.23433692769439518
Weight :
Term_Premium : -0.11813444090107479
Stock_Prices_mom24mma%_change : -0.13736435589555535
Current_Account_Balance_over_GDP : -0.7050196871298468
One-Day_Repo_Rate_EOP : -0.1197554083031937
Foreign_Exchange_Reserve_change_yryr% : -0.06879966528057545
Foreign_Exchange_Reserve_over_GDP : -0.35166245410312136
Bank_Lending_mo12m%_change : -0.572172434651749
--------------------

