--------------------
id : 1069191626
explain variance ratio : 0.2380247994542268
Weight :
Term_Premium : -0.11443290431901017
Risk_Premium : -0.42440689952614924
Stock_Prices_mom24mma%_change : -0.23345513725358305
Current_Account_Balance_over_GDP : -0.5409746971332992
One-Day_Repo_Rate_AVG : -0.2094212424851159
Foreign_Exchange_Reserve_over_GDP : -0.4595556026569355
Bank_Lending_mo12m%_change : -0.40202638813202785
Portfolio_Flows : -0.20725622910612665
--------------------

