--------------------
id : 1076178956
explain variance ratio : 0.20232060078569483
Weight :
Term_Premium : 0.19706908770559586
Stock_Prices_mom24mma%_change : 0.38811841054226004
Current_Account_Balance_over_GDP : 0.5438119525617231
Velocity_of_Money_mo12m%_change : 0.16597378623650844
Foreign_Exchange_Reserve_over_GDP : 0.5001795509761822
Bank_Lending_mo12m%_change : 0.315943877518372
Broad_Money_mo12m%_change : 0.07057191688480435
Portfolio_Flows : 0.3636875364835611
--------------------

