--------------------
id : 1082848075
explain variance ratio : 0.23936547613120956
Weight :
Risk_Premium : -0.31744039638730775
Stock_Prices_mom24mma%_change : -0.6161767915527463
Current_Account_Balance_over_GDP : -0.579458932764219
One-Day_Repo_Rate_AVG : -0.2643122622295797
Bank_Lending_mo12m%_change : -0.22905343924690463
Broad_Money_mo12m%_change : -0.24790855478831603
--------------------

