--------------------
id : 1108407853
explain variance ratio : 0.20210554316603863
Weight :
Risk_Premium : 0.6142953638872847
Stock_Prices_mom24mma%_change : 0.4714494705157761
One-Day_Repo_Rate_EOP : 0.12336314814861862
Portfolio_Flows : 0.4768538824685084
Bank_Lending_mo12m%_change : 0.35680542931922665
Velocity_of_Money_mo12m%_change : 0.1745233414729313
--------------------

