--------------------
id : 1116337602
explain variance ratio : 0.24031536503560932
Weight :
Risk_Premium : 0.6717628217155692
Stock_Prices_mom24mma%_change : 0.06449593386140462
One-Day_Repo_Rate_EOP : 0.09065768447518183
Foreign_Exchange_Reserve_change_yryr% : 0.07570408534849228
Foreign_Exchange_Reserve_over_GDP : 0.551099232291373
Bank_Lending_mo12m%_change : 0.4763556420901176
--------------------

