--------------------
id : 1119480244
explain variance ratio : 0.20764921410729073
Weight :
Term_Premium : 0.14647923415119526
Risk_Premium : 0.36992093696675327
Stock_Prices_mom24mma%_change : 0.38346796380246057
Policy_Rate_&_Fed_Funds_Rate_Differential_EOP : 0.17301718028630572
Current_Account_Balance_over_GDP : 0.6200310711709816
One-Day_Repo_Rate_EOP : 0.1866803737832325
Bank_Lending_mo12m%_change : 0.4097751545996367
Portfolio_Flows : 0.2784168492003522
--------------------

