--------------------
id : 1121655928
explain variance ratio : 0.20062357788639873
Weight :
Term_Premium : 0.24671565855592714
Stock_Market_Volatility : 0.1420817725454207
One-Day_Repo_Rate_AVG : 0.4103834386750569
Current_Account_Balance_over_GDP : 0.5223819878048337
Policy_Rate_&_Fed_Funds_Rate_Differential_EOP : 0.36090669518705193
Bank_Lending_mo12m%_change : 0.4099546091844263
Velocity_of_Money_mo12m%_change : 0.3563718909780285
Portfolio_Flows : 0.2287559767750822
--------------------

