--------------------
id : 1127691323
explain variance ratio : 0.23630212516628515
Weight :
Term_Premium : -0.19977781110974982
Stock_Prices_mom24mma%_change : -0.3628471739734037
Current_Account_Balance_over_GDP : -0.5851384915833611
Foreign_Exchange_Reserve_change_yryr% : -0.32545834879525626
Velocity_of_Money_mo12m%_change : -0.15723461011142748
Foreign_Exchange_Reserve_over_GDP : -0.4897575468262351
Bank_Lending_mo12m%_change : -0.3399049662840792
--------------------

