--------------------
id : 1128017381
explain variance ratio : 0.29510285431664396
Weight :
Risk_Premium : 0.28424248090623694
Stock_Prices_mom24mma%_change : 0.3330667619149315
One-Day_Repo_Rate_AVG : 0.456904809329279
Current_Account_Balance_over_GDP : 0.41463522893912663
Bank_Lending_mo12m%_change : 0.20469623139110402
Foreign_Exchange_Reserve_over_GDP : 0.6210376954295314
--------------------

