--------------------
id : 1137201211
explain variance ratio : 0.2359203109981147
Weight :
Term_Premium : -0.15494461411482421
Stock_Market_Volatility : -0.21878556056184348
Current_Account_Balance_over_GDP : -0.5953472286334491
One-Day_Repo_Rate_EOP : -0.27771742155341866
Bank_Lending_mo12m%_change : -0.45781234494716605
Foreign_Exchange_Reserve_over_GDP : -0.47023805654795536
Portfolio_Flows : -0.2566004348371597
--------------------

