--------------------
id : 1145664545
explain variance ratio : 0.20853756667228127
Weight :
Term_Premium : -0.11785219130319352
Risk_Premium : -0.4056089185023868
Stock_Prices_mom24mma%_change : -0.4321666363061147
Current_Account_Balance_over_GDP : -0.6212814677071938
One-Day_Repo_Rate_EOP : -0.12021770502060415
Bank_Lending_mo12m%_change : -0.36338518367210737
Foreign_Exchange_Reserve_change_yryr% : -0.3111520402909937
Broad_Money_mo12m%_change : -0.07427598598290197
--------------------

