--------------------
id : 1160359161
explain variance ratio : 0.2902637251573667
Weight :
Risk_Premium : -0.4254132472341819
Stock_Prices_mom24mma%_change : -0.41392468599917664
Current_Account_Balance_over_GDP : -0.5860086570402674
Bank_Lending_mo12m%_change : -0.3621344816365135
Foreign_Exchange_Reserve_change_yryr% : -0.29452877335195904
Portfolio_Flows : -0.29393059750501954
--------------------

