--------------------
id : 1197764074
explain variance ratio : 0.25952119834936005
Weight :
Term_Premium : 0.21795266062308646
Risk_Premium : 0.3116820237036613
Stock_Prices_mom24mma%_change : 0.29618670665183033
One-Day_Repo_Rate_AVG : 0.39978490144362455
Current_Account_Balance_over_GDP : 0.45154015973335393
Bank_Lending_mo12m%_change : 0.2589705837388171
Foreign_Exchange_Reserve_over_GDP : 0.5803810318348763
--------------------

