--------------------
id : 1205594924
explain variance ratio : 0.40985351925890634
Weight :
Term_Premium : 0.15687496295839318
Stock_Prices_mom%_change : 0.16297434867046046
Stock_Prices_mom24mma%_change : 0.4452867103999107
One-Day_Repo_Rate_EOP : 0.4740153900757044
Foreign_Exchange_Reserve_over_GDP : 0.3388367090032075
Broad_Money_mo12m%_change : 0.4754853714464735
Portfolio_Flows : 0.4300722141188978
--------------------

