--------------------
id : 1213345509
explain variance ratio : 0.3896237845207072
Weight :
Term_Premium : 0.2848928507334669
Stock_Prices_mom24mma%_change : 0.3897590517933013
Current_Account_Balance_over_GDP : 0.07362329247153704
One-Day_Repo_Rate_AVG : 0.6429321630607828
Foreign_Exchange_Reserve_over_GDP : 0.5900354138979962
--------------------

