--------------------
id : 1218878180
explain variance ratio : 0.47336113263679097
Weight :
Term_Premium : 0.13390891879332478
Stock_Prices_mom%_change : 0.13720060134673506
One-Day_Repo_Rate_AVG : 0.4490889655629617
Foreign_Exchange_Reserve_change_yryr% : 0.5470490978231295
Broad_Money_mo12m%_change : 0.5205210414743277
Portfolio_Flows : 0.4374455708092927
--------------------

