--------------------
id : 1232421229
explain variance ratio : 0.23059254158728232
Weight :
Term_Premium : -0.03490656646989192
Risk_Premium : -0.34894734422283513
Stock_Prices_mom24mma%_change : -0.40710268964537055
Stock_Market_Volatility : -0.3227579150164669
Current_Account_Balance_over_GDP : -0.524817335881624
Bank_Lending_mo12m%_change : -0.3150979366510124
Foreign_Exchange_Reserve_change_yryr% : -0.30540434895514573
Portfolio_Flows : -0.3729882690789541
--------------------

