--------------------
id : 1246954270
explain variance ratio : 0.45682237918546237
Weight :
Term_Premium : 0.14231879604825312
Stock_Prices_mom%_change : 0.11120876551760461
Stock_Prices_mom24mma%_change : 0.3507768068778012
One-Day_Repo_Rate_EOP : 0.46730503782271343
Policy_Rate_&_Fed_Funds_Rate_Differential_EOP : 0.48172005692145514
Foreign_Exchange_Reserve_over_GDP : 0.33237117340448435
Portfolio_Flows : 0.3508621249719972
Broad_Money_mo12m%_change : 0.4004129908669347
--------------------

