--------------------
id : 1258693775
explain variance ratio : 0.21398218619260354
Weight :
Term_Premium : 0.22310531577506465
Stock_Prices_mom24mma%_change : 0.43998841485921264
One-Day_Repo_Rate_EOP : 0.30306372813398674
Current_Account_Balance_over_GDP : 0.620225400557948
Portfolio_Flows : 0.345327292558281
Bank_Lending_mo12m%_change : 0.369130736372542
Velocity_of_Money_mo12m%_change : 0.1568394163923109
--------------------

