--------------------
id : 1265773959
explain variance ratio : 0.20407203142515845
Weight :
Term_Premium : 0.1453252127502852
Risk_Premium : 0.5560190658813389
Stock_Prices_mom24mma%_change : 0.04182285467376623
Current_Account_Balance_change_yryr% : 0.06506911904980378
Velocity_of_Money_mo12m%_change : 0.44955789172598687
Foreign_Exchange_Reserve_over_GDP : 0.6566754584332707
Portfolio_Flows : 0.174399781441622
--------------------

