--------------------
id : 1291963345
explain variance ratio : 0.21137274349850016
Weight :
Term_Premium : -0.021514037280535154
Stock_Prices_mom24mma%_change : -0.3047586690234724
Stock_Market_Volatility : -0.4386746791029082
Current_Account_Balance_over_GDP : -0.6226895095015538
One-Day_Repo_Rate_EOP : -0.031050691905262245
Foreign_Exchange_Reserve_change_yryr% : -0.18259010300999473
Bank_Lending_mo12m%_change : -0.44763895771504625
Portfolio_Flows : -0.30298130780033217
--------------------

