--------------------
id : 1301199125
explain variance ratio : 0.2253497944773707
Weight :
Term_Premium : -0.7346373843944457
Stock_Prices_mom%_change : -0.20429956322835224
One-Day_Repo_Rate_EOP : -0.40214271753706915
Bank_Lending_mo12m%_change : -0.23324916340295201
Velocity_of_Money_mo12m%_change : -0.4499396230812712
--------------------

