--------------------
id : 1306404573
explain variance ratio : 0.21485862629534525
Weight :
Term_Premium : -0.16638130183021899
Stock_Prices_mom%_change : -0.10089778240214159
Stock_Prices_mom24mma%_change : -0.37304713276164037
Current_Account_Balance_over_GDP : -0.7326168388615133
One-Day_Repo_Rate_EOP : -0.11141680440383663
Bank_Lending_mo12m%_change : -0.4822325426862782
Foreign_Exchange_Reserve_change_yryr% : -0.20318310592482708
--------------------

