--------------------
id : 1311318667
explain variance ratio : 0.23194190226589015
Weight :
Term_Premium : -0.30327256072332925
Stock_Prices_mom24mma%_change : -0.487654485763046
One-Day_Repo_Rate_AVG : -0.285880698568412
Current_Account_Balance_over_GDP : -0.6731107644079518
Bank_Lending_mo12m%_change : -0.3540715610797804
Broad_Money_mo12m%_change : -0.10023128796040362
--------------------

