--------------------
id : 1336841308
explain variance ratio : 0.25456983972071784
Weight :
Risk_Premium : -0.45059407711494764
Stock_Prices_mom24mma%_change : -0.35370534140821996
Stock_Market_Volatility : -0.4495154503558454
Current_Account_Balance_over_GDP : -0.5756813167144237
Velocity_of_Money_mo12m%_change : -0.07603446058546048
Portfolio_Flows : -0.3641471562555848
--------------------

