--------------------
id : 1348743000
explain variance ratio : 0.26228995548507944
Weight :
Term_Premium : -0.2959302274515254
Stock_Prices_mom24mma%_change : -0.6239807117483342
Current_Account_Balance_over_GDP : -0.6372978470105969
Bank_Lending_mo12m%_change : -0.2555225338459807
Broad_Money_mo12m%_change : -0.22722909307374634
--------------------

