--------------------
id : 1354042754
explain variance ratio : 0.2123139264788876
Weight :
Risk_Premium : -0.6215152657037182
Stock_Prices_mom24mma%_change : -0.14880955862004086
Stock_Market_Volatility : -0.29367355549216745
One-Day_Repo_Rate_AVG : -0.05913203107318549
Foreign_Exchange_Reserve_over_GDP : -0.44217579068967633
Bank_Lending_mo12m%_change : -0.4716295862823201
Portfolio_Flows : -0.2896201632093695
--------------------

