--------------------
id : 1364725473
explain variance ratio : 0.23182057209811385
Weight :
Term_Premium : 0.2574571248163448
Risk_Premium : 0.18429680634672208
Stock_Prices_mom24mma%_change : 0.29200595371946764
One-Day_Repo_Rate_EOP : 0.5110296043251679
Current_Account_Balance_over_GDP : 0.31621366188081523
Foreign_Exchange_Reserve_over_GDP : 0.6339452760561288
Bank_Lending_mo12m%_change : 0.13527054322828386
Velocity_of_Money_mo12m%_change : 0.18208780763169044
--------------------

