--------------------
id : 1368944950
explain variance ratio : 0.40803302473947317
Weight :
Term_Premium : 0.21461106478286807
Stock_Prices_mom%_change : 0.18903513031819297
Stock_Prices_mom24mma%_change : 0.47793010350630394
One-Day_Repo_Rate_EOP : 0.5320726666689747
Foreign_Exchange_Reserve_over_GDP : 0.38181246025124854
Broad_Money_mo12m%_change : 0.5107920801279685
--------------------

