--------------------
id : 1374686601
explain variance ratio : 0.2546842526413267
Weight :
Term_Premium : -0.08534580787712864
Stock_Prices_mom24mma%_change : -0.3482408190292412
Current_Account_Balance_over_GDP : -0.7349795533996093
Foreign_Exchange_Reserve_change_yryr% : -0.1919651441563931
Portfolio_Flows : -0.19563090306668632
Bank_Lending_mo12m%_change : -0.5060903222928501
--------------------

