--------------------
id : 1379046076
explain variance ratio : 0.27532415321364695
Weight :
Risk_Premium : -0.47167310567834875
Stock_Prices_mom24mma%_change : -0.2487456212077992
Current_Account_Balance_over_GDP : -0.5656983045307806
Foreign_Exchange_Reserve_change_yryr% : -0.1934985140019983
Foreign_Exchange_Reserve_over_GDP : -0.3767849223941355
Portfolio_Flows : -0.1954091985317671
Bank_Lending_mo12m%_change : -0.4219504923866345
--------------------

