--------------------
id : 1384683439
explain variance ratio : 0.43699013826888367
Weight :
Term_Premium : 0.15819591096604566
Stock_Prices_mom%_change : 0.2292481066847757
Stock_Prices_mom24mma%_change : 0.5085481425683225
One-Day_Repo_Rate_AVG : 0.42785515273810415
Broad_Money_mo12m%_change : 0.5260942904578552
Portfolio_Flows : 0.4516225324853469
--------------------

