--------------------
id : 1389807584
explain variance ratio : 0.4336362545180704
Weight :
Term_Premium : 0.2032410831949525
Stock_Prices_mom24mma%_change : 0.5437313658380183
Current_Account_Balance_over_GDP : 0.012817584502250581
One-Day_Repo_Rate_AVG : 0.5337538695534966
Foreign_Exchange_Reserve_change_yryr% : 0.6148103611438744
--------------------

