--------------------
id : 1393710824
explain variance ratio : 0.20444796523065858
Weight :
Term_Premium : -0.2980065186616902
Stock_Prices_mom%_change : -0.2690657535301552
Stock_Prices_mom24mma%_change : -0.4707097106485085
Current_Account_Balance_over_GDP : -0.6593394498568816
One-Day_Repo_Rate_AVG : -0.1987546156735014
Bank_Lending_mo12m%_change : -0.37561358163271413
Broad_Money_mo12m%_change : -0.0437107917742906
--------------------

