--------------------
id : 1418290542
explain variance ratio : 0.20210554316603896
Weight :
Risk_Premium : 0.6142953638872851
Stock_Prices_mom24mma%_change : 0.4714494705157754
One-Day_Repo_Rate_EOP : 0.12336314814861818
Bank_Lending_mo12m%_change : 0.3568054293192267
Velocity_of_Money_mo12m%_change : 0.1745233414729311
Portfolio_Flows : 0.47685388246850874
--------------------

