--------------------
id : 1432691787
explain variance ratio : 0.2687085727757131
Weight :
Risk_Premium : -0.41746433340365247
Stock_Prices_mom24mma%_change : -0.2628244996309006
One-Day_Repo_Rate_EOP : -0.21895685790155273
Current_Account_Balance_over_GDP : -0.5276995429905249
Foreign_Exchange_Reserve_over_GDP : -0.47512285885086525
Portfolio_Flows : -0.24843389653253428
Bank_Lending_mo12m%_change : -0.37785813142781965
--------------------

