--------------------
id : 1460316123
explain variance ratio : 0.21217138625744225
Weight :
Risk_Premium : -0.6174152570634622
Stock_Prices_mom24mma%_change : -0.15765983964500258
Stock_Market_Volatility : -0.30286575793869686
One-Day_Repo_Rate_EOP : -0.053304761118109306
Foreign_Exchange_Reserve_over_GDP : -0.43781790993295056
Bank_Lending_mo12m%_change : -0.46600300720047527
Portfolio_Flows : -0.3008810154210274
--------------------

