--------------------
id : 1460729514
explain variance ratio : 0.4114884839016223
Weight :
Term_Premium : 0.2713054918688588
Stock_Prices_mom%_change : 0.09698817587414676
One-Day_Repo_Rate_EOP : 0.6422047786885454
Broad_Money_mo12m%_change : 0.468936524818091
Foreign_Exchange_Reserve_over_GDP : 0.533533674423208
--------------------

