--------------------
id : 1470962404
explain variance ratio : 0.2368789148514475
Weight :
Term_Premium : -0.153724173782433
Stock_Market_Volatility : -0.20366078706023977
One-Day_Repo_Rate_AVG : -0.2798146203972993
Current_Account_Balance_over_GDP : -0.6021877615476774
Bank_Lending_mo12m%_change : -0.46633108033289816
Foreign_Exchange_Reserve_over_GDP : -0.46895254292248634
Portfolio_Flows : -0.23787323570572452
--------------------

