--------------------
id : 1477856705
explain variance ratio : 0.22635492279650626
Weight :
Risk_Premium : -0.36975916198405906
Stock_Prices_mom24mma%_change : -0.43192632492103294
Stock_Market_Volatility : -0.20009184320139578
Current_Account_Balance_over_GDP : -0.4609073440689882
Foreign_Exchange_Reserve_over_GDP : -0.3972351905491682
Portfolio_Flows : -0.43017447657468977
Bank_Lending_mo12m%_change : -0.23859058091628346
Broad_Money_mo12m%_change : -0.15644214338752674
--------------------

