--------------------
id : 1490866109
explain variance ratio : 0.2107939987632091
Weight :
Risk_Premium : -0.43151696796131644
Stock_Prices_mom%_change : -0.022930576772464184
Current_Account_Balance_over_GDP : -0.5669076113502887
Foreign_Exchange_Reserve_change_yryr% : -0.43161490180080925
Bank_Lending_mo12m%_change : -0.2885433151887653
Broad_Money_mo12m%_change : -0.1673491678838276
Portfolio_Flows : -0.4408272258100785
--------------------

