--------------------
id : 1531551363
explain variance ratio : 0.2034849798866564
Weight :
Term_Premium : -0.09276136823280304
Risk_Premium : -0.580447300631854
Stock_Prices_mom24mma%_change : -0.35803944414388944
Current_Account_Balance_over_GDP : -0.6818090848059603
One-Day_Repo_Rate_AVG : -0.005703950204104302
Foreign_Exchange_Reserve_change_yryr% : -0.18493767333176095
Velocity_of_Money_mo12m%_change : -0.1648815029063904
--------------------

