--------------------
id : 1598923486
explain variance ratio : 0.2124908286899342
Weight :
Risk_Premium : -0.306156457683393
Stock_Prices_mom24mma%_change : -0.46911964836183706
Stock_Market_Volatility : -0.3368512270065323
Current_Account_Balance_over_GDP : -0.5062856654418466
One-Day_Repo_Rate_AVG : -0.13706226593968224
Bank_Lending_mo12m%_change : -0.27344081129810704
Broad_Money_mo12m%_change : -0.14579318364849272
Portfolio_Flows : -0.44898714942153256
--------------------

