--------------------
id : 1607081110
explain variance ratio : 0.2279463516528895
Weight :
Term_Premium : -0.41555637538159707
Stock_Prices_mom24mma%_change : -0.5373910378898373
Current_Account_Balance_over_GDP : -0.5450101185881163
One-Day_Repo_Rate_AVG : -0.44140514056109653
Velocity_of_Money_mo12m%_change : -0.050354707164585275
Bank_Lending_mo12m%_change : -0.21003249097358026
--------------------

