--------------------
id : 1645386563
explain variance ratio : 0.2402174869942291
Weight :
Risk_Premium : -0.3687837196291407
Stock_Prices_mom24mma%_change : -0.49456959876628814
Stock_Market_Volatility : -0.21875611686558072
Current_Account_Balance_over_GDP : -0.5680338857468106
Bank_Lending_mo12m%_change : -0.28606031715727287
Foreign_Exchange_Reserve_change_yryr% : -0.37435633165623283
Broad_Money_mo12m%_change : -0.16404139107764498
--------------------

