--------------------
id : 1661785697
explain variance ratio : 0.23149043981221695
Weight :
Risk_Premium : -0.3723509552057465
Stock_Prices_mom24mma%_change : -0.3724484756681479
Stock_Market_Volatility : -0.3346991357465767
Current_Account_Balance_over_GDP : -0.546830287668968
Foreign_Exchange_Reserve_change_yryr% : -0.2646771427069222
Bank_Lending_mo12m%_change : -0.35512060257099687
Broad_Money_mo12m%_change : -0.04716605127991591
Portfolio_Flows : -0.33645319958796815
--------------------

