--------------------
id : 1727650261
explain variance ratio : 0.2189356769015245
Weight :
Term_Premium : -0.06943784216403806
Risk_Premium : -0.4313525784530845
Stock_Prices_mom%_change : -0.08890428353551173
Stock_Prices_mom24mma%_change : -0.4002738409498281
Current_Account_Balance_over_GDP : -0.5976253956352393
Foreign_Exchange_Reserve_change_yryr% : -0.2596674161056976
Bank_Lending_mo12m%_change : -0.38412267842973524
Portfolio_Flows : -0.2624056157527242
--------------------

