--------------------
id : 1734775971
explain variance ratio : 0.29316427476082574
Weight :
Term_Premium : -0.1678948207080098
Stock_Prices_mom24mma%_change : -0.4924721448057573
Current_Account_Balance_over_GDP : -0.691080183172298
Bank_Lending_mo12m%_change : -0.37105873507378784
Foreign_Exchange_Reserve_change_yryr% : -0.3376479102879604
--------------------

