--------------------
id : 1759817994
explain variance ratio : 0.23518130207632754
Weight :
Term_Premium : -0.11524874738784661
Stock_Prices_mom24mma%_change : -0.1245197231572022
One-Day_Repo_Rate_AVG : -0.13021785667599786
Current_Account_Balance_over_GDP : -0.7038064955183829
Bank_Lending_mo12m%_change : -0.5775782010155228
Foreign_Exchange_Reserve_change_yryr% : -0.05696306441989071
Foreign_Exchange_Reserve_over_GDP : -0.34938649436232627
--------------------

