--------------------
id : 1762836475
explain variance ratio : 0.21574039197621095
Weight :
Term_Premium : -0.018263049075482495
Stock_Market_Volatility : -0.519101473085891
Current_Account_Balance_over_GDP : -0.5191705682522078
Foreign_Exchange_Reserve_change_yryr% : -0.33057935890274104
Bank_Lending_mo12m%_change : -0.30220065579420474
Broad_Money_mo12m%_change : -0.10570192030334905
Portfolio_Flows : -0.4988799433615197
--------------------

