--------------------
id : 1782110268
explain variance ratio : 0.20042283071920594
Weight :
Term_Premium : -0.07552359976479814
Stock_Prices_mom24mma%_change : -0.4077769887347474
Stock_Market_Volatility : -0.4269333670454441
Current_Account_Balance_over_GDP : -0.5727301966327107
One-Day_Repo_Rate_AVG : -0.12460407322026024
Bank_Lending_mo12m%_change : -0.3536892556873431
Broad_Money_mo12m%_change : -0.06460485489498344
Portfolio_Flows : -0.4158438208961815
--------------------

