--------------------
id : 1806003700
explain variance ratio : 0.22863192445839622
Weight :
Risk_Premium : -0.31371610865298993
Stock_Market_Volatility : -0.4109573549151855
Current_Account_Balance_over_GDP : -0.4731089479213352
Bank_Lending_mo12m%_change : -0.2405444596819844
Foreign_Exchange_Reserve_change_yryr% : -0.39856382466301316
Broad_Money_mo12m%_change : -0.17352279610553656
Portfolio_Flows : -0.5118977034794323
--------------------

