--------------------
id : 1829385893
explain variance ratio : 0.2077163571857378
Weight :
Term_Premium : -0.13449997131063499
Risk_Premium : -0.236422486277012
Stock_Prices_mom24mma%_change : -0.5152454102790166
Stock_Market_Volatility : -0.29416889993724465
Current_Account_Balance_over_GDP : -0.4664687177284624
Policy_Rate_&_Fed_Funds_Rate_Differential_AVG : -0.24781223919822803
Bank_Lending_mo12m%_change : -0.21134364194496816
Portfolio_Flows : -0.5003307762769693
--------------------

