--------------------
id : 1831578975
explain variance ratio : 0.2016521296311084
Weight :
Term_Premium : -0.7228560464520742
Stock_Prices_mom%_change : -0.3628229127235403
Current_Account_Balance_over_GDP : -0.3061315616799398
One-Day_Repo_Rate_EOP : -0.4640132579134196
Velocity_of_Money_mo12m%_change : -0.15588269137505123
Bank_Lending_mo12m%_change : -0.11186786877441324
--------------------

