--------------------
id : 1859307346
explain variance ratio : 0.2616247142108381
Weight :
Risk_Premium : -0.38866065773560465
Stock_Market_Volatility : -0.004829799720267702
One-Day_Repo_Rate_AVG : -0.3108620273702968
Current_Account_Balance_over_GDP : -0.4989373631761779
Bank_Lending_mo12m%_change : -0.3444633809075984
Foreign_Exchange_Reserve_change_yryr% : -0.26111900984952285
Foreign_Exchange_Reserve_over_GDP : -0.5625901844487973
--------------------

