--------------------
id : 1862488894
explain variance ratio : 0.26870857277571314
Weight :
Risk_Premium : -0.4174643334036525
Stock_Prices_mom24mma%_change : -0.2628244996309001
Current_Account_Balance_over_GDP : -0.5276995429905253
One-Day_Repo_Rate_EOP : -0.2189568579015528
Bank_Lending_mo12m%_change : -0.3778581314278202
Foreign_Exchange_Reserve_over_GDP : -0.4751228588508652
Portfolio_Flows : -0.24843389653253425
--------------------

