--------------------
id : 1867428837
explain variance ratio : 0.2487083139765026
Weight :
Term_Premium : 0.08422904014557903
Risk_Premium : 0.6244170257837066
Stock_Market_Volatility : 0.14868141444453306
Current_Account_Balance_over_GDP : 0.6179652022013586
One-Day_Repo_Rate_AVG : 0.045787346622182756
Foreign_Exchange_Reserve_over_GDP : 0.4437625620350278
--------------------

