--------------------
id : 1876314109
explain variance ratio : 0.24590138271539252
Weight :
Term_Premium : 0.17959113759634532
Stock_Prices_mom24mma%_change : 0.41687621463760727
Current_Account_Balance_over_GDP : 0.6929613634741458
One-Day_Repo_Rate_AVG : 0.20762072878095644
Bank_Lending_mo12m%_change : 0.4353663336338208
Portfolio_Flows : 0.28480797428624127
--------------------

