--------------------
id : 1886086789
explain variance ratio : 0.22130084364313596
Weight :
Term_Premium : -0.32698725325979183
Risk_Premium : -0.37898043310658225
Stock_Prices_mom24mma%_change : -0.5391041587293134
Current_Account_Balance_over_GDP : -0.6234472800142229
One-Day_Repo_Rate_AVG : -0.25592790717645636
Velocity_of_Money_mo12m%_change : -0.06807546503600623
--------------------

