--------------------
id : 1898865614
explain variance ratio : 0.24250269153095624
Weight :
Term_Premium : -0.30026511948966667
Stock_Prices_mom24mma%_change : -0.480253028428133
Current_Account_Balance_over_GDP : -0.5885431556567973
Bank_Lending_mo12m%_change : -0.2718575746023575
Broad_Money_mo12m%_change : -0.16558851717576548
Foreign_Exchange_Reserve_over_GDP : -0.4811327703907281
--------------------

