--------------------
id : 1904724261
explain variance ratio : 0.20485793240975156
Weight :
Term_Premium : 0.203893771304932
Stock_Market_Volatility : 0.2754128683700887
Current_Account_Balance_over_GDP : 0.44913086710283295
Foreign_Exchange_Reserve_over_GDP : 0.5335938610435691
Portfolio_Flows : 0.5660042435328652
Bank_Lending_mo12m%_change : 0.21135082929476257
Broad_Money_mo12m%_change : 0.17636371761360295
--------------------

