--------------------
id : 1907526483
explain variance ratio : 0.3328094486806978
Weight :
Term_Premium : 0.2202215881018663
Stock_Prices_mom%_change : 0.24346982829672348
Stock_Prices_mom24mma%_change : 0.5977185017180032
Current_Account_Balance_over_GDP : 0.0998489998098475
Foreign_Exchange_Reserve_change_yryr% : 0.617474720015533
Foreign_Exchange_Reserve_over_GDP : 0.37909449339940776
--------------------

