--------------------
id : 1930106979
explain variance ratio : 0.2229315156978073
Weight :
Risk_Premium : 0.3937231858250963
Stock_Prices_mom24mma%_change : 0.4260157588247908
Current_Account_Balance_over_GDP : 0.4547489357665002
Velocity_of_Money_mo12m%_change : 0.051995324117676094
Foreign_Exchange_Reserve_over_GDP : 0.4717695687312411
Bank_Lending_mo12m%_change : 0.23106066723353091
Broad_Money_mo12m%_change : 0.15104188485418804
Portfolio_Flows : 0.3939838942929452
--------------------

