--------------------
id : 1932086684
explain variance ratio : 0.25461085462473393
Weight :
Term_Premium : -0.09680775105491674
Stock_Prices_mom24mma%_change : -0.5717827582731834
Stock_Market_Volatility : -0.3912640380152276
Current_Account_Balance_over_GDP : -0.36454777819576045
Portfolio_Flows : -0.6079615872017508
Bank_Lending_mo12m%_change : -0.08996007521606483
--------------------

