--------------------
id : 1935153966
explain variance ratio : 0.20635703882215675
Weight :
Term_Premium : -0.13744732968213147
Stock_Prices_mom%_change : -0.14434153331928362
Stock_Prices_mom24mma%_change : -0.43635810976599754
Stock_Market_Volatility : -0.32299978638853993
Current_Account_Balance_over_GDP : -0.5390995214268578
Foreign_Exchange_Reserve_over_GDP : -0.29674067874896715
Bank_Lending_mo12m%_change : -0.3085904323840264
Portfolio_Flows : -0.437750056505613
--------------------

