--------------------
id : 1950777892
explain variance ratio : 0.224495743018792
Weight :
Risk_Premium : 0.3414638293872895
Stock_Market_Volatility : 0.04559548193961105
One-Day_Repo_Rate_AVG : 0.37780560131575414
Current_Account_Balance_over_GDP : 0.43560337108803127
Bank_Lending_mo12m%_change : 0.2890133871286158
Broad_Money_mo12m%_change : 0.023847625129816086
Foreign_Exchange_Reserve_over_GDP : 0.6031484452616004
Portfolio_Flows : 0.3177273072505339
--------------------

