--------------------
id : 1962903299
explain variance ratio : 0.21023296490387458
Weight :
Term_Premium : -0.3040185066987199
Stock_Prices_mom%_change : -0.17985523695318628
Stock_Prices_mom24mma%_change : -0.48054781494001847
Current_Account_Balance_over_GDP : -0.6112511118543142
Foreign_Exchange_Reserve_over_GDP : -0.40062735344132183
Bank_Lending_mo12m%_change : -0.31020684751642996
Broad_Money_mo12m%_change : -0.11806842324242368
--------------------

