--------------------
id : 1973677351
explain variance ratio : 0.24921470566828818
Weight :
Risk_Premium : 0.46955394090493985
Stock_Market_Volatility : 0.1774570085499817
Current_Account_Balance_over_GDP : 0.4289644553579413
Broad_Money_mo12m%_change : 0.11426465206662334
Foreign_Exchange_Reserve_over_GDP : 0.5753029410308881
Portfolio_Flows : 0.46902848321386614
--------------------

