--------------------
id : 1991710858
explain variance ratio : 0.20723336911710938
Weight :
Term_Premium : 0.09140826407198906
Risk_Premium : 0.6436446442940835
Stock_Market_Volatility : 0.05134493820645761
One-Day_Repo_Rate_AVG : 0.13567642519872136
Bank_Lending_mo12m%_change : 0.4784601601851935
Foreign_Exchange_Reserve_change_yryr% : 0.06574952295260439
Foreign_Exchange_Reserve_over_GDP : 0.5683965002037077
--------------------

