--------------------
id : 2012345504
explain variance ratio : 0.21967791708143952
Weight :
Term_Premium : -0.07241218877374889
Stock_Market_Volatility : -0.4610510754752184
Current_Account_Balance_over_GDP : -0.559075378921197
One-Day_Repo_Rate_EOP : -0.19512856327570613
Foreign_Exchange_Reserve_change_yryr% : -0.3107347749520155
Bank_Lending_mo12m%_change : -0.35075382936127963
Portfolio_Flows : -0.46039504343784693
--------------------

