--------------------
id : 2025582954
explain variance ratio : 0.20858968822470944
Weight :
Term_Premium : -0.14608850432233728
Risk_Premium : -0.37186837880116624
Stock_Prices_mom24mma%_change : -0.37491204700522895
One-Day_Repo_Rate_EOP : -0.1857919265288605
Current_Account_Balance_over_GDP : -0.6222862791401175
Policy_Rate_&_Fed_Funds_Rate_Differential_AVG : -0.18439827181389828
Portfolio_Flows : -0.26860346048562583
Bank_Lending_mo12m%_change : -0.4146126143291356
--------------------

