--------------------
id : 2045671642
explain variance ratio : 0.2103662820403607
Weight :
Term_Premium : -0.2631154689626063
Risk_Premium : -0.3032055541722843
Stock_Prices_mom24mma%_change : -0.5654950863414906
Current_Account_Balance_over_GDP : -0.58184950223272
One-Day_Repo_Rate_AVG : -0.2747701885594783
Bank_Lending_mo12m%_change : -0.2502668789723552
Broad_Money_mo12m%_change : -0.20584202378342834
--------------------

