--------------------
id : 2047505324
explain variance ratio : 0.21133953523684126
Weight :
Term_Premium : -0.021724911908540055
Stock_Prices_mom24mma%_change : -0.3065886810168463
Stock_Market_Volatility : -0.4375308585435871
Current_Account_Balance_over_GDP : -0.622551231326927
One-Day_Repo_Rate_AVG : -0.029130337469415152
Foreign_Exchange_Reserve_change_yryr% : -0.18434773071588534
Bank_Lending_mo12m%_change : -0.44636486725974606
Portfolio_Flows : -0.3040622698812964
--------------------

