--------------------
id : 2113891520
explain variance ratio : 0.2730717373993396
Weight :
Risk_Premium : -0.3652012020080772
Stock_Prices_mom24mma%_change : -0.4877616834083498
Current_Account_Balance_over_GDP : -0.594530273137762
One-Day_Repo_Rate_EOP : -0.1856816017814116
Foreign_Exchange_Reserve_change_yryr% : -0.3822919446474006
Bank_Lending_mo12m%_change : -0.30761272468941325
--------------------

