--------------------
id : 2133021191
explain variance ratio : 0.20686702397487855
Weight :
Term_Premium : -0.05195286475714508
Risk_Premium : -0.6067116727210627
Stock_Prices_mom24mma%_change : -0.28272981773464667
Current_Account_Balance_over_GDP : -0.676477791463761
Foreign_Exchange_Reserve_change_yryr% : -0.10915403170995996
Velocity_of_Money_mo12m%_change : -0.24785490234279578
Portfolio_Flows : -0.1352658071860196
--------------------

