--------------------
id : 2145537616
explain variance ratio : 0.21133953523684096
Weight :
Term_Premium : -0.021724911908541478
Stock_Prices_mom24mma%_change : -0.30658868101684617
Stock_Market_Volatility : -0.4375308585435856
One-Day_Repo_Rate_AVG : -0.029130337469415596
Current_Account_Balance_over_GDP : -0.6225512313269267
Bank_Lending_mo12m%_change : -0.446364867259746
Foreign_Exchange_Reserve_change_yryr% : -0.18434773071588523
Portfolio_Flows : -0.3040622698812952
--------------------

