--------------------
id : 2147088854
explain variance ratio : 0.23396033392097473
Weight :
Term_Premium : -0.6273789184722424
Stock_Prices_mom%_change : -0.09045789698375911
One-Day_Repo_Rate_AVG : -0.40128807455800763
Current_Account_Balance_over_GDP : -0.4990819611257488
Velocity_of_Money_mo12m%_change : -0.43370282317075054
--------------------

