--------------------
id : 2170874030
explain variance ratio : 0.20101914749006153
Weight :
Risk_Premium : -0.3278768465637489
Stock_Prices_mom%_change : -0.21901086860815414
Stock_Prices_mom24mma%_change : -0.531358753036596
One-Day_Repo_Rate_AVG : -0.20813484264261906
Current_Account_Balance_over_GDP : -0.5315823098033656
Bank_Lending_mo12m%_change : -0.2723013684842744
Velocity_of_Money_mo12m%_change : -0.0179552248403861
Portfolio_Flows : -0.40226682475078795
--------------------

