--------------------
id : 2195781609
explain variance ratio : 0.2430602189968292
Weight :
Risk_Premium : -0.5198601334608276
Stock_Market_Volatility : -0.06739827265569331
Current_Account_Balance_over_GDP : -0.5127221332066753
One-Day_Repo_Rate_AVG : -0.11880224865590155
Velocity_of_Money_mo12m%_change : -0.4648107980149236
Foreign_Exchange_Reserve_over_GDP : -0.4799040579858278
Portfolio_Flows : -0.04298803895132774
--------------------

