--------------------
id : 2195841766
explain variance ratio : 0.22282158359890775
Weight :
Term_Premium : -0.17904478911832009
Risk_Premium : -0.5251533023451258
Stock_Prices_mom24mma%_change : -0.48776071710678615
One-Day_Repo_Rate_AVG : -0.0592960754024312
Current_Account_Balance_over_GDP : -0.6678645396981018
Broad_Money_mo12m%_change : -0.06846449757918642
--------------------

