--------------------
id : 2214343632
explain variance ratio : 0.20441813138864354
Weight :
Term_Premium : -0.31301443011462193
Risk_Premium : -0.5079860340623148
Stock_Prices_mom%_change : -0.043855201200205626
Current_Account_Balance_over_GDP : -0.6938525469156708
One-Day_Repo_Rate_EOP : -0.18568020316622946
Foreign_Exchange_Reserve_change_yryr% : -0.3551624731811242
--------------------

