--------------------
id : 2225495219
explain variance ratio : 0.32984025345223267
Weight :
Risk_Premium : -0.4853323356288805
Stock_Market_Volatility : -0.24252748057980567
Current_Account_Balance_change_yryr% : -0.0366429630027582
Velocity_of_Money_mo12m%_change : -0.5402305137404027
Foreign_Exchange_Reserve_over_GDP : -0.13389752696130686
Bank_Lending_mo12m%_change : -0.6281024460360211
--------------------

