--------------------
id : 2235660538
explain variance ratio : 0.24141797343055393
Weight :
Term_Premium : -0.06473729303922948
Risk_Premium : -0.47117117805148717
Stock_Prices_mom24mma%_change : -0.24126960889121316
Current_Account_Balance_over_GDP : -0.5688332137608711
Foreign_Exchange_Reserve_change_yryr% : -0.18398152524139422
Foreign_Exchange_Reserve_over_GDP : -0.3759180190982695
Bank_Lending_mo12m%_change : -0.4275398163335443
Portfolio_Flows : -0.18458250553085997
--------------------

