--------------------
id : 2236386800
explain variance ratio : 0.23503939942750413
Weight :
Term_Premium : -0.11828386985098761
Stock_Prices_mom24mma%_change : -0.12993334381276272
One-Day_Repo_Rate_AVG : -0.1435208255000664
Current_Account_Balance_over_GDP : -0.6963442895233855
Bank_Lending_mo12m%_change : -0.5725659246527275
Foreign_Exchange_Reserve_over_GDP : -0.36160752185935285
Portfolio_Flows : -0.07099941870158862
--------------------

