--------------------
id : 2256614977
explain variance ratio : 0.22551799709396797
Weight :
Term_Premium : -0.18766076640699514
Stock_Market_Volatility : -0.5712792572040853
Current_Account_Balance_over_GDP : -0.6954882026145485
Foreign_Exchange_Reserve_change_yryr% : -0.37107647803978766
Broad_Money_mo12m%_change : -0.13046782940426233
--------------------

