--------------------
id : 2275523293
explain variance ratio : 0.2659522728298373
Weight :
Term_Premium : -0.23768073851172855
Stock_Market_Volatility : -0.029492965220087042
Current_Account_Balance_over_GDP : -0.5675164184773087
One-Day_Repo_Rate_EOP : -0.35876075533657686
Bank_Lending_mo12m%_change : -0.42143400795136166
Foreign_Exchange_Reserve_over_GDP : -0.5605775982628232
--------------------

