--------------------
id : 2287424463
explain variance ratio : 0.21615280731274167
Weight :
Term_Premium : -0.25682710632851585
Stock_Market_Volatility : -0.4593514004000854
One-Day_Repo_Rate_EOP : -0.17776634085663745
Bank_Lending_mo12m%_change : -0.680612278963041
Foreign_Exchange_Reserve_over_GDP : -0.47770512053837033
--------------------

