--------------------
id : 2298518566
explain variance ratio : 0.21779657114843692
Weight :
Term_Premium : -0.20887601227842312
Stock_Prices_mom24mma%_change : -0.4010234608211414
Current_Account_Balance_over_GDP : -0.6805406287719011
One-Day_Repo_Rate_EOP : -0.24578259555329451
Foreign_Exchange_Reserve_change_yryr% : -0.2737328785669685
Velocity_of_Money_mo12m%_change : -0.15208498362167436
Bank_Lending_mo12m%_change : -0.4170693379136939
--------------------

