--------------------
id : 2314466442
explain variance ratio : 0.3755724960905887
Weight :
Term_Premium : 0.14130153509840032
Stock_Prices_mom%_change : 0.12291645145931696
Stock_Prices_mom24mma%_change : 0.41552743236563483
Current_Account_Balance_over_GDP : 0.008871596991918536
One-Day_Repo_Rate_AVG : 0.46995301621512214
Foreign_Exchange_Reserve_change_yryr% : 0.5046194879195277
Foreign_Exchange_Reserve_over_GDP : 0.3760990248187781
Portfolio_Flows : 0.4186126232573839
--------------------

