--------------------
id : 2323673900
explain variance ratio : 0.2010191474900613
Weight :
Risk_Premium : -0.32787684656374894
Stock_Prices_mom%_change : -0.219010868608154
Stock_Prices_mom24mma%_change : -0.5313587530365954
Current_Account_Balance_over_GDP : -0.5315823098033653
One-Day_Repo_Rate_AVG : -0.2081348426426191
Velocity_of_Money_mo12m%_change : -0.017955224840385944
Bank_Lending_mo12m%_change : -0.2723013684842742
Portfolio_Flows : -0.40226682475078757
--------------------

