--------------------
id : 2339782892
explain variance ratio : 0.20068233216014056
Weight :
Risk_Premium : -0.6284866379287675
Stock_Prices_mom%_change : -0.248944751489926
One-Day_Repo_Rate_AVG : -0.17732803231114871
Bank_Lending_mo12m%_change : -0.2572331458698209
Portfolio_Flows : -0.6673956354915609
--------------------

