--------------------
id : 2343617885
explain variance ratio : 0.23982012196450844
Weight :
Risk_Premium : 0.6286964188369698
Stock_Prices_mom24mma%_change : 0.0632782564228731
Stock_Market_Volatility : 0.0017390015814243917
One-Day_Repo_Rate_AVG : 0.18280623329422505
Foreign_Exchange_Reserve_over_GDP : 0.6059631339910263
Bank_Lending_mo12m%_change : 0.4473524476201075
--------------------

