--------------------
id : 2351051697
explain variance ratio : 0.2565065647838064
Weight :
Risk_Premium : 0.3541306052433496
Stock_Market_Volatility : 0.13801300855535076
Current_Account_Balance_over_GDP : 0.4012486759574869
Bank_Lending_mo12m%_change : 0.19091644311571965
Foreign_Exchange_Reserve_change_yryr% : 0.4251003604969802
Foreign_Exchange_Reserve_over_GDP : 0.5260061768329505
Portfolio_Flows : 0.4479972333941428
--------------------

