--------------------
id : 2364889862
explain variance ratio : 0.21595023382283163
Weight :
Term_Premium : 0.18024203687988694
Risk_Premium : 0.23554992881804498
Stock_Prices_mom24mma%_change : 0.532072022772672
Stock_Market_Volatility : 0.07390317762545372
Current_Account_Balance_over_GDP : 0.2860630009417561
Bank_Lending_mo12m%_change : 0.014517323237762184
Foreign_Exchange_Reserve_over_GDP : 0.48714925873748205
Portfolio_Flows : 0.5514612666583134
--------------------

