--------------------
id : 2364804231
explain variance ratio : 0.4584037630894121
Weight :
Term_Premium : 0.1420347636874741
Stock_Prices_mom%_change : 0.1302954183539482
Stock_Prices_mom24mma%_change : 0.42479026246201873
One-Day_Repo_Rate_AVG : 0.4408103581978724
Foreign_Exchange_Reserve_change_yryr% : 0.5115559315552306
Foreign_Exchange_Reserve_over_GDP : 0.316901909719467
Broad_Money_mo12m%_change : 0.47536554291402056
--------------------

