--------------------
id : 2371778597
explain variance ratio : 0.23192465108387358
Weight :
Term_Premium : -0.667481691744589
Stock_Prices_mom%_change : -0.5040253484521652
Current_Account_Balance_over_GDP : -0.4328545106770011
Foreign_Exchange_Reserve_change_yryr% : -0.3114753757692992
Bank_Lending_mo12m%_change : -0.1266755784648431
--------------------

