--------------------
id : 2386449321
explain variance ratio : 0.24104100914893767
Weight :
Risk_Premium : 0.6442952363668324
Stock_Market_Volatility : 0.04474012147194634
One-Day_Repo_Rate_AVG : 0.14498390643272913
Bank_Lending_mo12m%_change : 0.46814015801133557
Foreign_Exchange_Reserve_change_yryr% : 0.08256170196882501
Foreign_Exchange_Reserve_over_GDP : 0.579560173430095
--------------------

