--------------------
id : 2404772222
explain variance ratio : 0.32378541950455014
Weight :
Term_Premium : 0.20298129647997315
Risk_Premium : 0.06110480965902987
Stock_Prices_mom24mma%_change : 0.5719578122267489
Current_Account_Balance_over_GDP : 0.1499267241709411
Foreign_Exchange_Reserve_change_yryr% : 0.6320190051617741
Foreign_Exchange_Reserve_over_GDP : 0.45387554576373207
--------------------

