--------------------
id : 2412016375
explain variance ratio : 0.23102061788997866
Weight :
Term_Premium : -0.4082297318129234
Risk_Premium : -0.1361270618253052
Stock_Prices_mom24mma%_change : -0.597612584957562
Current_Account_Balance_over_GDP : -0.4889727263379091
One-Day_Repo_Rate_AVG : -0.4478805907774636
Bank_Lending_mo12m%_change : -0.1341109865208701
--------------------

