--------------------
id : 2413049173
explain variance ratio : 0.4091351275467354
Weight :
Risk_Premium : -0.4079753620815471
Stock_Market_Volatility : -0.22937040029042455
Current_Account_Balance_over_GDP : -0.5005625163373733
Foreign_Exchange_Reserve_over_GDP : -0.10790363570074102
Bank_Lending_mo12m%_change : -0.5884907877645424
Velocity_of_Money_mo12m%_change : -0.41523233106523383
--------------------

