--------------------
id : 2418693469
explain variance ratio : 0.22270590728157194
Weight :
Risk_Premium : -0.13380160663186985
Stock_Market_Volatility : -0.5718729014695623
Current_Account_Balance_over_GDP : -0.2610724360817606
Bank_Lending_mo12m%_change : -0.05302611493131537
Broad_Money_mo12m%_change : -0.2855436210294851
Portfolio_Flows : -0.7089095636049147
--------------------

