--------------------
id : 2427733780
explain variance ratio : 0.24920598411967745
Weight :
Term_Premium : -0.060946766689150556
Risk_Premium : -0.42508763772825653
Stock_Prices_mom24mma%_change : -0.4098441104870053
Current_Account_Balance_over_GDP : -0.5899875500903823
Foreign_Exchange_Reserve_change_yryr% : -0.2887132853347672
Bank_Lending_mo12m%_change : -0.36652953046665665
Portfolio_Flows : -0.2860580883060471
--------------------

