--------------------
id : 2446203054
explain variance ratio : 0.21491026389107784
Weight :
Term_Premium : 0.22625422284264
Stock_Prices_mom24mma%_change : 0.4370945847033005
One-Day_Repo_Rate_AVG : 0.3195100117762104
Current_Account_Balance_over_GDP : 0.6162983620205251
Bank_Lending_mo12m%_change : 0.3645880920104856
Velocity_of_Money_mo12m%_change : 0.16118875813488745
Portfolio_Flows : 0.3419659916272282
--------------------

