--------------------
id : 2446881474
explain variance ratio : 0.2593143814766539
Weight :
Risk_Premium : 0.36330078700516893
Stock_Prices_mom24mma%_change : 0.5664333873133178
Current_Account_Balance_over_GDP : 0.42226127980236283
Foreign_Exchange_Reserve_over_GDP : 0.5082306857879542
Bank_Lending_mo12m%_change : 0.09979986537813834
Broad_Money_mo12m%_change : 0.317179325259178
--------------------

