--------------------
id : 2470827501
explain variance ratio : 0.5111456649805416
Weight :
Term_Premium : 0.18235570636592324
Stock_Prices_mom24mma%_change : 0.4206740860450213
One-Day_Repo_Rate_AVG : 0.5422601408193005
Foreign_Exchange_Reserve_change_yryr% : 0.538174437142729
Foreign_Exchange_Reserve_over_GDP : 0.4539844981612368
--------------------

