--------------------
id : 2480687143
explain variance ratio : 0.2550939148917511
Weight :
Risk_Premium : -0.3523137444154927
Stock_Prices_mom24mma%_change : -0.314337981684762
One-Day_Repo_Rate_AVG : -0.36779470851751433
Current_Account_Balance_over_GDP : -0.4808086981690323
Foreign_Exchange_Reserve_over_GDP : -0.5711617763485309
Bank_Lending_mo12m%_change : -0.2826111104133251
Broad_Money_mo12m%_change : -0.06724501786110482
--------------------

