--------------------
id : 2487778436
explain variance ratio : 0.3826041770557908
Weight :
Term_Premium : 0.19745435281402857
Stock_Prices_mom24mma%_change : 0.4150967784787424
Current_Account_Balance_over_GDP : 0.03032308145857332
One-Day_Repo_Rate_AVG : 0.5686244594886046
Foreign_Exchange_Reserve_over_GDP : 0.4965143574562805
Portfolio_Flows : 0.4668261675327212
--------------------

