--------------------
id : 2494558976
explain variance ratio : 0.21913094115321252
Weight :
Risk_Premium : -0.4368258953217817
Stock_Prices_mom%_change : -0.0590398307492731
Stock_Prices_mom24mma%_change : -0.37629372161465463
Current_Account_Balance_over_GDP : -0.6101440011480292
One-Day_Repo_Rate_EOP : -0.05587699875695196
Foreign_Exchange_Reserve_change_yryr% : -0.24511808631022836
Bank_Lending_mo12m%_change : -0.407483015407612
Portfolio_Flows : -0.25015444314609864
--------------------

