--------------------
id : 2554735763
explain variance ratio : 0.2102269423003367
Weight :
Term_Premium : -0.056696262108823045
Risk_Premium : -0.6173040473411185
Stock_Market_Volatility : -0.18905838376390344
One-Day_Repo_Rate_AVG : -0.1296875472839713
Bank_Lending_mo12m%_change : -0.46943184818883826
Foreign_Exchange_Reserve_over_GDP : -0.5381488224893995
Portfolio_Flows : -0.2306271869630584
--------------------

