--------------------
id : 2559163132
explain variance ratio : 0.25995715411097037
Weight :
Term_Premium : -0.1315095014630051
Stock_Market_Volatility : -0.005385218012491699
One-Day_Repo_Rate_EOP : -0.2276645881786736
Velocity_of_Money_mo12m%_change : -0.6511399900740619
Foreign_Exchange_Reserve_over_GDP : -0.4999102525727575
Bank_Lending_mo12m%_change : -0.5069038749509981
--------------------

