--------------------
id : 2564531767
explain variance ratio : 0.24113913960149985
Weight :
Risk_Premium : -0.6100815696646896
Stock_Prices_mom24mma%_change : -0.28424163916112727
Current_Account_Balance_over_GDP : -0.6749649748897677
Foreign_Exchange_Reserve_change_yryr% : -0.11206886107009571
Portfolio_Flows : -0.14036906721292752
Velocity_of_Money_mo12m%_change : -0.24324174588820618
--------------------

