--------------------
id : 2568127649
explain variance ratio : 0.2644883687851592
Weight :
Risk_Premium : -0.5194335282739815
Stock_Prices_mom24mma%_change : -0.5407566333284771
One-Day_Repo_Rate_EOP : -0.04573533257102161
Current_Account_Balance_over_GDP : -0.6486318847523012
Broad_Money_mo12m%_change : -0.1222948512955068
--------------------

