--------------------
id : 2582832222
explain variance ratio : 0.37293530228258504
Weight :
Term_Premium : 0.21971345395859881
Stock_Prices_mom%_change : 0.04256808787023025
Current_Account_Balance_over_GDP : 0.003477676605143608
One-Day_Repo_Rate_AVG : 0.6116420232424329
Foreign_Exchange_Reserve_change_yryr% : 0.5221549927954215
Foreign_Exchange_Reserve_over_GDP : 0.5505906471352398
--------------------

