--------------------
id : 2596774536
explain variance ratio : 0.2450742644545099
Weight :
Term_Premium : -0.008461522627031384
Risk_Premium : -0.5636687283238363
Stock_Market_Volatility : -0.17023322963731363
Current_Account_Balance_change_yryr% : -0.017366557578999298
Current_Account_Balance_over_GDP : -0.5559480692340432
Foreign_Exchange_Reserve_over_GDP : -0.32815611388161264
Velocity_of_Money_mo12m%_change : -0.4859632977775003
--------------------

