--------------------
id : 2603327640
explain variance ratio : 0.21888162685907286
Weight :
Term_Premium : -0.1019504130303035
Risk_Premium : -0.15390259136862
Stock_Market_Volatility : -0.5541591015903201
Current_Account_Balance_over_GDP : -0.37098777271632083
One-Day_Repo_Rate_EOP : -0.25763031213802123
Portfolio_Flows : -0.6744052865601164
--------------------

