--------------------
id : 2611750475
explain variance ratio : 0.45682237918546276
Weight :
Term_Premium : 0.14231879604825265
Stock_Prices_mom%_change : 0.11120876551760428
Stock_Prices_mom24mma%_change : 0.3507768068778016
Policy_Rate_&_Fed_Funds_Rate_Differential_EOP : 0.48172005692145536
One-Day_Repo_Rate_EOP : 0.4673050378227139
Foreign_Exchange_Reserve_over_GDP : 0.3323711734044844
Broad_Money_mo12m%_change : 0.40041299086693494
Portfolio_Flows : 0.3508621249719973
--------------------

