--------------------
id : 2613496451
explain variance ratio : 0.2500274170548677
Weight :
Risk_Premium : -0.4337598932407899
Stock_Prices_mom24mma%_change : -0.3749962333154143
Current_Account_Balance_over_GDP : -0.6091253039415727
One-Day_Repo_Rate_EOP : -0.06821537878499082
Foreign_Exchange_Reserve_change_yryr% : -0.25695245510776743
Bank_Lending_mo12m%_change : -0.4032822814423812
Portfolio_Flows : -0.25861562887616796
--------------------

