--------------------
id : 2624129007
explain variance ratio : 0.2349357772350392
Weight :
Risk_Premium : -0.3639715432805815
Stock_Prices_mom24mma%_change : -0.48275338287625513
Current_Account_Balance_over_GDP : -0.5949177163406879
One-Day_Repo_Rate_AVG : -0.20172243876320267
Foreign_Exchange_Reserve_change_yryr% : -0.37949255027838363
Velocity_of_Money_mo12m%_change : -0.005880080152323136
Bank_Lending_mo12m%_change : -0.3095249334504429
--------------------

