--------------------
id : 2626831654
explain variance ratio : 0.20210554316603874
Weight :
Risk_Premium : 0.6142953638872858
Stock_Prices_mom24mma%_change : 0.47144947051577624
One-Day_Repo_Rate_EOP : 0.12336314814861626
Velocity_of_Money_mo12m%_change : 0.17452334147292936
Bank_Lending_mo12m%_change : 0.35680542931922626
Portfolio_Flows : 0.47685388246850846
--------------------

