--------------------
id : 2629640238
explain variance ratio : 0.22690892631760637
Weight :
Term_Premium : -0.1689236913559475
Risk_Premium : -0.4115691093858931
Stock_Prices_mom24mma%_change : -0.5945281615705763
Stock_Market_Volatility : -0.2319537138113425
Current_Account_Balance_over_GDP : -0.592595595955499
Broad_Money_mo12m%_change : -0.20890154164286798
--------------------

