--------------------
id : 2633884030
explain variance ratio : 0.24590138271539252
Weight :
Term_Premium : 0.17959113759634507
Stock_Prices_mom24mma%_change : 0.41687621463760655
One-Day_Repo_Rate_AVG : 0.20762072878095586
Current_Account_Balance_over_GDP : 0.6929613634741455
Portfolio_Flows : 0.2848079742862415
Bank_Lending_mo12m%_change : 0.43536633363382105
--------------------

