--------------------
id : 2638612533
explain variance ratio : 0.2072733559870294
Weight :
Term_Premium : -0.30392860710318503
Risk_Premium : -0.41233442766766304
Stock_Market_Volatility : -0.20411098166327613
One-Day_Repo_Rate_EOP : -0.25101893440016854
Current_Account_Balance_over_GDP : -0.6741225546423535
Foreign_Exchange_Reserve_change_yryr% : -0.4224863365883243
--------------------

