--------------------
id : 2650666450
explain variance ratio : 0.22609598073393658
Weight :
Term_Premium : 0.3974733993346166
Stock_Prices_mom%_change : 0.05367707427089896
Stock_Prices_mom24mma%_change : 0.3400911848355522
Current_Account_Balance_over_GDP : 0.5338719240815826
Velocity_of_Money_mo12m%_change : 0.2696038893512592
Foreign_Exchange_Reserve_over_GDP : 0.6047860498063381
--------------------

