--------------------
id : 2653760361
explain variance ratio : 0.22773097299523207
Weight :
Term_Premium : 0.1729187711315034
Risk_Premium : 0.3371566402910767
Stock_Market_Volatility : 0.034906300006279464
One-Day_Repo_Rate_AVG : 0.370745839895553
Current_Account_Balance_over_GDP : 0.44254933564488513
Foreign_Exchange_Reserve_over_GDP : 0.5923809318701346
Portfolio_Flows : 0.28432080239527485
Bank_Lending_mo12m%_change : 0.3002501778854838
--------------------

