--------------------
id : 2706063033
explain variance ratio : 0.20821123864685437
Weight :
Term_Premium : 0.052478930919523055
Risk_Premium : 0.6732594027610961
Stock_Prices_mom24mma%_change : 0.037362569124355455
One-Day_Repo_Rate_AVG : 0.07979471704912028
Foreign_Exchange_Reserve_over_GDP : 0.5245375427108778
Bank_Lending_mo12m%_change : 0.5004127801883786
Portfolio_Flows : 0.10320850582081159
--------------------

