--------------------
id : 2721710726
explain variance ratio : 0.26256310572190544
Weight :
Term_Premium : -0.14667608033249743
Risk_Premium : -0.3866261444754072
Stock_Prices_mom24mma%_change : -0.40548559930420147
Current_Account_Balance_over_GDP : -0.48783905017860163
Bank_Lending_mo12m%_change : -0.2401136272305518
Foreign_Exchange_Reserve_change_yryr% : -0.3863694642039825
Foreign_Exchange_Reserve_over_GDP : -0.4686842486077846
--------------------

