--------------------
id : 2727735882
explain variance ratio : 0.27359005117879565
Weight :
Risk_Premium : -0.4140727469166785
Stock_Prices_mom24mma%_change : -0.48233132975907844
Current_Account_Balance_over_GDP : -0.5950608335330801
Foreign_Exchange_Reserve_change_yryr% : -0.353770336332498
Bank_Lending_mo12m%_change : -0.31474658651372456
Broad_Money_mo12m%_change : -0.1326046318865987
--------------------

