--------------------
id : 2732669302
explain variance ratio : 0.20138077758502337
Weight :
Risk_Premium : -0.16962644937245985
Stock_Prices_mom%_change : -0.4546984664783904
Stock_Prices_mom24mma%_change : -0.6789150900987648
Stock_Market_Volatility : -0.07864097998602557
One-Day_Repo_Rate_EOP : -0.2866667476667057
Current_Account_Balance_over_GDP : -0.4495932253899779
Bank_Lending_mo12m%_change : -0.11425487483756042
--------------------

