--------------------
id : 2757964456
explain variance ratio : 0.2124504098646419
Weight :
Term_Premium : -0.5630326281573974
Risk_Premium : -0.5657613235245551
Stock_Prices_mom24mma%_change : -0.5056668332876328
One-Day_Repo_Rate_EOP : -0.1582853276982547
Bank_Lending_mo12m%_change : -0.2866272722234054
--------------------

