--------------------
id : 2780632656
explain variance ratio : 0.23083161253015727
Weight :
Term_Premium : -0.30340893465002716
Stock_Prices_mom24mma%_change : -0.49394425966292477
Current_Account_Balance_over_GDP : -0.6742987341411966
One-Day_Repo_Rate_EOP : -0.27045534188266346
Bank_Lending_mo12m%_change : -0.35404790360261645
Broad_Money_mo12m%_change : -0.10386189800829332
--------------------

