--------------------
id : 2780064650
explain variance ratio : 0.20945841646096597
Weight :
Term_Premium : -0.14553357572413056
Risk_Premium : -0.37331374294150776
Stock_Prices_mom24mma%_change : -0.36671444224090427
One-Day_Repo_Rate_AVG : -0.19675600403518273
Current_Account_Balance_over_GDP : -0.6240504476502633
Policy_Rate_&_Fed_Funds_Rate_Differential_AVG : -0.18410039580088622
Bank_Lending_mo12m%_change : -0.418862728176412
Portfolio_Flows : -0.25978167447700573
--------------------

