--------------------
id : 2804489043
explain variance ratio : 0.2413302317739855
Weight :
Term_Premium : -0.019126707430588315
Stock_Prices_mom24mma%_change : -0.32285279941945466
Stock_Market_Volatility : -0.44072507953614837
Current_Account_Balance_over_GDP : -0.612001137217612
Bank_Lending_mo12m%_change : -0.42901165427122856
Foreign_Exchange_Reserve_change_yryr% : -0.1999733214772707
Portfolio_Flows : -0.3202747609146006
--------------------

