--------------------
id : 2818866490
explain variance ratio : 0.21670379823638367
Weight :
Risk_Premium : 0.22508042248168345
Stock_Market_Volatility : 0.01098380654357041
One-Day_Repo_Rate_AVG : 0.5003337830965483
Current_Account_Balance_over_GDP : 0.5762920529733144
Bank_Lending_mo12m%_change : 0.20825709306212264
Foreign_Exchange_Reserve_change_yryr% : 0.5686833194060583
--------------------

