--------------------
id : 2837722660
explain variance ratio : 0.25461085462473404
Weight :
Term_Premium : -0.09680775105491812
Stock_Prices_mom24mma%_change : -0.5717827582731843
Stock_Market_Volatility : -0.3912640380152267
Current_Account_Balance_over_GDP : -0.3645477781957622
Bank_Lending_mo12m%_change : -0.0899600752160653
Portfolio_Flows : -0.6079615872017505
--------------------

