--------------------
id : 2856634792
explain variance ratio : 0.2597292464117188
Weight :
Risk_Premium : -0.1059759100403646
Stock_Market_Volatility : -0.543454080796181
Current_Account_Balance_over_GDP : -0.31799758239020876
One-Day_Repo_Rate_AVG : -0.27560692612678667
Portfolio_Flows : -0.7185715889332261
--------------------

