--------------------
id : 2869951654
explain variance ratio : 0.21364185736019553
Weight :
Term_Premium : 0.1698468073123425
Risk_Premium : 0.37827052870360134
Stock_Prices_mom24mma%_change : 0.034051527146875565
One-Day_Repo_Rate_EOP : 0.3311983063750269
Foreign_Exchange_Reserve_change_yryr% : 0.07926135996693019
Velocity_of_Money_mo12m%_change : 0.44412016214308053
Foreign_Exchange_Reserve_over_GDP : 0.6297720016135562
Bank_Lending_mo12m%_change : 0.3421604724266578
--------------------

