--------------------
id : 2869881374
explain variance ratio : 0.2355276871825211
Weight :
Term_Premium : -0.18828867458243137
Stock_Market_Volatility : -0.49215749128808733
Current_Account_Balance_over_GDP : -0.8033541552473701
One-Day_Repo_Rate_EOP : -0.06066045875842829
Foreign_Exchange_Reserve_over_GDP : -0.2706857749919812
--------------------

