--------------------
id : 2870051993
explain variance ratio : 0.22211062569568843
Weight :
Term_Premium : -0.15972381445657907
Stock_Prices_mom%_change : -0.2290158372191175
Stock_Prices_mom24mma%_change : -0.5032101592477329
Stock_Market_Volatility : -0.2876035881357195
Current_Account_Balance_over_GDP : -0.615913804564037
Bank_Lending_mo12m%_change : -0.32465726745514284
Foreign_Exchange_Reserve_change_yryr% : -0.3183576685987166
--------------------

