--------------------
id : 2874033524
explain variance ratio : 0.20140396760909746
Weight :
Risk_Premium : -0.17566533206649723
Stock_Prices_mom%_change : -0.4458129739624905
Stock_Prices_mom24mma%_change : -0.678931554348439
Stock_Market_Volatility : -0.0542575529540913
One-Day_Repo_Rate_AVG : -0.296501289291604
Current_Account_Balance_over_GDP : -0.4533702522116061
Bank_Lending_mo12m%_change : -0.11420571645997116
--------------------

