--------------------
id : 2874358284
explain variance ratio : 0.21917407121727767
Weight :
Term_Premium : -0.0640492932383749
Risk_Premium : -0.4331975222287402
Stock_Prices_mom24mma%_change : -0.3693558218189431
One-Day_Repo_Rate_EOP : -0.0693616299303075
Current_Account_Balance_over_GDP : -0.6130531011866913
Foreign_Exchange_Reserve_change_yryr% : -0.2496081448759086
Portfolio_Flows : -0.24922173181318508
Bank_Lending_mo12m%_change : -0.4083540540773818
--------------------

