--------------------
id : 2884115693
explain variance ratio : 0.2043519045995865
Weight :
Term_Premium : -0.3669129489525917
Stock_Prices_mom%_change : -0.33837541640810975
Stock_Prices_mom24mma%_change : -0.5055773343011436
Current_Account_Balance_over_GDP : -0.5718277429618046
One-Day_Repo_Rate_EOP : -0.27995383725115075
Bank_Lending_mo12m%_change : -0.28769971155307794
Velocity_of_Money_mo12m%_change : -0.08447651663237493
--------------------

