--------------------
id : 2887562368
explain variance ratio : 0.2143737864691708
Weight :
Term_Premium : -0.09469243387590495
Stock_Prices_mom24mma%_change : -0.22341451611345658
Stock_Market_Volatility : -0.3043289981529742
One-Day_Repo_Rate_AVG : -0.15446849741503912
Current_Account_Balance_over_GDP : -0.6439216618249253
Bank_Lending_mo12m%_change : -0.49616995758607974
Foreign_Exchange_Reserve_over_GDP : -0.3228017477796693
Portfolio_Flows : -0.24417604181827524
--------------------

