--------------------
id : 2913583191
explain variance ratio : 0.2187984394391273
Weight :
Risk_Premium : -0.43698145720814474
Stock_Prices_mom24mma%_change : -0.37166983344614246
Current_Account_Balance_over_GDP : -0.6110037054396642
One-Day_Repo_Rate_EOP : -0.06251624386609088
Bank_Lending_mo12m%_change : -0.4067916380421709
Foreign_Exchange_Reserve_change_yryr% : -0.2523962126568923
Broad_Money_mo12m%_change : -0.008753715084921083
Portfolio_Flows : -0.2538011420027015
--------------------

