--------------------
id : 2915801331
explain variance ratio : 0.3545736877890782
Weight :
Term_Premium : 0.31969903119829646
Stock_Prices_mom%_change : 0.014199288885784367
Current_Account_Balance_over_GDP : 0.01710824235957821
One-Day_Repo_Rate_EOP : 0.6775784333639938
Foreign_Exchange_Reserve_over_GDP : 0.661955953466218
--------------------

