--------------------
id : 2937002237
explain variance ratio : 0.226415750524782
Weight :
Term_Premium : -0.6895935751814959
Stock_Prices_mom24mma%_change : -0.07848223166864982
One-Day_Repo_Rate_AVG : -0.49330012385303784
Velocity_of_Money_mo12m%_change : -0.46933036955894974
Bank_Lending_mo12m%_change : -0.23384873828385075
--------------------

