--------------------
id : 2943939872
explain variance ratio : 0.2618444935374273
Weight :
Term_Premium : -0.11722910973072302
Stock_Market_Volatility : -0.016280302804610153
One-Day_Repo_Rate_AVG : -0.22138115639891545
Velocity_of_Money_mo12m%_change : -0.6583508412314056
Foreign_Exchange_Reserve_over_GDP : -0.4799158548140604
Bank_Lending_mo12m%_change : -0.5227213534109747
--------------------

