--------------------
id : 2968448489
explain variance ratio : 0.2072001033156015
Weight :
Term_Premium : -0.1647741471257399
Risk_Premium : -0.29841940741261697
Stock_Prices_mom%_change : -0.25354483317716847
Stock_Prices_mom24mma%_change : -0.5728608884461144
Stock_Market_Volatility : -0.16015615458153537
Current_Account_Balance_over_GDP : -0.5067979095808658
Foreign_Exchange_Reserve_change_yryr% : -0.41227076052556216
Bank_Lending_mo12m%_change : -0.1971787584558052
--------------------

