--------------------
id : 2968216087
explain variance ratio : 0.2461803283537949
Weight :
Term_Premium : 0.18630925042212532
Risk_Premium : 0.2660993848423002
Stock_Prices_mom24mma%_change : 0.5176683424478639
Current_Account_Balance_over_GDP : 0.3104563803914825
Foreign_Exchange_Reserve_over_GDP : 0.5100207200885889
Bank_Lending_mo12m%_change : 0.04218058200243614
Portfolio_Flows : 0.5178957108119825
--------------------

