--------------------
id : 3001100752
explain variance ratio : 0.3930879522122159
Weight :
Term_Premium : 0.29951434934718857
Stock_Prices_mom%_change : 0.17109065796350964
Stock_Prices_mom24mma%_change : 0.4286875808407238
One-Day_Repo_Rate_EOP : 0.6339793939644429
Foreign_Exchange_Reserve_over_GDP : 0.5434300574629174
--------------------

