--------------------
id : 3003692025
explain variance ratio : 0.23739454695738485
Weight :
Term_Premium : -0.09117284096742148
Risk_Premium : -0.5807542004397886
Stock_Prices_mom24mma%_change : -0.36070655120779815
Current_Account_Balance_over_GDP : -0.6809236117710991
Foreign_Exchange_Reserve_change_yryr% : -0.1872973513779324
Velocity_of_Money_mo12m%_change : -0.15989244121177354
--------------------

