--------------------
id : 3019267341
explain variance ratio : 0.3281096145326149
Weight :
Term_Premium : 0.2972498450083731
Stock_Prices_mom%_change : 0.15412351127138801
Stock_Prices_mom24mma%_change : 0.42427825342441394
Current_Account_Balance_over_GDP : 0.06362643375510225
One-Day_Repo_Rate_AVG : 0.629850482448793
Foreign_Exchange_Reserve_over_GDP : 0.5541809120437436
--------------------

