--------------------
id : 3023143718
explain variance ratio : 0.21916253343844136
Weight :
Term_Premium : -0.07632177764277848
Stock_Market_Volatility : -0.4512350260295255
Current_Account_Balance_over_GDP : -0.5622056431433454
One-Day_Repo_Rate_AVG : -0.19622236148467
Foreign_Exchange_Reserve_change_yryr% : -0.3174842914509541
Bank_Lending_mo12m%_change : -0.3485492757663884
Portfolio_Flows : -0.46227769171499933
--------------------

