--------------------
id : 3050141740
explain variance ratio : 0.2932260356373795
Weight :
Risk_Premium : -0.24396583707265573
Stock_Prices_mom24mma%_change : -0.6715148797505583
Current_Account_Balance_over_GDP : -0.3739463433710428
Bank_Lending_mo12m%_change : -0.05330468256655152
Portfolio_Flows : -0.5889577062157666
--------------------

