--------------------
id : 3052749385
explain variance ratio : 0.2288576242303222
Weight :
Term_Premium : 0.21336027459692328
Stock_Prices_mom24mma%_change : 0.4382640335173167
Current_Account_Balance_over_GDP : 0.49173950757041734
Bank_Lending_mo12m%_change : 0.24177850182485955
Velocity_of_Money_mo12m%_change : 0.1093530799112096
Foreign_Exchange_Reserve_over_GDP : 0.5165379790327377
Portfolio_Flows : 0.4282147393884233
--------------------

