--------------------
id : 3054164855
explain variance ratio : 0.22885762423032224
Weight :
Term_Premium : 0.2133602745969227
Stock_Prices_mom24mma%_change : 0.43826403351731646
Current_Account_Balance_over_GDP : 0.49173950757041707
Velocity_of_Money_mo12m%_change : 0.10935307991120957
Foreign_Exchange_Reserve_over_GDP : 0.5165379790327377
Bank_Lending_mo12m%_change : 0.24177850182486005
Portfolio_Flows : 0.4282147393884237
--------------------

