--------------------
id : 3066203011
explain variance ratio : 0.3324695574402197
Weight :
Term_Premium : 0.2058023667633176
Stock_Prices_mom%_change : 0.15815658498221186
Stock_Prices_mom24mma%_change : 0.43742521317750904
Current_Account_Balance_over_GDP : 0.022476596477660572
One-Day_Repo_Rate_AVG : 0.5536972111353994
Foreign_Exchange_Reserve_over_GDP : 0.4646738480598599
Portfolio_Flows : 0.467208175505198
--------------------

