--------------------
id : 3074341668
explain variance ratio : 0.22615812073015293
Weight :
Term_Premium : 0.3820195919263489
Stock_Prices_mom24mma%_change : 0.3169226455986378
Current_Account_Balance_over_GDP : 0.532266082435258
Velocity_of_Money_mo12m%_change : 0.28285040639060255
Foreign_Exchange_Reserve_over_GDP : 0.6244161717557808
Broad_Money_mo12m%_change : 0.02034644034555333
--------------------

