--------------------
id : 3080222251
explain variance ratio : 0.4091351275467354
Weight :
Risk_Premium : -0.4079753620815469
Stock_Market_Volatility : -0.229370400290425
Current_Account_Balance_over_GDP : -0.5005625163373733
Bank_Lending_mo12m%_change : -0.5884907877645424
Velocity_of_Money_mo12m%_change : -0.41523233106523405
Foreign_Exchange_Reserve_over_GDP : -0.10790363570074074
--------------------

