--------------------
id : 3094252044
explain variance ratio : 0.22102548507571015
Weight :
Term_Premium : -0.23326079725368867
Risk_Premium : -0.4498110264123108
Stock_Prices_mom24mma%_change : -0.42483014078185605
Current_Account_Balance_over_GDP : -0.47818346480043733
Broad_Money_mo12m%_change : -0.14767965261477428
Velocity_of_Money_mo12m%_change : -0.08874838678826776
Foreign_Exchange_Reserve_over_GDP : -0.5517552088591948
--------------------

