--------------------
id : 3098947407
explain variance ratio : 0.25864891271863993
Weight :
Risk_Premium : 0.16986049415275653
Stock_Prices_mom24mma%_change : 0.31917588334557256
Current_Account_Balance_over_GDP : 0.28880928959557456
One-Day_Repo_Rate_AVG : 0.559748176141223
Velocity_of_Money_mo12m%_change : 0.155630850548942
Foreign_Exchange_Reserve_over_GDP : 0.6630745790722549
Bank_Lending_mo12m%_change : 0.09304021986320798
--------------------

