--------------------
id : 3112297669
explain variance ratio : 0.2048579324097515
Weight :
Term_Premium : 0.20389377130493014
Stock_Market_Volatility : 0.27541286837009094
Current_Account_Balance_over_GDP : 0.4491308671028332
Foreign_Exchange_Reserve_over_GDP : 0.533593861043568
Bank_Lending_mo12m%_change : 0.211350829294763
Broad_Money_mo12m%_change : 0.1763637176136028
Portfolio_Flows : 0.5660042435328657
--------------------

