--------------------
id : 3127784721
explain variance ratio : 0.2311065920061301
Weight :
Term_Premium : -0.3564020557487243
Stock_Prices_mom%_change : -0.5480426176182623
Stock_Prices_mom24mma%_change : -0.6125861722603508
Stock_Market_Volatility : -0.1377486859288657
Current_Account_Balance_over_GDP : -0.408912756640894
Bank_Lending_mo12m%_change : -0.10573884087143051
--------------------

