--------------------
id : 3150387241
explain variance ratio : 0.20821123864685429
Weight :
Term_Premium : 0.05247893091952305
Risk_Premium : 0.6732594027610973
Stock_Prices_mom24mma%_change : 0.037362569124355566
One-Day_Repo_Rate_AVG : 0.07979471704911967
Bank_Lending_mo12m%_change : 0.5004127801883782
Foreign_Exchange_Reserve_over_GDP : 0.524537542710878
Portfolio_Flows : 0.10320850582081187
--------------------

