--------------------
id : 3153378744
explain variance ratio : 0.21916058917301257
Weight :
Term_Premium : -0.09254465250093942
Stock_Prices_mom24mma%_change : -0.31060028957463665
Current_Account_Balance_over_GDP : -0.7446672520777523
One-Day_Repo_Rate_EOP : -0.06501701345868272
Foreign_Exchange_Reserve_change_yryr% : -0.16017452427694465
Bank_Lending_mo12m%_change : -0.5326923947292586
Portfolio_Flows : -0.1636745350498296
--------------------

