--------------------
id : 3183486817
explain variance ratio : 0.24430649332691232
Weight :
Term_Premium : -0.16911245447621118
Stock_Prices_mom24mma%_change : -0.4947065327516881
Current_Account_Balance_over_GDP : -0.6894091392964046
Foreign_Exchange_Reserve_change_yryr% : -0.34000240924989994
Velocity_of_Money_mo12m%_change : -0.0031152618594792805
Bank_Lending_mo12m%_change : -0.36846997122728364
--------------------

