--------------------
id : 3195587485
explain variance ratio : 0.27281601869443073
Weight :
Term_Premium : -0.15993257444228465
Stock_Prices_mom24mma%_change : -0.1516525976655746
Current_Account_Balance_over_GDP : -0.6720966993740805
One-Day_Repo_Rate_AVG : -0.2116141874020811
Foreign_Exchange_Reserve_over_GDP : -0.41661806610154073
Bank_Lending_mo12m%_change : -0.5304318152524241
--------------------

