--------------------
id : 3196256216
explain variance ratio : 0.21114934851933906
Weight :
Term_Premium : -0.4626998674297756
Stock_Prices_mom%_change : -0.21128925237862572
Current_Account_Balance_over_GDP : -0.5767147949726424
One-Day_Repo_Rate_EOP : -0.4066492302815593
Bank_Lending_mo12m%_change : -0.3134786699902621
Portfolio_Flows : -0.3808323210311387
--------------------

