--------------------
id : 3196887835
explain variance ratio : 0.20899865870229448
Weight :
Term_Premium : 0.16305533517182197
Risk_Premium : 0.41781493053454033
Stock_Prices_mom24mma%_change : 0.08170010473712733
Policy_Rate_&_Fed_Funds_Rate_Differential_EOP : 0.25835433203556213
Bank_Lending_mo12m%_change : 0.34879917997049403
Velocity_of_Money_mo12m%_change : 0.42183151593528334
Foreign_Exchange_Reserve_over_GDP : 0.6245852163757795
Portfolio_Flows : 0.1889772081476927
--------------------

