--------------------
id : 3220285286
explain variance ratio : 0.20100380637817908
Weight :
Term_Premium : 0.24582199274775587
Stock_Market_Volatility : 0.13934435056273026
Current_Account_Balance_over_GDP : 0.5233734433478507
Policy_Rate_&_Fed_Funds_Rate_Differential_AVG : 0.37061534406135715
One-Day_Repo_Rate_EOP : 0.3999664076152112
Bank_Lending_mo12m%_change : 0.4121693385207446
Velocity_of_Money_mo12m%_change : 0.3589628563504902
Portfolio_Flows : 0.22398254913211627
--------------------

