--------------------
id : 3235029524
explain variance ratio : 0.22635492279650637
Weight :
Risk_Premium : -0.3697591619840601
Stock_Prices_mom24mma%_change : -0.4319263249210328
Stock_Market_Volatility : -0.2000918432013955
Current_Account_Balance_over_GDP : -0.4609073440689883
Foreign_Exchange_Reserve_over_GDP : -0.39723519054916884
Bank_Lending_mo12m%_change : -0.23859058091628346
Broad_Money_mo12m%_change : -0.15644214338752688
Portfolio_Flows : -0.43017447657468955
--------------------

