--------------------
id : 3237788839
explain variance ratio : 0.2380831124484554
Weight :
Risk_Premium : 0.3765744417823334
Stock_Prices_mom24mma%_change : 0.3009001303800646
Stock_Market_Volatility : 0.15530309956948807
Current_Account_Balance_over_GDP : 0.5038588144521607
One-Day_Repo_Rate_EOP : 0.2420162442621071
Foreign_Exchange_Reserve_over_GDP : 0.4599187627392505
Bank_Lending_mo12m%_change : 0.3404967254881791
Portfolio_Flows : 0.32190509909295395
--------------------

