--------------------
id : 3243966975
explain variance ratio : 0.49573701573618173
Weight :
Term_Premium : 0.1360285151441513
Stock_Prices_mom24mma%_change : 0.40465600644196786
One-Day_Repo_Rate_AVG : 0.47839667102021427
Foreign_Exchange_Reserve_change_yryr% : 0.5086011195695538
Foreign_Exchange_Reserve_over_GDP : 0.39205849036246204
Portfolio_Flows : 0.42012072786544946
--------------------

