--------------------
id : 3273584836
explain variance ratio : 0.21078816686314092
Weight :
Term_Premium : 0.17667795997196306
Stock_Prices_mom24mma%_change : 0.4134070050318449
Current_Account_Balance_over_GDP : 0.6966241347834967
One-Day_Repo_Rate_AVG : 0.20151223695506926
Bank_Lending_mo12m%_change : 0.44028157315756355
Broad_Money_mo12m%_change : 0.006594274218398838
Portfolio_Flows : 0.27945631452999736
--------------------

