--------------------
id : 3291439823
explain variance ratio : 0.2145086215610091
Weight :
Risk_Premium : 0.22925896226201373
Stock_Prices_mom%_change : 0.009376168803244975
One-Day_Repo_Rate_EOP : 0.48371754953877594
Current_Account_Balance_over_GDP : 0.583516466275049
Foreign_Exchange_Reserve_change_yryr% : 0.5720428772494935
Bank_Lending_mo12m%_change : 0.21364743884100307
--------------------

