--------------------
id : 3292425895
explain variance ratio : 0.24192103106548252
Weight :
Risk_Premium : -0.5086156277511279
Stock_Market_Volatility : -0.06197751840940002
Current_Account_Balance_over_GDP : -0.502008849570847
One-Day_Repo_Rate_EOP : -0.13567986503380353
Velocity_of_Money_mo12m%_change : -0.44994398638344113
Foreign_Exchange_Reserve_over_GDP : -0.5086509413746777
Portfolio_Flows : -0.07662668302970486
--------------------

