--------------------
id : 3295996903
explain variance ratio : 0.20321470816220386
Weight :
Term_Premium : -0.17492124733120745
Risk_Premium : -0.3388409897725771
Stock_Prices_mom%_change : -0.22310634072584085
Stock_Prices_mom24mma%_change : -0.5019207183649063
One-Day_Repo_Rate_EOP : -0.18019118640614273
Current_Account_Balance_over_GDP : -0.5505403618040349
Portfolio_Flows : -0.35680316648360927
Bank_Lending_mo12m%_change : -0.30002740014791457
--------------------

