--------------------
id : 3317416252
explain variance ratio : 0.5092299866322957
Weight :
Term_Premium : 0.11432947285127817
Stock_Prices_mom%_change : 0.12142946813456845
Stock_Prices_mom24mma%_change : 0.370274390506471
One-Day_Repo_Rate_AVG : 0.397762314350256
Policy_Rate_&_Fed_Funds_Rate_Differential_EOP : 0.4266173500823171
Foreign_Exchange_Reserve_change_yryr% : 0.4461342570936383
Broad_Money_mo12m%_change : 0.42378028631135944
Portfolio_Flows : 0.3409366555740313
--------------------

