--------------------
id : 3338581032
explain variance ratio : 0.20651375076436487
Weight :
Term_Premium : -0.3362329099962781
Stock_Prices_mom%_change : -0.37107111353606925
Stock_Prices_mom24mma%_change : -0.5414997468873025
Stock_Market_Volatility : -0.15623249821120114
One-Day_Repo_Rate_AVG : -0.2473044709959125
Current_Account_Balance_over_GDP : -0.5531120708757484
Bank_Lending_mo12m%_change : -0.2540287882016197
--------------------

