--------------------
id : 3352828451
explain variance ratio : 0.3030569509450241
Weight :
Risk_Premium : -0.3799304956551266
Stock_Prices_mom24mma%_change : -0.43221128654748947
Current_Account_Balance_over_GDP : -0.47182387665487185
Bank_Lending_mo12m%_change : -0.21202375405413376
Foreign_Exchange_Reserve_change_yryr% : -0.420430218769245
Foreign_Exchange_Reserve_over_GDP : -0.47382782794282785
--------------------

