--------------------
id : 3373128036
explain variance ratio : 0.21485862629534505
Weight :
Term_Premium : -0.16638130183021954
Stock_Prices_mom%_change : -0.10089778240214209
Stock_Prices_mom24mma%_change : -0.3730471327616402
One-Day_Repo_Rate_EOP : -0.11141680440383599
Current_Account_Balance_over_GDP : -0.7326168388615132
Foreign_Exchange_Reserve_change_yryr% : -0.20318310592482663
Bank_Lending_mo12m%_change : -0.48223254268627747
--------------------

