--------------------
id : 3389146499
explain variance ratio : 0.23636640229259054
Weight :
Risk_Premium : -0.41528926390985327
Stock_Prices_mom%_change : -0.13245518327906514
Stock_Prices_mom24mma%_change : -0.4797013198917274
Current_Account_Balance_over_GDP : -0.5964832341427753
Foreign_Exchange_Reserve_change_yryr% : -0.323902209320451
Bank_Lending_mo12m%_change : -0.3277272792553686
Broad_Money_mo12m%_change : -0.10847596975199635
--------------------

