--------------------
id : 3394681379
explain variance ratio : 0.20910581623389318
Weight :
Term_Premium : -0.11937804366910178
Risk_Premium : -0.4046799937412111
Stock_Prices_mom24mma%_change : -0.426938391667022
Current_Account_Balance_over_GDP : -0.622541991788103
One-Day_Repo_Rate_AVG : -0.13527014720058084
Foreign_Exchange_Reserve_change_yryr% : -0.30784631993253436
Bank_Lending_mo12m%_change : -0.36643362758882597
Broad_Money_mo12m%_change : -0.06933318605871394
--------------------

