--------------------
id : 3406657732
explain variance ratio : 0.27789532671215184
Weight :
Term_Premium : -0.1504790612758709
Stock_Market_Volatility : -0.1364701535514645
Current_Account_Balance_over_GDP : -0.6231183764265741
Velocity_of_Money_mo12m%_change : -0.6133028793424469
Foreign_Exchange_Reserve_over_GDP : -0.4408117698711622
--------------------

