--------------------
id : 3407318256
explain variance ratio : 0.23503939942750426
Weight :
Term_Premium : -0.11828386985098863
Stock_Prices_mom24mma%_change : -0.12993334381276223
Current_Account_Balance_over_GDP : -0.6963442895233855
One-Day_Repo_Rate_AVG : -0.1435208255000664
Foreign_Exchange_Reserve_over_GDP : -0.36160752185935335
Bank_Lending_mo12m%_change : -0.5725659246527274
Portfolio_Flows : -0.07099941870158882
--------------------

