--------------------
id : 3409073888
explain variance ratio : 0.4059967098112741
Weight :
Term_Premium : 0.21590353839010432
Stock_Prices_mom%_change : 0.18484340555992063
Stock_Prices_mom24mma%_change : 0.4774637525648271
One-Day_Repo_Rate_AVG : 0.5308198452277783
Foreign_Exchange_Reserve_over_GDP : 0.3882931256768476
Broad_Money_mo12m%_change : 0.508631185617652
--------------------

