--------------------
id : 3418576132
explain variance ratio : 0.2040720314251585
Weight :
Term_Premium : 0.14532521275028762
Risk_Premium : 0.5560190658813391
Stock_Prices_mom24mma%_change : 0.04182285467376656
Current_Account_Balance_change_yryr% : 0.06506911904980357
Foreign_Exchange_Reserve_over_GDP : 0.6566754584332706
Portfolio_Flows : 0.17439978144162144
Velocity_of_Money_mo12m%_change : 0.44955789172598676
--------------------

