--------------------
id : 3446202405
explain variance ratio : 0.4358714586628197
Weight :
Term_Premium : 0.20194281003570946
Stock_Prices_mom24mma%_change : 0.5418375530795347
Current_Account_Balance_over_GDP : 0.0036468103192065643
One-Day_Repo_Rate_EOP : 0.5371056991057738
Foreign_Exchange_Reserve_change_yryr% : 0.6141134555684782
--------------------

