--------------------
id : 3451345545
explain variance ratio : 0.23968192329461888
Weight :
Risk_Premium : -0.4167452386288175
Stock_Market_Volatility : -0.16696878026565487
One-Day_Repo_Rate_AVG : -0.19671201758079654
Current_Account_Balance_over_GDP : -0.530612430642979
Bank_Lending_mo12m%_change : -0.4030831566197447
Foreign_Exchange_Reserve_change_yryr% : -0.21363655142529203
Foreign_Exchange_Reserve_over_GDP : -0.455570377339032
Portfolio_Flows : -0.25007736226814725
--------------------

