--------------------
id : 3453504563
explain variance ratio : 0.255093914891751
Weight :
Risk_Premium : -0.3523137444154912
Stock_Prices_mom24mma%_change : -0.31433798168476174
Current_Account_Balance_over_GDP : -0.48080869816903266
One-Day_Repo_Rate_AVG : -0.3677947085175153
Foreign_Exchange_Reserve_over_GDP : -0.5711617763485313
Bank_Lending_mo12m%_change : -0.2826111104133251
Broad_Money_mo12m%_change : -0.06724501786110466
--------------------

