--------------------
id : 3470717975
explain variance ratio : 0.4073810635581598
Weight :
Term_Premium : 0.157921336778179
Stock_Prices_mom%_change : 0.1609246002114949
Stock_Prices_mom24mma%_change : 0.44654908661576553
One-Day_Repo_Rate_AVG : 0.47042154775529205
Foreign_Exchange_Reserve_over_GDP : 0.34344583973590653
Broad_Money_mo12m%_change : 0.4752809667989731
Portfolio_Flows : 0.4296679681496353
--------------------

