--------------------
id : 3485643320
explain variance ratio : 0.22206519362024002
Weight :
Term_Premium : -0.6469642219359564
Stock_Prices_mom%_change : -0.5767980197978153
Stock_Market_Volatility : -0.2842380116234333
Current_Account_Balance_over_GDP : -0.40981713373844764
Broad_Money_mo12m%_change : -9.764671961159932e-05
--------------------

