--------------------
id : 3486998672
explain variance ratio : 0.223867649731834
Weight :
Term_Premium : -0.7270484980628626
Risk_Premium : -0.1397240076987032
Stock_Prices_mom%_change : -0.6026333235850141
Current_Account_Balance_over_GDP : -0.29708771757858765
Velocity_of_Money_mo12m%_change : -0.021204917023517574
--------------------

