--------------------
id : 3500494337
explain variance ratio : 0.23284912394211918
Weight :
Term_Premium : -0.10012305977468205
Stock_Market_Volatility : -0.31519125213889676
Current_Account_Balance_over_GDP : -0.5762869641363769
Foreign_Exchange_Reserve_change_yryr% : -0.30163607483853877
Foreign_Exchange_Reserve_over_GDP : -0.4118278666042083
Bank_Lending_mo12m%_change : -0.37999157897542585
Portfolio_Flows : -0.39184572090930764
--------------------

