--------------------
id : 3539498254
explain variance ratio : 0.21192410964455952
Weight :
Term_Premium : 0.4626606655465516
Stock_Prices_mom%_change : 0.19696591806578229
One-Day_Repo_Rate_AVG : 0.4259221422762689
Current_Account_Balance_over_GDP : 0.5728048421341945
Portfolio_Flows : 0.3795056793930444
Bank_Lending_mo12m%_change : 0.3059573769847074
--------------------

