--------------------
id : 3585891960
explain variance ratio : 0.3879796238388888
Weight :
Term_Premium : 0.20681216814023273
Stock_Prices_mom24mma%_change : 0.5769305895733695
Current_Account_Balance_over_GDP : 0.1268654635113689
Foreign_Exchange_Reserve_change_yryr% : 0.6412783231386663
Foreign_Exchange_Reserve_over_GDP : 0.44389986299183004
--------------------

