--------------------
id : 3604922652
explain variance ratio : 0.20798748984522203
Weight :
Term_Premium : -0.29708947602474456
Stock_Prices_mom24mma%_change : -0.49494257673991937
Stock_Market_Volatility : -0.04018034931171888
Current_Account_Balance_over_GDP : -0.585727291171956
Bank_Lending_mo12m%_change : -0.26335999126500664
Broad_Money_mo12m%_change : -0.17986196438798038
Foreign_Exchange_Reserve_over_GDP : -0.46943578649090545
--------------------

