--------------------
id : 3611810599
explain variance ratio : 0.20489472182661345
Weight :
Term_Premium : -0.24462872811404618
Stock_Prices_mom24mma%_change : -0.450098729121887
Stock_Market_Volatility : -0.4205539941621441
Current_Account_Balance_over_GDP : -0.7360935273962642
One-Day_Repo_Rate_EOP : -0.10828452966453966
Velocity_of_Money_mo12m%_change : -0.08451648939164788
--------------------

