--------------------
id : 3616306170
explain variance ratio : 0.2623101636991938
Weight :
Risk_Premium : -0.38551093365839156
Stock_Prices_mom24mma%_change : -0.5437516202357431
Current_Account_Balance_over_GDP : -0.535564961818443
Portfolio_Flows : -0.40936613553134454
Bank_Lending_mo12m%_change : -0.25883978873531943
Broad_Money_mo12m%_change : -0.18522148374537195
--------------------

