--------------------
id : 3643219673
explain variance ratio : 0.2094050669999154
Weight :
Term_Premium : -0.2623108902804572
Risk_Premium : -0.3044043712055143
Stock_Prices_mom24mma%_change : -0.5711996852846261
Current_Account_Balance_over_GDP : -0.5821217585989572
One-Day_Repo_Rate_EOP : -0.25920917531227783
Bank_Lending_mo12m%_change : -0.249755931797959
Broad_Money_mo12m%_change : -0.2093531258264683
--------------------

