--------------------
id : 3664727895
explain variance ratio : 0.2529626258850041
Weight :
Risk_Premium : -0.20293085604248334
Stock_Market_Volatility : -0.4039501564519503
Current_Account_Balance_over_GDP : -0.34508067365018696
Bank_Lending_mo12m%_change : -0.08805791000655461
Foreign_Exchange_Reserve_change_yryr% : -0.5033614269174609
Portfolio_Flows : -0.6445430519510219
--------------------

