--------------------
id : 3679732696
explain variance ratio : 0.20011981303850832
Weight :
Term_Premium : -0.029728562273337034
Risk_Premium : -0.31436035201113566
Stock_Market_Volatility : -0.40841931409487514
Current_Account_Balance_over_GDP : -0.4764394535677429
Foreign_Exchange_Reserve_change_yryr% : -0.39804282630618093
Portfolio_Flows : -0.5093727764027627
Bank_Lending_mo12m%_change : -0.24250732171834632
Broad_Money_mo12m%_change : -0.172581501401111
--------------------

