--------------------
id : 3684721505
explain variance ratio : 0.22041564221880902
Weight :
Risk_Premium : -0.15298384566731746
Stock_Prices_mom%_change : -0.18029484638909316
Stock_Market_Volatility : -0.5741898375357477
Current_Account_Balance_over_GDP : -0.3462876026499039
One-Day_Repo_Rate_EOP : -0.21017765862336843
Portfolio_Flows : -0.6710484258737401
--------------------

