--------------------
id : 3699859699
explain variance ratio : 0.2089986587022942
Weight :
Term_Premium : 0.16305533517182097
Risk_Premium : 0.4178149305345398
Stock_Prices_mom24mma%_change : 0.0817001047371271
Policy_Rate_&_Fed_Funds_Rate_Differential_EOP : 0.25835433203556213
Velocity_of_Money_mo12m%_change : 0.42183151593528373
Foreign_Exchange_Reserve_over_GDP : 0.6245852163757795
Bank_Lending_mo12m%_change : 0.34879917997049437
Portfolio_Flows : 0.18897720814769245
--------------------

