--------------------
id : 3707880681
explain variance ratio : 0.20643517026056427
Weight :
Term_Premium : 0.07934065529523562
Risk_Premium : 0.6682111430585279
Stock_Prices_mom24mma%_change : 0.05205008425896515
One-Day_Repo_Rate_EOP : 0.08807242852817149
Bank_Lending_mo12m%_change : 0.48324627302721124
Foreign_Exchange_Reserve_change_yryr% : 0.06019914916769464
Foreign_Exchange_Reserve_over_GDP : 0.5473409054842502
--------------------

