--------------------
id : 3710432899
explain variance ratio : 0.261844493537427
Weight :
Term_Premium : -0.11722910973072358
Stock_Market_Volatility : -0.016280302804609875
One-Day_Repo_Rate_AVG : -0.2213811563989149
Bank_Lending_mo12m%_change : -0.5227213534109749
Velocity_of_Money_mo12m%_change : -0.658350841231406
Foreign_Exchange_Reserve_over_GDP : -0.4799158548140602
--------------------

