--------------------
id : 3718872450
explain variance ratio : 0.21450862156100897
Weight :
Risk_Premium : 0.2292589622620126
Stock_Prices_mom%_change : 0.009376168803244975
Current_Account_Balance_over_GDP : 0.5835164662750493
One-Day_Repo_Rate_EOP : 0.4837175495387765
Bank_Lending_mo12m%_change : 0.21364743884100285
Foreign_Exchange_Reserve_change_yryr% : 0.5720428772494934
--------------------

