--------------------
id : 3759665816
explain variance ratio : 0.2187249066497381
Weight :
Term_Premium : 0.18847809570543753
Risk_Premium : 0.31405457371221135
Stock_Prices_mom%_change : 0.16781888154102442
Stock_Prices_mom24mma%_change : 0.5045840769847574
Current_Account_Balance_over_GDP : 0.3826955473801435
Bank_Lending_mo12m%_change : 0.1278760883079219
Foreign_Exchange_Reserve_over_GDP : 0.4589798444025254
Portfolio_Flows : 0.45782834218532525
--------------------

