--------------------
id : 3761935004
explain variance ratio : 0.24665551423993184
Weight :
Term_Premium : -0.16626236536751898
Risk_Premium : -0.24187563890841085
Stock_Prices_mom24mma%_change : -0.6626431087728768
Current_Account_Balance_over_GDP : -0.3889356633548088
Bank_Lending_mo12m%_change : -0.06528890511968571
Portfolio_Flows : -0.5649986904408626
--------------------

