--------------------
id : 3787830909
explain variance ratio : 0.2191740712172779
Weight :
Term_Premium : -0.06404929323837442
Risk_Premium : -0.43319752222873953
Stock_Prices_mom24mma%_change : -0.3693558218189429
Current_Account_Balance_over_GDP : -0.6130531011866921
One-Day_Repo_Rate_EOP : -0.06936162993030778
Bank_Lending_mo12m%_change : -0.4083540540773824
Foreign_Exchange_Reserve_change_yryr% : -0.24960814487590874
Portfolio_Flows : -0.2492217318131848
--------------------

