--------------------
id : 3788901238
explain variance ratio : 0.2701577254565308
Weight :
Risk_Premium : -0.4195117013488178
Stock_Prices_mom24mma%_change : -0.25275463014498684
One-Day_Repo_Rate_AVG : -0.22694430998367152
Current_Account_Balance_over_GDP : -0.5303212484237791
Bank_Lending_mo12m%_change : -0.38409210310837233
Foreign_Exchange_Reserve_over_GDP : -0.4731214826817771
Portfolio_Flows : -0.23666432338389018
--------------------

