--------------------
id : 3801180237
explain variance ratio : 0.3324695574402201
Weight :
Term_Premium : 0.20580236676331745
Stock_Prices_mom%_change : 0.15815658498221175
Stock_Prices_mom24mma%_change : 0.4374252131775088
One-Day_Repo_Rate_AVG : 0.5536972111353996
Current_Account_Balance_over_GDP : 0.022476596477660482
Foreign_Exchange_Reserve_over_GDP : 0.4646738480598601
Portfolio_Flows : 0.4672081755051983
--------------------

