--------------------
id : 3813686837
explain variance ratio : 0.23863505836128657
Weight :
Term_Premium : 0.14875897560841989
Stock_Prices_mom24mma%_change : 0.5010184528657908
Current_Account_Balance_over_GDP : 0.6758605346019209
Bank_Lending_mo12m%_change : 0.38330765280144863
Broad_Money_mo12m%_change : 0.08660233265257988
Portfolio_Flows : 0.340057486484983
--------------------

