--------------------
id : 3851534911
explain variance ratio : 0.22679924563687817
Weight :
Term_Premium : 0.17119425256820797
Risk_Premium : 0.3122473124502215
Stock_Prices_mom24mma%_change : 0.5175387680930743
Current_Account_Balance_over_GDP : 0.541164705265268
One-Day_Repo_Rate_EOP : 0.255301413645156
Bank_Lending_mo12m%_change : 0.2694854981905276
Portfolio_Flows : 0.41795607844230737
--------------------

