--------------------
id : 3852870553
explain variance ratio : 0.21219240202152634
Weight :
Risk_Premium : 0.35179178335726125
Stock_Market_Volatility : 0.21078491451302855
Current_Account_Balance_over_GDP : 0.5476964179185888
Foreign_Exchange_Reserve_change_yryr% : 0.6125315448712985
Bank_Lending_mo12m%_change : 0.14285070763281668
Broad_Money_mo12m%_change : 0.36910659251980826
--------------------

