--------------------
id : 3865019888
explain variance ratio : 0.23432649399083214
Weight :
Risk_Premium : -0.19801164267789917
Stock_Prices_mom%_change : -0.43826770382747887
Stock_Prices_mom24mma%_change : -0.6714441588584192
One-Day_Repo_Rate_EOP : -0.28340428059851513
Current_Account_Balance_over_GDP : -0.4687474928604787
Bank_Lending_mo12m%_change : -0.1335415753844226
--------------------

