--------------------
id : 3870139289
explain variance ratio : 0.20896186052324034
Weight :
Risk_Premium : -0.4807156097808542
Stock_Market_Volatility : -0.29460700645888194
One-Day_Repo_Rate_AVG : -0.14485349352658675
Current_Account_Balance_over_GDP : -0.6730745299473218
Foreign_Exchange_Reserve_change_yryr% : -0.43206403709490904
Broad_Money_mo12m%_change : -0.14638314334970928
--------------------

