--------------------
id : 3870989179
explain variance ratio : 0.23630212516628493
Weight :
Term_Premium : -0.19977781110975099
Stock_Prices_mom24mma%_change : -0.3628471739734035
Current_Account_Balance_over_GDP : -0.5851384915833608
Bank_Lending_mo12m%_change : -0.33990496628407807
Foreign_Exchange_Reserve_change_yryr% : -0.32545834879525576
Velocity_of_Money_mo12m%_change : -0.15723461011142767
Foreign_Exchange_Reserve_over_GDP : -0.4897575468262354
--------------------

