--------------------
id : 3876523956
explain variance ratio : 0.44751940993726624
Weight :
Term_Premium : 0.21967351001290936
Stock_Prices_mom%_change : 0.042780107924967226
One-Day_Repo_Rate_AVG : 0.6118048180785955
Foreign_Exchange_Reserve_change_yryr% : 0.5222260911390908
Foreign_Exchange_Reserve_over_GDP : 0.5503527829255884
--------------------

