--------------------
id : 3876504247
explain variance ratio : 0.2951028543166436
Weight :
Risk_Premium : 0.2842424809062365
Stock_Prices_mom24mma%_change : 0.33306676191493184
Current_Account_Balance_over_GDP : 0.4146352289391264
One-Day_Repo_Rate_AVG : 0.45690480932927874
Foreign_Exchange_Reserve_over_GDP : 0.6210376954295308
Bank_Lending_mo12m%_change : 0.20469623139110363
--------------------

