--------------------
id : 3879789529
explain variance ratio : 0.206513750764365
Weight :
Term_Premium : -0.3362329099962783
Stock_Prices_mom%_change : -0.37107111353606953
Stock_Prices_mom24mma%_change : -0.5414997468873026
Stock_Market_Volatility : -0.1562324982112011
Current_Account_Balance_over_GDP : -0.5531120708757483
One-Day_Repo_Rate_AVG : -0.2473044709959129
Bank_Lending_mo12m%_change : -0.2540287882016195
--------------------

