--------------------
id : 3916106529
explain variance ratio : 0.2274678419167327
Weight :
Term_Premium : 0.1734306709265122
Risk_Premium : 0.3111233381981907
Stock_Prices_mom24mma%_change : 0.5154054329968721
One-Day_Repo_Rate_AVG : 0.2669536146423772
Current_Account_Balance_over_GDP : 0.5408615232198043
Bank_Lending_mo12m%_change : 0.2680572491060292
Portfolio_Flows : 0.41452527302823555
--------------------

