--------------------
id : 3930918843
explain variance ratio : 0.25468425264132677
Weight :
Term_Premium : -0.08534580787712942
Stock_Prices_mom24mma%_change : -0.3482408190292414
Current_Account_Balance_over_GDP : -0.7349795533996102
Foreign_Exchange_Reserve_change_yryr% : -0.19196514415639293
Bank_Lending_mo12m%_change : -0.5060903222928503
Portfolio_Flows : -0.19563090306668657
--------------------

