--------------------
id : 3930295539
explain variance ratio : 0.2545698397207179
Weight :
Risk_Premium : -0.45059407711494726
Stock_Prices_mom24mma%_change : -0.3537053414082198
Stock_Market_Volatility : -0.44951545035584684
Current_Account_Balance_over_GDP : -0.5756813167144244
Portfolio_Flows : -0.3641471562555847
Velocity_of_Money_mo12m%_change : -0.07603446058546083
--------------------

