--------------------
id : 3934063779
explain variance ratio : 0.24031536503560932
Weight :
Risk_Premium : 0.6717628217155691
Stock_Prices_mom24mma%_change : 0.06449593386140429
One-Day_Repo_Rate_EOP : 0.09065768447518216
Bank_Lending_mo12m%_change : 0.4763556420901174
Foreign_Exchange_Reserve_change_yryr% : 0.07570408534849195
Foreign_Exchange_Reserve_over_GDP : 0.5510992322913735
--------------------

