--------------------
id : 3935276906
explain variance ratio : 0.21916253343844133
Weight :
Term_Premium : -0.0763217776427801
Stock_Market_Volatility : -0.4512350260295236
One-Day_Repo_Rate_AVG : -0.19622236148467084
Current_Account_Balance_over_GDP : -0.5622056431433463
Bank_Lending_mo12m%_change : -0.3485492757663888
Foreign_Exchange_Reserve_change_yryr% : -0.3174842914509541
Portfolio_Flows : -0.46227769171499894
--------------------

