--------------------
id : 3944780143
explain variance ratio : 0.20180731182690853
Weight :
Term_Premium : -0.09151199230481798
Risk_Premium : -0.2731198974355579
Stock_Market_Volatility : -0.35523349258206705
Current_Account_Balance_over_GDP : -0.49973779523349193
One-Day_Repo_Rate_EOP : -0.2432796264166544
Foreign_Exchange_Reserve_change_yryr% : -0.39758554033459503
Bank_Lending_mo12m%_change : -0.27023293408800125
Portfolio_Flows : -0.500816634581878
--------------------

