--------------------
id : 3960079227
explain variance ratio : 0.2496972271672554
Weight :
Term_Premium : -0.15955552028528547
Stock_Prices_mom24mma%_change : -0.3751238837089007
Current_Account_Balance_over_GDP : -0.7327439586750445
One-Day_Repo_Rate_EOP : -0.1406188176980599
Foreign_Exchange_Reserve_change_yryr% : -0.23244572781101006
Bank_Lending_mo12m%_change : -0.47234069332895506
--------------------

