--------------------
id : 3961837109
explain variance ratio : 0.4519701563938565
Weight :
Term_Premium : 0.2099533811873249
Stock_Prices_mom%_change : 0.24776801485369537
Stock_Prices_mom24mma%_change : 0.5474157618636382
One-Day_Repo_Rate_EOP : 0.5050086057744508
Foreign_Exchange_Reserve_change_yryr% : 0.5829518679106075
--------------------

