--------------------
id : 3975356883
explain variance ratio : 0.2274678419167328
Weight :
Term_Premium : 0.17343067092651143
Risk_Premium : 0.3111233381981901
Stock_Prices_mom24mma%_change : 0.5154054329968721
Current_Account_Balance_over_GDP : 0.5408615232198042
One-Day_Repo_Rate_AVG : 0.2669536146423771
Bank_Lending_mo12m%_change : 0.2680572491060289
Portfolio_Flows : 0.4145252730282356
--------------------

