--------------------
id : 3977216511
explain variance ratio : 0.2086000017843695
Weight :
Term_Premium : -0.15345519219970044
Risk_Premium : -0.37746621319200097
Stock_Prices_mom%_change : -0.14097209019423562
Stock_Prices_mom24mma%_change : -0.4615929603394648
Current_Account_Balance_over_GDP : -0.6033471620070444
One-Day_Repo_Rate_EOP : -0.14350520313257087
Bank_Lending_mo12m%_change : -0.3389385486600481
Foreign_Exchange_Reserve_change_yryr% : -0.3186356691284053
--------------------

