--------------------
id : 4027873172
explain variance ratio : 0.2153548496777151
Weight :
Term_Premium : -0.16520971249473956
Stock_Prices_mom%_change : -0.09119143458485263
Stock_Prices_mom24mma%_change : -0.36532252144021793
One-Day_Repo_Rate_AVG : -0.12484842479164447
Current_Account_Balance_over_GDP : -0.7342194084070718
Bank_Lending_mo12m%_change : -0.4861853111462656
Foreign_Exchange_Reserve_change_yryr% : -0.1997195605226164
--------------------

