--------------------
id : 4045860775
explain variance ratio : 0.20155503564137497
Weight :
Term_Premium : -0.0960515553465979
Risk_Premium : -0.27653888914294533
Stock_Market_Volatility : -0.3405157971617526
One-Day_Repo_Rate_AVG : -0.24851427750895158
Current_Account_Balance_over_GDP : -0.5029079792114919
Bank_Lending_mo12m%_change : -0.2686087651807795
Foreign_Exchange_Reserve_change_yryr% : -0.4029240828382932
Portfolio_Flows : -0.4991743848065275
--------------------

