--------------------
id : 4050312657
explain variance ratio : 0.20187925247299426
Weight :
Term_Premium : -0.11119815256805209
Risk_Premium : -0.5494020046297307
Stock_Prices_mom24mma%_change : -0.3978842541099198
Current_Account_Balance_over_GDP : -0.6550119084625553
One-Day_Repo_Rate_AVG : -0.062059891593646666
Velocity_of_Money_mo12m%_change : -0.17565084605429362
Portfolio_Flows : -0.25245846869082583
--------------------

