--------------------
id : 4072543279
explain variance ratio : 0.20661978541470682
Weight :
Risk_Premium : 0.664990379763405
Stock_Prices_mom24mma%_change : 0.09813797031118826
Stock_Market_Volatility : 0.09292490186963376
One-Day_Repo_Rate_EOP : 0.09667340842675048
Foreign_Exchange_Reserve_change_yryr% : 0.10426330832857131
Foreign_Exchange_Reserve_over_GDP : 0.5422808224165651
Bank_Lending_mo12m%_change : 0.47459100338775084
--------------------

