--------------------
id : 4080130355
explain variance ratio : 0.20076255209922889
Weight :
Term_Premium : -0.6698678356229233
Stock_Prices_mom%_change : -0.3176044923107678
Current_Account_Balance_over_GDP : -0.48842577952627714
One-Day_Repo_Rate_AVG : -0.3931879832927329
Bank_Lending_mo12m%_change : -0.22711167464223542
Broad_Money_mo12m%_change : -0.07528760981343999
--------------------

