--------------------
id : 4088976559
explain variance ratio : 0.2277309729952323
Weight :
Term_Premium : 0.17291877113150259
Risk_Premium : 0.3371566402910766
Stock_Market_Volatility : 0.034906300006279437
One-Day_Repo_Rate_AVG : 0.37074583989555343
Current_Account_Balance_over_GDP : 0.4425493356448853
Bank_Lending_mo12m%_change : 0.3002501778854839
Foreign_Exchange_Reserve_over_GDP : 0.5923809318701349
Portfolio_Flows : 0.2843208023952747
--------------------

