--------------------
id : 4097055981
explain variance ratio : 0.2492059841196776
Weight :
Term_Premium : -0.06094676668915118
Risk_Premium : -0.42508763772825653
Stock_Prices_mom24mma%_change : -0.4098441104870049
Current_Account_Balance_over_GDP : -0.5899875500903827
Foreign_Exchange_Reserve_change_yryr% : -0.28871328533476703
Portfolio_Flows : -0.28605808830604745
Bank_Lending_mo12m%_change : -0.3665295304666567
--------------------

