--------------------
id : 4106530876
explain variance ratio : 0.2340898131663289
Weight :
Term_Premium : -0.1470323573245484
Stock_Prices_mom24mma%_change : -0.36258618254782976
Stock_Market_Volatility : -0.19127051184101415
Current_Account_Balance_over_GDP : -0.6519336526583478
Foreign_Exchange_Reserve_change_yryr% : -0.2963117578156179
Foreign_Exchange_Reserve_over_GDP : -0.36606016484642523
Bank_Lending_mo12m%_change : -0.40436388049555877
--------------------

