--------------------
id : 4111255056
explain variance ratio : 0.24362495112810462
Weight :
Risk_Premium : 0.38631491097572285
Stock_Prices_mom24mma%_change : 0.045663193989383566
One-Day_Repo_Rate_AVG : 0.35409359506130433
Foreign_Exchange_Reserve_change_yryr% : 0.09976871122838986
Velocity_of_Money_mo12m%_change : 0.43503127972406874
Foreign_Exchange_Reserve_over_GDP : 0.641242599886488
Bank_Lending_mo12m%_change : 0.33599896758971126
--------------------

