--------------------
id : 4120878263
explain variance ratio : 0.2168190939367597
Weight :
Risk_Premium : -0.4831738982063777
Stock_Prices_mom%_change : -0.06036531263429207
Stock_Prices_mom24mma%_change : -0.4562929463493599
Current_Account_Balance_over_GDP : -0.49868759199723134
Velocity_of_Money_mo12m%_change : -0.070015139354868
Foreign_Exchange_Reserve_over_GDP : -0.5270560276288642
Broad_Money_mo12m%_change : -0.15269665950386713
--------------------

