--------------------
id : 4153405260
explain variance ratio : 0.2047144258210874
Weight :
Term_Premium : 0.15503101585641607
Stock_Prices_mom24mma%_change : 0.5113944604169609
Current_Account_Balance_over_GDP : 0.664734226308925
Velocity_of_Money_mo12m%_change : 0.030081491066520673
Bank_Lending_mo12m%_change : 0.3703048892961107
Broad_Money_mo12m%_change : 0.09706298330384672
Portfolio_Flows : 0.3537197598122216
--------------------

