--------------------
id : 4170226116
explain variance ratio : 0.21807329912703521
Weight :
Term_Premium : -0.17541948526075565
Risk_Premium : -0.5386639787788363
Stock_Prices_mom24mma%_change : -0.3413289400286213
Stock_Market_Volatility : -0.03726258524893739
Current_Account_Balance_over_GDP : -0.5605384165621903
Broad_Money_mo12m%_change : -0.03147697361167904
Foreign_Exchange_Reserve_over_GDP : -0.4959647772641823
--------------------

