--------------------
id : 4180264845
explain variance ratio : 0.2542580582957729
Weight :
Term_Premium : -0.17171997051538818
Risk_Premium : -0.5503051734343503
Stock_Prices_mom24mma%_change : -0.31726463511184905
Current_Account_Balance_over_GDP : -0.5616949655165329
Broad_Money_mo12m%_change : -0.008381582332309359
Foreign_Exchange_Reserve_over_GDP : -0.5014460428759175
--------------------

