--------------------
id : 4216749392
explain variance ratio : 0.20385223679560824
Weight :
Term_Premium : -0.10355465361009088
Risk_Premium : -0.5830266601750703
Stock_Prices_mom%_change : -0.06882466388546521
Stock_Prices_mom24mma%_change : -0.3505804636053784
Current_Account_Balance_over_GDP : -0.6806720439338425
Foreign_Exchange_Reserve_change_yryr% : -0.15876901591013565
Velocity_of_Money_mo12m%_change : -0.18218347788408606
--------------------

