--------------------
id : 4225057401
explain variance ratio : 0.23380881476831947
Weight :
Risk_Premium : -0.18312204746672245
Stock_Prices_mom%_change : -0.33379525622765127
Stock_Prices_mom24mma%_change : -0.5863550764937959
Stock_Market_Volatility : -0.3142811384228009
Current_Account_Balance_over_GDP : -0.3343960901368007
Bank_Lending_mo12m%_change : -0.07836091876900396
Portfolio_Flows : -0.5426794212645547
--------------------

