--------------------
id : 4231607730
explain variance ratio : 0.24275544133472307
Weight :
Risk_Premium : -0.4974311209578292
Stock_Market_Volatility : -0.012399352741352399
One-Day_Repo_Rate_AVG : -0.16409065267063994
Current_Account_Balance_change_yryr% : -0.004662139284789129
Current_Account_Balance_over_GDP : -0.4899307880204428
Foreign_Exchange_Reserve_over_GDP : -0.5153358018568953
Velocity_of_Money_mo12m%_change : -0.46889006429207375
--------------------

