--------------------
id : 4240809833
explain variance ratio : 0.25045656470187927
Weight :
Term_Premium : -0.1591059694591789
Stock_Prices_mom24mma%_change : -0.36664249406378197
One-Day_Repo_Rate_AVG : -0.15217268968669298
Current_Account_Balance_over_GDP : -0.7338871197929951
Foreign_Exchange_Reserve_change_yryr% : -0.22587577160369235
Bank_Lending_mo12m%_change : -0.47696108410125104
--------------------

