--------------------
id : 4257866965
explain variance ratio : 0.2072934794205694
Weight :
Risk_Premium : -0.377173669790279
Stock_Prices_mom%_change : -0.0990529297007059
Stock_Prices_mom24mma%_change : -0.41108436082479893
One-Day_Repo_Rate_AVG : -0.17916859737955487
Current_Account_Balance_over_GDP : -0.612711571278886
Policy_Rate_&_Fed_Funds_Rate_Differential_EOP : -0.15733221205121994
Bank_Lending_mo12m%_change : -0.398555781092398
Portfolio_Flows : -0.296346413446842
--------------------

