--------------------
id : 4258634442
explain variance ratio : 0.21879843943912733
Weight :
Risk_Premium : -0.4369814572081444
Stock_Prices_mom24mma%_change : -0.3716698334461425
Current_Account_Balance_over_GDP : -0.6110037054396643
One-Day_Repo_Rate_EOP : -0.06251624386609077
Foreign_Exchange_Reserve_change_yryr% : -0.2523962126568922
Bank_Lending_mo12m%_change : -0.40679163804217106
Broad_Money_mo12m%_change : -0.008753715084920993
Portfolio_Flows : -0.2538011420027016
--------------------

