--------------------
id : 4259624713
explain variance ratio : 0.20192351735540837
Weight :
Term_Premium : -0.2756961802613114
Stock_Prices_mom24mma%_change : -0.5308404856166672
Stock_Market_Volatility : -0.19384759458339612
Current_Account_Balance_over_GDP : -0.6398513177858298
One-Day_Repo_Rate_AVG : -0.2732750580212563
Bank_Lending_mo12m%_change : -0.30913795311264375
Broad_Money_mo12m%_change : -0.15801223000247944
--------------------

