--------------------
id : 4260156097
explain variance ratio : 0.47762233376896646
Weight :
Term_Premium : 0.2100116843459025
Stock_Prices_mom24mma%_change : 0.45825077533376446
One-Day_Repo_Rate_AVG : 0.5538743606416628
Broad_Money_mo12m%_change : 0.5066985733340652
Foreign_Exchange_Reserve_over_GDP : 0.4270609649092431
--------------------

