--------------------
id : 4280922824
explain variance ratio : 0.23614223562424203
Weight :
Risk_Premium : -0.5698099998702075
Stock_Prices_mom%_change : -0.1252180103222167
Stock_Prices_mom24mma%_change : -0.40220214194393217
Current_Account_Balance_over_GDP : -0.6469888138477664
Velocity_of_Money_mo12m%_change : -0.15813185502806731
Portfolio_Flows : -0.23295974359492708
--------------------

