--------------------
id : 4332722116
explain variance ratio : 0.20940506699991562
Weight :
Term_Premium : -0.2623108902804565
Risk_Premium : -0.30440437120551395
Stock_Prices_mom24mma%_change : -0.5711996852846266
One-Day_Repo_Rate_EOP : -0.2592091753122777
Current_Account_Balance_over_GDP : -0.5821217585989572
Bank_Lending_mo12m%_change : -0.24975593179795946
Broad_Money_mo12m%_change : -0.20935312582646828
--------------------

