--------------------
id : 4333955813
explain variance ratio : 0.24097189387738657
Weight :
Risk_Premium : 0.3924183401447017
Stock_Prices_mom24mma%_change : 0.05420711135052919
One-Day_Repo_Rate_EOP : 0.3391083278307376
Bank_Lending_mo12m%_change : 0.3363253514845065
Foreign_Exchange_Reserve_change_yryr% : 0.1078444927845935
Velocity_of_Money_mo12m%_change : 0.43070212400534735
Foreign_Exchange_Reserve_over_GDP : 0.6463942149300903
--------------------

