--------------------
id : 4348240674
explain variance ratio : 0.21533540861087871
Weight :
Term_Premium : 0.14935620929323204
Risk_Premium : 0.4846896394200111
Stock_Market_Volatility : 0.15284745307455472
Current_Account_Balance_over_GDP : 0.4556316995302768
Foreign_Exchange_Reserve_over_GDP : 0.5783737961338797
Broad_Money_mo12m%_change : 0.07598175819311154
Portfolio_Flows : 0.41414563987056424
--------------------

