--------------------
id : 4351652928
explain variance ratio : 0.2496972271672552
Weight :
Term_Premium : -0.15955552028528627
Stock_Prices_mom24mma%_change : -0.3751238837089005
Current_Account_Balance_over_GDP : -0.7327439586750446
One-Day_Repo_Rate_EOP : -0.14061881769806028
Bank_Lending_mo12m%_change : -0.47234069332895445
Foreign_Exchange_Reserve_change_yryr% : -0.23244572781100992
--------------------

