--------------------
id : 4360490364
explain variance ratio : 0.2598158628045201
Weight :
Term_Premium : 0.23932666595510094
Stock_Prices_mom24mma%_change : 0.18423542207860433
Current_Account_Balance_over_GDP : 0.3966907767315224
One-Day_Repo_Rate_AVG : 0.4734656629769635
Velocity_of_Money_mo12m%_change : 0.3116348436586244
Foreign_Exchange_Reserve_over_GDP : 0.5997347374137894
Bank_Lending_mo12m%_change : 0.26542177531117817
--------------------

