--------------------
id : 4380211753
explain variance ratio : 0.20647548741251304
Weight :
Risk_Premium : -0.28818393308273405
Stock_Prices_mom24mma%_change : -0.6315228563732409
Stock_Market_Volatility : -0.12414272604138962
Current_Account_Balance_over_GDP : -0.563111767211611
One-Day_Repo_Rate_AVG : -0.2599987478156426
Bank_Lending_mo12m%_change : -0.20823561612906555
Broad_Money_mo12m%_change : -0.27324202293868605
--------------------

