--------------------
id : 4383393068
explain variance ratio : 0.42626562464995155
Weight :
Term_Premium : 0.1825508834471297
Stock_Prices_mom24mma%_change : 0.4221595665200889
One-Day_Repo_Rate_AVG : 0.540056700762227
Current_Account_Balance_over_GDP : 0.03476675698526352
Foreign_Exchange_Reserve_change_yryr% : 0.5371763880416949
Foreign_Exchange_Reserve_over_GDP : 0.45500333630564577
--------------------

