--------------------
id : 4392410320
explain variance ratio : 0.4422151036350355
Weight :
Term_Premium : 0.22471181403674814
Stock_Prices_mom%_change : 0.2912273593651178
Stock_Prices_mom24mma%_change : 0.56300799630816
One-Day_Repo_Rate_AVG : 0.46654592676624596
Broad_Money_mo12m%_change : 0.574498146298515
--------------------

