--------------------
id : 4398363590
explain variance ratio : 0.2113727434985003
Weight :
Term_Premium : -0.021514037280534488
Stock_Prices_mom24mma%_change : -0.3047586690234726
Stock_Market_Volatility : -0.4386746791029083
Current_Account_Balance_over_GDP : -0.6226895095015539
One-Day_Repo_Rate_EOP : -0.031050691905261774
Bank_Lending_mo12m%_change : -0.447638957715046
Foreign_Exchange_Reserve_change_yryr% : -0.1825901030099947
Portfolio_Flows : -0.3029813078003325
--------------------

