--------------------
id : 4401768897
explain variance ratio : 0.23863505836128662
Weight :
Term_Premium : 0.14875897560841908
Stock_Prices_mom24mma%_change : 0.5010184528657908
Current_Account_Balance_over_GDP : 0.6758605346019203
Portfolio_Flows : 0.3400574864849836
Bank_Lending_mo12m%_change : 0.38330765280144863
Broad_Money_mo12m%_change : 0.08660233265257972
--------------------

