--------------------
id : 4409739432
explain variance ratio : 0.21260770542796076
Weight :
Term_Premium : -0.18230448097437205
Stock_Prices_mom%_change : -0.1656554776061296
Stock_Prices_mom24mma%_change : -0.4058919157933779
Current_Account_Balance_over_GDP : -0.7000243852843727
One-Day_Repo_Rate_EOP : -0.13293518647555144
Bank_Lending_mo12m%_change : -0.45972491258729575
Portfolio_Flows : -0.23563147625026787
--------------------

