--------------------
id : 4424376131
explain variance ratio : 0.22786226825350425
Weight :
Term_Premium : 0.24574417224182663
Risk_Premium : 0.3495925493944705
Stock_Prices_mom24mma%_change : 0.5298174824306614
Current_Account_Balance_over_GDP : 0.4275684531864769
Foreign_Exchange_Reserve_over_GDP : 0.5090578878836574
Bank_Lending_mo12m%_change : 0.11779058001862214
Broad_Money_mo12m%_change : 0.2843570825738667
--------------------

