--------------------
id : 4434579273
explain variance ratio : 0.2446626710597968
Weight :
Term_Premium : 0.2093119089707997
Risk_Premium : 0.3058970882195118
Stock_Prices_mom24mma%_change : 0.05943858735061564
One-Day_Repo_Rate_AVG : 0.423068856877608
Velocity_of_Money_mo12m%_change : 0.4156554611883822
Foreign_Exchange_Reserve_over_GDP : 0.6586325483306483
Bank_Lending_mo12m%_change : 0.27116230696689975
--------------------

