--------------------
id : 4445165230
explain variance ratio : 0.3771822617527649
Weight :
Term_Premium : 0.14071226221901947
Stock_Prices_mom%_change : 0.12570840184806376
Stock_Prices_mom24mma%_change : 0.4151793244358749
Current_Account_Balance_over_GDP : 0.0038840644789839146
One-Day_Repo_Rate_EOP : 0.47257649029866805
Foreign_Exchange_Reserve_change_yryr% : 0.504003311673424
Foreign_Exchange_Reserve_over_GDP : 0.371814371864809
Portfolio_Flows : 0.420017493783409
--------------------

