--------------------
id : 4479638780
explain variance ratio : 0.21017180572558877
Weight :
Term_Premium : 0.17433764480644112
Stock_Prices_mom24mma%_change : 0.41737018140722343
Current_Account_Balance_over_GDP : 0.6968435985012551
One-Day_Repo_Rate_EOP : 0.188311202928163
Bank_Lending_mo12m%_change : 0.440238113706922
Broad_Money_mo12m%_change : 0.008920483571274146
Portfolio_Flows : 0.28366747358067196
--------------------

