--------------------
id : 4480069488
explain variance ratio : 0.22786226825350414
Weight :
Term_Premium : 0.2457441722418272
Risk_Premium : 0.3495925493944698
Stock_Prices_mom24mma%_change : 0.5298174824306605
Current_Account_Balance_over_GDP : 0.42756845318647624
Bank_Lending_mo12m%_change : 0.11779058001862218
Broad_Money_mo12m%_change : 0.2843570825738665
Foreign_Exchange_Reserve_over_GDP : 0.5090578878836589
--------------------

