--------------------
id : 4495094560
explain variance ratio : 0.2183208649484608
Weight :
Risk_Premium : -0.026118534236344648
Stock_Market_Volatility : -0.46248262407420443
One-Day_Repo_Rate_AVG : -0.38611968055416784
Current_Account_Balance_over_GDP : -0.28517619394619714
Portfolio_Flows : -0.7414605912668558
Bank_Lending_mo12m%_change : -0.07245665526434397
--------------------

