--------------------
id : 4506336407
explain variance ratio : 0.2244957430187919
Weight :
Risk_Premium : 0.34146382938728853
Stock_Market_Volatility : 0.04559548193961116
Current_Account_Balance_over_GDP : 0.43560337108803193
One-Day_Repo_Rate_AVG : 0.3778056013157547
Foreign_Exchange_Reserve_over_GDP : 0.6031484452616005
Bank_Lending_mo12m%_change : 0.289013387128616
Broad_Money_mo12m%_change : 0.023847625129816058
Portfolio_Flows : 0.31772730725053394
--------------------

