--------------------
id : 4510340405
explain variance ratio : 0.4476284751187706
Weight :
Term_Premium : 0.22069708812481692
Stock_Prices_mom%_change : 0.05022335736506922
One-Day_Repo_Rate_EOP : 0.6117927467716615
Foreign_Exchange_Reserve_change_yryr% : 0.5258880948390511
Foreign_Exchange_Reserve_over_GDP : 0.545822092235507
--------------------

