--------------------
id : 4511496862
explain variance ratio : 0.22130084364313604
Weight :
Term_Premium : -0.32698725325979316
Risk_Premium : -0.37898043310658186
Stock_Prices_mom24mma%_change : -0.5391041587293125
One-Day_Repo_Rate_AVG : -0.25592790717645636
Current_Account_Balance_over_GDP : -0.623447280014223
Velocity_of_Money_mo12m%_change : -0.0680754650360066
--------------------

