--------------------
id : 4519543418
explain variance ratio : 0.20360591486296273
Weight :
Term_Premium : -0.17624843311919314
Risk_Premium : -0.33825567558884134
Stock_Prices_mom%_change : -0.21844965513385156
Stock_Prices_mom24mma%_change : -0.5003160320431091
One-Day_Repo_Rate_AVG : -0.19106350553335924
Current_Account_Balance_over_GDP : -0.5512986460495632
Bank_Lending_mo12m%_change : -0.2996981208200135
Portfolio_Flows : -0.3552868982972511
--------------------

