--------------------
id : 4526307718
explain variance ratio : 0.24265120100310006
Weight :
Term_Premium : -0.10947596841636487
Risk_Premium : -0.49918883072524006
Stock_Market_Volatility : -0.023693355642056872
Current_Account_Balance_over_GDP : -0.4970699559477494
One-Day_Repo_Rate_EOP : -0.13511666325996283
Velocity_of_Money_mo12m%_change : -0.4664532820098483
Foreign_Exchange_Reserve_over_GDP : -0.5053221056145512
--------------------

