--------------------
id : 4539862336
explain variance ratio : 0.22449574301879213
Weight :
Risk_Premium : 0.3414638293872895
Stock_Market_Volatility : 0.04559548193961088
One-Day_Repo_Rate_AVG : 0.37780560131575336
Current_Account_Balance_over_GDP : 0.4356033710880311
Foreign_Exchange_Reserve_over_GDP : 0.6031484452616003
Portfolio_Flows : 0.3177273072505338
Bank_Lending_mo12m%_change : 0.2890133871286159
Broad_Money_mo12m%_change : 0.02384762512981592
--------------------

