--------------------
id : 4539314987
explain variance ratio : 0.4265706106061886
Weight :
Term_Premium : 0.13553911640232486
Stock_Prices_mom24mma%_change : 0.40500245630158516
Current_Account_Balance_over_GDP : 0.007745428863575252
One-Day_Repo_Rate_EOP : 0.48018743721187634
Foreign_Exchange_Reserve_change_yryr% : 0.508214181678105
Foreign_Exchange_Reserve_over_GDP : 0.38858516784080754
Portfolio_Flows : 0.4215235517329413
--------------------

