--------------------
id : 4543084482
explain variance ratio : 0.23024003961684128
Weight :
Risk_Premium : 0.4511127633486958
Stock_Prices_mom%_change : 0.11046744256466295
Current_Account_Balance_over_GDP : 0.6010157597983552
One-Day_Repo_Rate_AVG : 0.31005969918942333
Portfolio_Flows : 0.5717842760077421
--------------------

