--------------------
id : 4581484597
explain variance ratio : 0.22390739593528222
Weight :
Risk_Premium : -0.36734131518088586
Stock_Market_Volatility : -0.6380973267328156
One-Day_Repo_Rate_EOP : -0.008677762517806886
Bank_Lending_mo12m%_change : -0.28226487920062887
Foreign_Exchange_Reserve_change_yryr% : -0.2439991978450247
Portfolio_Flows : -0.5644535283228683
--------------------

