--------------------
id : 4598292566
explain variance ratio : 0.45682237918546187
Weight :
Term_Premium : 0.14231879604825284
Stock_Prices_mom%_change : 0.1112087655176045
Stock_Prices_mom24mma%_change : 0.3507768068778013
One-Day_Repo_Rate_EOP : 0.4673050378227135
Policy_Rate_&_Fed_Funds_Rate_Differential_EOP : 0.4817200569214552
Broad_Money_mo12m%_change : 0.4004129908669348
Foreign_Exchange_Reserve_over_GDP : 0.3323711734044844
Portfolio_Flows : 0.35086212497199726
--------------------

