--------------------
id : 4619276689
explain variance ratio : 0.3509758907440367
Weight :
Term_Premium : 0.14017922108859635
Stock_Prices_mom%_change : 0.18659298102671107
Stock_Prices_mom24mma%_change : 0.518886662774735
Current_Account_Balance_over_GDP : 0.04010643233777614
Foreign_Exchange_Reserve_change_yryr% : 0.5647363000890919
Foreign_Exchange_Reserve_over_GDP : 0.3354565222884968
Portfolio_Flows : 0.4931762197247383
--------------------

