--------------------
id : 4632139409
explain variance ratio : 0.22598323394516573
Weight :
Term_Premium : 0.17501631127748404
Risk_Premium : 0.3316320444017143
Stock_Market_Volatility : 0.051241082625024865
Current_Account_Balance_over_GDP : 0.43839698816823797
One-Day_Repo_Rate_EOP : 0.36528415264789543
Bank_Lending_mo12m%_change : 0.29435015535697573
Foreign_Exchange_Reserve_over_GDP : 0.5941860248928279
Portfolio_Flows : 0.30239105776608005
--------------------

