--------------------
id : 4664867284
explain variance ratio : 0.21254346767557886
Weight :
Term_Premium : -0.17200342978571362
Stock_Prices_mom%_change : -0.16543962502996262
Stock_Prices_mom24mma%_change : -0.43703973013610753
Current_Account_Balance_over_GDP : -0.7111435688301495
Bank_Lending_mo12m%_change : -0.43395017265289604
Foreign_Exchange_Reserve_change_yryr% : -0.240506516982857
Broad_Money_mo12m%_change : -0.012629819843082563
--------------------

