--------------------
id : 4666019077
explain variance ratio : 0.23447057592979928
Weight :
Term_Premium : -0.16212615465648683
Stock_Market_Volatility : -0.1547027388378635
Current_Account_Balance_over_GDP : -0.6425337367073504
One-Day_Repo_Rate_EOP : -0.2457415915502269
Bank_Lending_mo12m%_change : -0.49330383109152975
Foreign_Exchange_Reserve_change_yryr% : -0.15796770911363683
Foreign_Exchange_Reserve_over_GDP : -0.45633449689391636
--------------------

