--------------------
id : 4675839371
explain variance ratio : 0.4080330247394729
Weight :
Term_Premium : 0.2146110647828682
Stock_Prices_mom%_change : 0.18903513031819263
Stock_Prices_mom24mma%_change : 0.4779301035063036
One-Day_Repo_Rate_EOP : 0.5320726666689743
Broad_Money_mo12m%_change : 0.5107920801279684
Foreign_Exchange_Reserve_over_GDP : 0.38181246025124854
--------------------

