--------------------
id : 4692666947
explain variance ratio : 0.20936699478630694
Weight :
Term_Premium : -0.10836919374132988
Risk_Premium : -0.5045617065530964
Stock_Prices_mom24mma%_change : -0.2560063292344329
Stock_Market_Volatility : -0.14904196063984437
Current_Account_Balance_over_GDP : -0.5224789358227522
Velocity_of_Money_mo12m%_change : -0.2551025837321492
Foreign_Exchange_Reserve_over_GDP : -0.48247103769888366
Portfolio_Flows : -0.2740090996027183
--------------------

