--------------------
id : 4692955510
explain variance ratio : 0.21670379823638355
Weight :
Risk_Premium : 0.22508042248168275
Stock_Market_Volatility : 0.010983806543571298
One-Day_Repo_Rate_AVG : 0.5003337830965489
Current_Account_Balance_over_GDP : 0.5762920529733148
Foreign_Exchange_Reserve_change_yryr% : 0.5686833194060584
Bank_Lending_mo12m%_change : 0.20825709306212284
--------------------

