--------------------
id : 4694326376
explain variance ratio : 0.21946687006668356
Weight :
Term_Premium : -0.09412480480381386
Stock_Prices_mom24mma%_change : -0.30448426161398695
Current_Account_Balance_over_GDP : -0.7456988766641739
One-Day_Repo_Rate_AVG : -0.07699939438139813
Foreign_Exchange_Reserve_change_yryr% : -0.15554072952543857
Bank_Lending_mo12m%_change : -0.5359743764551821
Portfolio_Flows : -0.1580274767212648
--------------------

