--------------------
id : 4727272363
explain variance ratio : 0.21832908605629575
Weight :
Term_Premium : -0.06777484026962965
Risk_Premium : -0.4130920833650119
Stock_Prices_mom24mma%_change : -0.42585431205508034
Current_Account_Balance_over_GDP : -0.5777893938360005
Bank_Lending_mo12m%_change : -0.348144681618514
Foreign_Exchange_Reserve_change_yryr% : -0.3063277731974666
Velocity_of_Money_mo12m%_change : -0.034029465790108064
Portfolio_Flows : -0.3055643867484663
--------------------

