--------------------
id : 4728764161
explain variance ratio : 0.22765069881060465
Weight :
Term_Premium : -0.19765237580410264
Risk_Premium : -0.34865878680788176
Stock_Prices_mom24mma%_change : -0.28573801674018184
One-Day_Repo_Rate_AVG : -0.3511544269973684
Current_Account_Balance_over_GDP : -0.48614904097440637
Foreign_Exchange_Reserve_over_GDP : -0.5535090410737362
Bank_Lending_mo12m%_change : -0.3005661017641489
Broad_Money_mo12m%_change : -0.03690274772681554
--------------------

