--------------------
id : 4737457746
explain variance ratio : 0.22968209646146084
Weight :
Risk_Premium : -0.33509592331732296
Stock_Prices_mom%_change : -0.21686499852025004
Stock_Prices_mom24mma%_change : -0.5286288590530343
Current_Account_Balance_over_GDP : -0.5368618713700227
One-Day_Repo_Rate_AVG : -0.19655747530747092
Bank_Lending_mo12m%_change : -0.2777761119613704
Portfolio_Flows : -0.3965056690170568
--------------------

