--------------------
id : 4751889262
explain variance ratio : 0.23358092554857288
Weight :
Term_Premium : -0.16742003520388787
Risk_Premium : -0.34833877575408
Stock_Prices_mom%_change : -0.22620581007720164
Stock_Prices_mom24mma%_change : -0.5472635728849542
Current_Account_Balance_over_GDP : -0.5438371193449736
Foreign_Exchange_Reserve_change_yryr% : -0.38136873729645115
Bank_Lending_mo12m%_change : -0.2424112543477707
--------------------

