--------------------
id : 4762251211
explain variance ratio : 0.21301891855232036
Weight :
Term_Premium : -0.18279250862828006
Stock_Prices_mom%_change : -0.15816832357127653
Stock_Prices_mom24mma%_change : -0.40163066454293067
Current_Account_Balance_over_GDP : -0.7015890514607901
One-Day_Repo_Rate_AVG : -0.14493795876294285
Bank_Lending_mo12m%_change : -0.4614633573677098
Portfolio_Flows : -0.23255074778150717
--------------------

