--------------------
id : 4765074985
explain variance ratio : 0.23889442029229804
Weight :
Risk_Premium : -0.5582728791186067
Stock_Prices_mom24mma%_change : -0.10251835586948288
Current_Account_Balance_over_GDP : -0.5326560702742129
Foreign_Exchange_Reserve_change_yryr% : -0.053080415073034626
Velocity_of_Money_mo12m%_change : -0.38822676750879137
Foreign_Exchange_Reserve_over_GDP : -0.4810698054227927
Portfolio_Flows : -0.09556766600841737
--------------------

