--------------------
id : 4784125156
explain variance ratio : 0.2368789148514478
Weight :
Term_Premium : -0.15372417378243103
Stock_Market_Volatility : -0.20366078706024174
Current_Account_Balance_over_GDP : -0.6021877615476776
One-Day_Repo_Rate_AVG : -0.2798146203972994
Foreign_Exchange_Reserve_over_GDP : -0.4689525429224861
Bank_Lending_mo12m%_change : -0.4663310803328976
Portfolio_Flows : -0.23787323570572638
--------------------

