--------------------
id : 4787556219
explain variance ratio : 0.20092538489024458
Weight :
Term_Premium : 0.24428003463505188
Risk_Premium : 0.26921544081938764
Stock_Prices_mom24mma%_change : 0.3862483446816184
Stock_Market_Volatility : 0.10057100155581791
Current_Account_Balance_over_GDP : 0.6126858405269486
One-Day_Repo_Rate_AVG : 0.315385523214197
Policy_Rate_&_Fed_Funds_Rate_Differential_AVG : 0.3045403562772256
Bank_Lending_mo12m%_change : 0.37543468798597135
--------------------

