--------------------
id : 4794523585
explain variance ratio : 0.25509391489175115
Weight :
Risk_Premium : -0.3523137444154916
Stock_Prices_mom24mma%_change : -0.314337981684761
One-Day_Repo_Rate_AVG : -0.36779470851751506
Current_Account_Balance_over_GDP : -0.48080869816903227
Bank_Lending_mo12m%_change : -0.2826111104133254
Broad_Money_mo12m%_change : -0.06724501786110412
Foreign_Exchange_Reserve_over_GDP : -0.5711617763485314
--------------------

