--------------------
id : 4817442052
explain variance ratio : 0.2261625131214644
Weight :
Risk_Premium : -0.4283517110384353
Stock_Prices_mom24mma%_change : -0.5762141963776867
Stock_Market_Volatility : -0.2581817855163333
One-Day_Repo_Rate_EOP : -0.0726469560465844
Current_Account_Balance_over_GDP : -0.6165035436846652
Broad_Money_mo12m%_change : -0.18022202299462467
--------------------

