--------------------
id : 4818872316
explain variance ratio : 0.25356322721434194
Weight :
Term_Premium : 0.055090922801380296
Risk_Premium : 0.584544719699485
Stock_Market_Volatility : 0.26370790593948856
Current_Account_Balance_over_GDP : 0.5815724321947221
Foreign_Exchange_Reserve_over_GDP : 0.4281103876137154
Portfolio_Flows : 0.2534277083700646
--------------------

