--------------------
id : 4841055105
explain variance ratio : 0.24078794855857866
Weight :
Term_Premium : 0.1229621892385999
Risk_Premium : 0.6200547455972456
Stock_Market_Volatility : 0.002089463704972011
One-Day_Repo_Rate_AVG : 0.17555129055130453
Bank_Lending_mo12m%_change : 0.45864113313929294
Foreign_Exchange_Reserve_over_GDP : 0.5993647487130764
--------------------

