--------------------
id : 4843398598
explain variance ratio : 0.22153248083553898
Weight :
Term_Premium : -0.10747852619416609
Stock_Prices_mom24mma%_change : -0.4002654489687949
Current_Account_Balance_over_GDP : -0.6929301770834049
Foreign_Exchange_Reserve_change_yryr% : -0.24725350141411698
Velocity_of_Money_mo12m%_change : -0.12199509104337426
Bank_Lending_mo12m%_change : -0.4499347990271657
Portfolio_Flows : -0.2638660396494067
--------------------

