--------------------
id : 4845235662
explain variance ratio : 0.2195153903678636
Weight :
Term_Premium : -0.37683359127526983
Stock_Market_Volatility : -0.1364716900670927
One-Day_Repo_Rate_EOP : -0.4277758005374641
Current_Account_Balance_over_GDP : -0.6233697773571466
Foreign_Exchange_Reserve_change_yryr% : -0.4222918050101341
Bank_Lending_mo12m%_change : -0.29909787506823
--------------------

