--------------------
id : 4847814471
explain variance ratio : 0.4073810635581598
Weight :
Term_Premium : 0.1579213367781783
Stock_Prices_mom%_change : 0.1609246002114948
Stock_Prices_mom24mma%_change : 0.44654908661576553
One-Day_Repo_Rate_AVG : 0.4704215477552918
Foreign_Exchange_Reserve_over_GDP : 0.34344583973590637
Portfolio_Flows : 0.42966796814963537
Broad_Money_mo12m%_change : 0.4752809667989729
--------------------

