--------------------
id : 4864003800
explain variance ratio : 0.2649082483781807
Weight :
Risk_Premium : 0.2773815812043533
Stock_Prices_mom24mma%_change : 0.6266710579016843
Stock_Market_Volatility : 0.122805214311642
Current_Account_Balance_over_GDP : 0.4749663951780258
Bank_Lending_mo12m%_change : 0.12083507407273353
Foreign_Exchange_Reserve_change_yryr% : 0.5244688086628755
--------------------

