--------------------
id : 4866053227
explain variance ratio : 0.24516800665377303
Weight :
Term_Premium : 0.17817737270236894
Stock_Prices_mom24mma%_change : 0.4218288625871756
One-Day_Repo_Rate_EOP : 0.19643300508436656
Current_Account_Balance_over_GDP : 0.6920450044064562
Portfolio_Flows : 0.290731547199486
Bank_Lending_mo12m%_change : 0.4339080414072519
--------------------

