--------------------
id : 4872192955
explain variance ratio : 0.2007625520992292
Weight :
Term_Premium : -0.6698678356229226
Stock_Prices_mom%_change : -0.3176044923107693
One-Day_Repo_Rate_AVG : -0.39318798329273347
Current_Account_Balance_over_GDP : -0.48842577952627797
Bank_Lending_mo12m%_change : -0.22711167464223553
Broad_Money_mo12m%_change : -0.0752876098134399
--------------------

