--------------------
id : 4887827196
explain variance ratio : 0.2263549227965064
Weight :
Risk_Premium : -0.36975916198405956
Stock_Prices_mom24mma%_change : -0.4319263249210327
Stock_Market_Volatility : -0.20009184320139584
Current_Account_Balance_over_GDP : -0.460907344068988
Bank_Lending_mo12m%_change : -0.23859058091628324
Broad_Money_mo12m%_change : -0.15644214338752704
Foreign_Exchange_Reserve_over_GDP : -0.3972351905491685
Portfolio_Flows : -0.43017447657468977
--------------------

