--------------------
id : 4889816769
explain variance ratio : 0.22929836407751278
Weight :
Risk_Premium : -0.33598148319211063
Stock_Prices_mom%_change : -0.2209918473269889
Stock_Prices_mom24mma%_change : -0.5293274694350427
Current_Account_Balance_over_GDP : -0.5365483413118763
One-Day_Repo_Rate_EOP : -0.18605808860195389
Bank_Lending_mo12m%_change : -0.2789638807253648
Portfolio_Flows : -0.3972013278180658
--------------------

