--------------------
id : 4914990362
explain variance ratio : 0.2018815518171121
Weight :
Term_Premium : -0.0799262404680563
Stock_Prices_mom%_change : -0.19899017099974908
Stock_Prices_mom24mma%_change : -0.4300740218687926
Stock_Market_Volatility : -0.44280368071472664
Current_Account_Balance_over_GDP : -0.5449459999876597
Bank_Lending_mo12m%_change : -0.3317841760149911
Broad_Money_mo12m%_change : -0.06738509742243481
Portfolio_Flows : -0.40173163962786984
--------------------

