--------------------
id : 4919526432
explain variance ratio : 0.42496316720859795
Weight :
Term_Premium : 0.13616946477490027
Stock_Prices_mom24mma%_change : 0.40519910145149673
One-Day_Repo_Rate_AVG : 0.4778823317131106
Current_Account_Balance_over_GDP : 0.012781772417667453
Foreign_Exchange_Reserve_change_yryr% : 0.5084147063940241
Foreign_Exchange_Reserve_over_GDP : 0.3925330360928204
Portfolio_Flows : 0.419724874500133
--------------------

