--------------------
id : 4923467423
explain variance ratio : 0.5851631100701303
Weight :
Term_Premium : 0.1356411648058616
Stock_Prices_mom24mma%_change : 0.4685484618283412
One-Day_Repo_Rate_EOP : 0.4292279797627239
Foreign_Exchange_Reserve_change_yryr% : 0.5450947965829118
Broad_Money_mo12m%_change : 0.5298101711513752
--------------------

