--------------------
id : 4923555780
explain variance ratio : 0.22331764706339813
Weight :
Term_Premium : -0.14039562394907762
Stock_Prices_mom24mma%_change : -0.428067066902014
Stock_Market_Volatility : -0.2834484664474314
One-Day_Repo_Rate_EOP : -0.16621940909096392
Current_Account_Balance_over_GDP : -0.6653002458317807
Foreign_Exchange_Reserve_change_yryr% : -0.30513267279421846
Bank_Lending_mo12m%_change : -0.39159336665670785
--------------------

