--------------------
id : 4952190870
explain variance ratio : 0.20654914190639925
Weight :
Term_Premium : -0.33301543368963005
Stock_Prices_mom%_change : -0.3778815320142512
Stock_Prices_mom24mma%_change : -0.542564608294995
Stock_Market_Volatility : -0.17274283801304338
Current_Account_Balance_over_GDP : -0.548173370307316
One-Day_Repo_Rate_EOP : -0.2410661554057583
Bank_Lending_mo12m%_change : -0.25195811404234103
--------------------

