--------------------
id : 4970991573
explain variance ratio : 0.21681909393675958
Weight :
Risk_Premium : -0.48317389820637785
Stock_Prices_mom%_change : -0.06036531263429179
Stock_Prices_mom24mma%_change : -0.456292946349359
Current_Account_Balance_over_GDP : -0.498687591997231
Broad_Money_mo12m%_change : -0.15269665950386702
Velocity_of_Money_mo12m%_change : -0.07001513935486806
Foreign_Exchange_Reserve_over_GDP : -0.527056027628864
--------------------

