--------------------
id : 4972914067
explain variance ratio : 0.46033968130491526
Weight :
Term_Premium : 0.14152884512082842
Stock_Prices_mom%_change : 0.1323084360413721
Stock_Prices_mom24mma%_change : 0.4242416654553077
One-Day_Repo_Rate_EOP : 0.4437660383608091
Foreign_Exchange_Reserve_change_yryr% : 0.5106444922281536
Broad_Money_mo12m%_change : 0.47588092941612564
Foreign_Exchange_Reserve_over_GDP : 0.31358303496108714
--------------------

