--------------------
id : 4982145611
explain variance ratio : 0.215354849677715
Weight :
Term_Premium : -0.16520971249473973
Stock_Prices_mom%_change : -0.09119143458485196
Stock_Prices_mom24mma%_change : -0.36532252144021776
Current_Account_Balance_over_GDP : -0.7342194084070714
One-Day_Repo_Rate_AVG : -0.12484842479164424
Foreign_Exchange_Reserve_change_yryr% : -0.1997195605226159
Bank_Lending_mo12m%_change : -0.48618531114626545
--------------------

