--------------------
id : 5003175905
explain variance ratio : 0.21832086494846106
Weight :
Risk_Premium : -0.0261185342363442
Stock_Market_Volatility : -0.46248262407420254
Current_Account_Balance_over_GDP : -0.28517619394619886
One-Day_Repo_Rate_AVG : -0.3861196805541697
Bank_Lending_mo12m%_change : -0.07245665526434436
Portfolio_Flows : -0.7414605912668553
--------------------

