--------------------
id : 5014053829
explain variance ratio : 0.2623101636991939
Weight :
Risk_Premium : -0.38551093365839106
Stock_Prices_mom24mma%_change : -0.5437516202357434
Current_Account_Balance_over_GDP : -0.5355649618184435
Bank_Lending_mo12m%_change : -0.2588397887353192
Broad_Money_mo12m%_change : -0.1852214837453722
Portfolio_Flows : -0.40936613553134477
--------------------

