--------------------
id : 5023586303
explain variance ratio : 0.23933088367940147
Weight :
Risk_Premium : -0.2934881166478016
Stock_Prices_mom24mma%_change : -0.5068845874602018
Stock_Market_Volatility : -0.35498408528025727
Current_Account_Balance_over_GDP : -0.45917056556476676
Portfolio_Flows : -0.4838199531206595
Bank_Lending_mo12m%_change : -0.2134314921924904
Broad_Money_mo12m%_change : -0.2011136057090852
--------------------

