--------------------
id : 5025230558
explain variance ratio : 0.24789167256438724
Weight :
Term_Premium : -0.17859442627175184
Stock_Prices_mom%_change : -0.1776749058490461
Stock_Prices_mom24mma%_change : -0.4480512671378884
Current_Account_Balance_over_GDP : -0.7036484514822953
Bank_Lending_mo12m%_change : -0.422049163047116
Foreign_Exchange_Reserve_change_yryr% : -0.250078150685193
--------------------

