--------------------
id : 5046198648
explain variance ratio : 0.21240350177198566
Weight :
Risk_Premium : -0.3304684487548209
Stock_Prices_mom%_change : -0.291035154514004
Stock_Prices_mom24mma%_change : -0.5984955026005591
One-Day_Repo_Rate_AVG : -0.1821795975930437
Current_Account_Balance_over_GDP : -0.56248969581744
Bank_Lending_mo12m%_change : -0.24765155065181693
Broad_Money_mo12m%_change : -0.19229384379456255
--------------------

