--------------------
id : 5070083696
explain variance ratio : 0.25977114312065125
Weight :
Risk_Premium : -0.3766258888418063
Stock_Prices_mom24mma%_change : -0.4352002168147504
Current_Account_Balance_over_GDP : -0.467897503153383
Foreign_Exchange_Reserve_change_yryr% : -0.42458685885822867
Foreign_Exchange_Reserve_over_GDP : -0.4762731808997893
Bank_Lending_mo12m%_change : -0.20662379778938472
Velocity_of_Money_mo12m%_change : -0.004701096567242704
--------------------

