--------------------
id : 5074428116
explain variance ratio : 0.2064646583413537
Weight :
Term_Premium : -0.1779474032637488
Risk_Premium : -0.4567795999668479
Stock_Market_Volatility : -0.27810215878899913
Current_Account_Balance_over_GDP : -0.6255500878027743
Foreign_Exchange_Reserve_change_yryr% : -0.4869265480991483
Broad_Money_mo12m%_change : -0.23224110835272474
--------------------

