--------------------
id : 5100010124
explain variance ratio : 0.5143949791221533
Weight :
Term_Premium : 0.11047155946461061
Stock_Prices_mom24mma%_change : 0.39224871132744454
One-Day_Repo_Rate_AVG : 0.40948923722715225
Foreign_Exchange_Reserve_change_yryr% : 0.485369943168316
Broad_Money_mo12m%_change : 0.4438201318040507
Foreign_Exchange_Reserve_over_GDP : 0.30285236422011097
Portfolio_Flows : 0.376796632106832
--------------------

