--------------------
id : 5127454125
explain variance ratio : 0.2629476722485134
Weight :
Risk_Premium : -0.4395960510888135
Stock_Prices_mom24mma%_change : -0.3523001629626695
Current_Account_Balance_over_GDP : -0.538188226165217
Bank_Lending_mo12m%_change : -0.323481181975275
Foreign_Exchange_Reserve_change_yryr% : -0.3148959515770885
Broad_Money_mo12m%_change : -0.06600420623016176
Foreign_Exchange_Reserve_over_GDP : -0.42992702823723444
--------------------

