--------------------
id : 5131737837
explain variance ratio : 0.23427401180540958
Weight :
Term_Premium : 0.25483073165371983
Risk_Premium : 0.1789932753635176
Stock_Prices_mom24mma%_change : 0.288445959759143
Current_Account_Balance_over_GDP : 0.30844327878728023
One-Day_Repo_Rate_AVG : 0.5248644474378311
Velocity_of_Money_mo12m%_change : 0.18038645391856817
Foreign_Exchange_Reserve_over_GDP : 0.6329373400089157
Bank_Lending_mo12m%_change : 0.12669940935123283
--------------------

