--------------------
id : 5153873217
explain variance ratio : 0.22655241963879189
Weight :
Term_Premium : -0.4153890718607709
Stock_Prices_mom24mma%_change : -0.5427423898068148
Current_Account_Balance_over_GDP : -0.552875489718509
One-Day_Repo_Rate_EOP : -0.42178719292701355
Bank_Lending_mo12m%_change : -0.21759919077822124
Velocity_of_Money_mo12m%_change : -0.04424326173968638
--------------------

