--------------------
id : 5175711716
explain variance ratio : 0.2190864673123458
Weight :
Risk_Premium : -0.4362749379451669
Stock_Prices_mom24mma%_change : -0.3680608765550403
One-Day_Repo_Rate_AVG : -0.07538408590633355
Current_Account_Balance_over_GDP : -0.6125886768467386
Bank_Lending_mo12m%_change : -0.40954343750255096
Foreign_Exchange_Reserve_change_yryr% : -0.2500140011878689
Broad_Money_mo12m%_change : -0.005003504317641235
Portfolio_Flows : -0.2509778062197404
--------------------

