--------------------
id : 5177335966
explain variance ratio : 0.28321220827871024
Weight :
Risk_Premium : -0.4975977158004097
Stock_Market_Volatility : -0.01322507987869892
Current_Account_Balance_over_GDP : -0.4906189851003805
One-Day_Repo_Rate_AVG : -0.16368172260436625
Velocity_of_Money_mo12m%_change : -0.46853359990459853
Foreign_Exchange_Reserve_over_GDP : -0.5149749327852716
--------------------

