--------------------
id : 5214053285
explain variance ratio : 0.22998335991622582
Weight :
Term_Premium : 0.26693818856914575
Stock_Prices_mom24mma%_change : 0.06031641643686292
Current_Account_Balance_over_GDP : 0.5623766426324804
Foreign_Exchange_Reserve_change_yryr% : 0.03912507475177268
Velocity_of_Money_mo12m%_change : 0.513405973852411
Foreign_Exchange_Reserve_over_GDP : 0.5862780737426413
--------------------

