--------------------
id : 5216957472
explain variance ratio : 0.2244861248091262
Weight :
Term_Premium : -0.11674801037132831
Stock_Market_Volatility : -0.012929309065229655
One-Day_Repo_Rate_AVG : -0.2216012027626323
Current_Account_Balance_change_yryr% : -0.02456360989810904
Bank_Lending_mo12m%_change : -0.5203615290622471
Velocity_of_Money_mo12m%_change : -0.659688008232942
Foreign_Exchange_Reserve_over_GDP : -0.48013319184369446
--------------------

