--------------------
id : 5219138451
explain variance ratio : 0.2124035017719856
Weight :
Risk_Premium : -0.33046844875482023
Stock_Prices_mom%_change : -0.29103515451400397
Stock_Prices_mom24mma%_change : -0.5984955026005587
Current_Account_Balance_over_GDP : -0.5624896958174401
One-Day_Repo_Rate_AVG : -0.18217959759304408
Bank_Lending_mo12m%_change : -0.24765155065181693
Broad_Money_mo12m%_change : -0.19229384379456235
--------------------

