--------------------
id : 5226075742
explain variance ratio : 0.20808699695051483
Weight :
Term_Premium : -0.12864974593906114
Risk_Premium : -0.23428214002806674
Stock_Prices_mom24mma%_change : -0.5089557957929408
Stock_Market_Volatility : -0.31157203544567647
Policy_Rate_&_Fed_Funds_Rate_Differential_EOP : -0.242387577328537
Current_Account_Balance_over_GDP : -0.46464044972808166
Portfolio_Flows : -0.5014585370897142
Bank_Lending_mo12m%_change : -0.21527850985137406
--------------------

