--------------------
id : 5226448681
explain variance ratio : 0.20155503564137497
Weight :
Term_Premium : -0.09605155534659858
Risk_Premium : -0.2765388891429448
Stock_Market_Volatility : -0.34051579716175373
Current_Account_Balance_over_GDP : -0.5029079792114918
One-Day_Repo_Rate_AVG : -0.24851427750895178
Foreign_Exchange_Reserve_change_yryr% : -0.40292408283829295
Bank_Lending_mo12m%_change : -0.2686087651807795
Portfolio_Flows : -0.4991743848065278
--------------------

