--------------------
id : 5254249417
explain variance ratio : 0.21916058917301245
Weight :
Term_Premium : -0.0925446525009371
Stock_Prices_mom24mma%_change : -0.3106002895746369
One-Day_Repo_Rate_EOP : -0.06501701345868346
Current_Account_Balance_over_GDP : -0.7446672520777521
Foreign_Exchange_Reserve_change_yryr% : -0.1601745242769447
Portfolio_Flows : -0.16367453504982962
Bank_Lending_mo12m%_change : -0.5326923947292589
--------------------

