--------------------
id : 5260049677
explain variance ratio : 0.27000336588557977
Weight :
Term_Premium : -0.4312815822505759
Stock_Prices_mom24mma%_change : -0.5004256478042133
Current_Account_Balance_over_GDP : -0.4585039297873076
Velocity_of_Money_mo12m%_change : -0.06064064611918982
Foreign_Exchange_Reserve_over_GDP : -0.5913266662674842
--------------------

