--------------------
id : 5261755347
explain variance ratio : 0.23595267685537924
Weight :
Risk_Premium : -0.37617320424123757
Stock_Prices_mom%_change : -0.13455624472278951
Stock_Prices_mom24mma%_change : -0.4868094906345125
Current_Account_Balance_over_GDP : -0.5965190808571281
One-Day_Repo_Rate_EOP : -0.15051569554434835
Bank_Lending_mo12m%_change : -0.3211303781295015
Foreign_Exchange_Reserve_change_yryr% : -0.3489844538883061
--------------------

