--------------------
id : 5270787065
explain variance ratio : 0.21079399876320914
Weight :
Risk_Premium : -0.43151696796131644
Stock_Prices_mom%_change : -0.02293057677246485
Current_Account_Balance_over_GDP : -0.5669076113502887
Bank_Lending_mo12m%_change : -0.2885433151887654
Foreign_Exchange_Reserve_change_yryr% : -0.4316149018008091
Broad_Money_mo12m%_change : -0.16734916788382725
Portfolio_Flows : -0.4408272258100781
--------------------

