--------------------
id : 5272900951
explain variance ratio : 0.41043693050623387
Weight :
Term_Premium : 0.27101180328724456
Stock_Prices_mom%_change : 0.08693009955521946
One-Day_Repo_Rate_AVG : 0.6424687932311709
Broad_Money_mo12m%_change : 0.4608645328551838
Foreign_Exchange_Reserve_over_GDP : 0.5420641035436413
--------------------

