--------------------
id : 5280331121
explain variance ratio : 0.2753241532136471
Weight :
Risk_Premium : -0.47167310567834836
Stock_Prices_mom24mma%_change : -0.24874562120779975
Current_Account_Balance_over_GDP : -0.5656983045307805
Foreign_Exchange_Reserve_change_yryr% : -0.1934985140019989
Foreign_Exchange_Reserve_over_GDP : -0.3767849223941362
Bank_Lending_mo12m%_change : -0.4219504923866345
Portfolio_Flows : -0.1954091985317677
--------------------

