--------------------
id : 5282526995
explain variance ratio : 0.21913094115321258
Weight :
Risk_Premium : -0.4368258953217815
Stock_Prices_mom%_change : -0.05903983074927338
Stock_Prices_mom24mma%_change : -0.37629372161465485
Current_Account_Balance_over_GDP : -0.6101440011480288
One-Day_Repo_Rate_EOP : -0.055876998756951846
Bank_Lending_mo12m%_change : -0.4074830154076118
Foreign_Exchange_Reserve_change_yryr% : -0.24511808631022852
Portfolio_Flows : -0.25015444314609897
--------------------

