--------------------
id : 5321191983
explain variance ratio : 0.22335592835824092
Weight :
Risk_Premium : -0.2691076999934213
Stock_Market_Volatility : -0.5888651815616364
One-Day_Repo_Rate_AVG : -0.1005618736707875
Current_Account_Balance_over_GDP : -0.4160910981885033
Broad_Money_mo12m%_change : -0.14186128863184716
Portfolio_Flows : -0.6143693726972798
--------------------

