--------------------
id : 5324214256
explain variance ratio : 0.36941309765409824
Weight :
Term_Premium : 0.22239701706323997
Stock_Prices_mom%_change : 0.3719441481630009
Stock_Prices_mom24mma%_change : 0.6668916057312504
Current_Account_Balance_over_GDP : 0.06531628615762576
Foreign_Exchange_Reserve_change_yryr% : 0.6026495552279469
--------------------

