--------------------
id : 5324791830
explain variance ratio : 0.23433692769439501
Weight :
Term_Premium : -0.11813444090107486
Stock_Prices_mom24mma%_change : -0.13736435589555474
Current_Account_Balance_over_GDP : -0.7050196871298455
One-Day_Repo_Rate_EOP : -0.11975540830319345
Bank_Lending_mo12m%_change : -0.5721724346517487
Foreign_Exchange_Reserve_change_yryr% : -0.06879966528057538
Foreign_Exchange_Reserve_over_GDP : -0.351662454103121
--------------------

