--------------------
id : 5372070560
explain variance ratio : 0.25276651814429696
Weight :
Risk_Premium : 0.3545567448537906
Stock_Prices_mom24mma%_change : 0.32399115691008135
Current_Account_Balance_over_GDP : 0.48363759215397295
One-Day_Repo_Rate_EOP : 0.3534125715424672
Bank_Lending_mo12m%_change : 0.28224396777154803
Broad_Money_mo12m%_change : 0.07372782735942496
Foreign_Exchange_Reserve_over_GDP : 0.5704524772348974
--------------------

