--------------------
id : 5373764880
explain variance ratio : 0.20248231279303686
Weight :
Term_Premium : -0.1312298919281958
Risk_Premium : -0.3777443432851909
Stock_Prices_mom24mma%_change : -0.47309673879238995
One-Day_Repo_Rate_AVG : -0.17758019470197944
Current_Account_Balance_over_GDP : -0.5849900558969624
Bank_Lending_mo12m%_change : -0.3318930610243477
Broad_Money_mo12m%_change : -0.10443603490173245
Portfolio_Flows : -0.34851028956650426
--------------------

