--------------------
id : 5382988011
explain variance ratio : 0.2048764934795052
Weight :
Term_Premium : -0.25710710535606596
Stock_Prices_mom24mma%_change : -0.4424287550371046
Stock_Market_Volatility : -0.4011190643488296
Current_Account_Balance_over_GDP : -0.7428331321480736
One-Day_Repo_Rate_AVG : -0.119151400089474
Velocity_of_Money_mo12m%_change : -0.10610424566181471
--------------------

