--------------------
id : 5397921266
explain variance ratio : 0.2792275915536452
Weight :
Risk_Premium : 0.2901088680794438
Stock_Prices_mom24mma%_change : 0.09811783936772361
One-Day_Repo_Rate_AVG : 0.47009497943935635
Velocity_of_Money_mo12m%_change : 0.3851729176710562
Foreign_Exchange_Reserve_over_GDP : 0.6956642783953906
Bank_Lending_mo12m%_change : 0.23002930209599887
--------------------

