--------------------
id : 5417040153
explain variance ratio : 0.23059254158728268
Weight :
Term_Premium : -0.03490656646989219
Risk_Premium : -0.34894734422283424
Stock_Prices_mom24mma%_change : -0.4071026896453706
Stock_Market_Volatility : -0.3227579150164667
Current_Account_Balance_over_GDP : -0.524817335881624
Foreign_Exchange_Reserve_change_yryr% : -0.30540434895514573
Bank_Lending_mo12m%_change : -0.31509793665101293
Portfolio_Flows : -0.37298826907895377
--------------------

