--------------------
id : 5424711838
explain variance ratio : 0.23646866488718643
Weight :
Risk_Premium : 0.5727769534422078
Stock_Prices_mom24mma%_change : 0.06713652202015297
Current_Account_Balance_change_yryr% : 0.06401287709437065
Velocity_of_Money_mo12m%_change : 0.4288691113225834
Foreign_Exchange_Reserve_over_GDP : 0.6593898247329812
Portfolio_Flows : 0.21118225534970497
--------------------

