--------------------
id : 5426162973
explain variance ratio : 0.25022095492712454
Weight :
Risk_Premium : -0.10370668706136155
Stock_Prices_mom%_change : -0.2884109628517272
Stock_Prices_mom24mma%_change : -0.6131347472278277
Stock_Market_Volatility : -0.07045551591273554
Current_Account_Balance_over_GDP : -0.16127915958869032
Foreign_Exchange_Reserve_over_GDP : -0.37013038277747623
Portfolio_Flows : -0.6017959571253358
--------------------

