--------------------
id : 5427204407
explain variance ratio : 0.23754844686217572
Weight :
Risk_Premium : -0.4096997173822902
Stock_Prices_mom24mma%_change : -0.4392334077117842
Current_Account_Balance_over_GDP : -0.6193330991316809
One-Day_Repo_Rate_AVG : -0.1288029774746956
Foreign_Exchange_Reserve_change_yryr% : -0.32143661338347324
Bank_Lending_mo12m%_change : -0.35921857101379007
Broad_Money_mo12m%_change : -0.08183509183558518
--------------------

