--------------------
id : 5428913850
explain variance ratio : 0.45479257642690174
Weight :
Term_Premium : 0.11423605391205964
Stock_Prices_mom%_change : 0.11945264527293509
Stock_Prices_mom24mma%_change : 0.3984853034270127
One-Day_Repo_Rate_AVG : 0.40261293718815816
Foreign_Exchange_Reserve_change_yryr% : 0.4804724174188496
Broad_Money_mo12m%_change : 0.4430530057995173
Foreign_Exchange_Reserve_over_GDP : 0.29041470376623646
Portfolio_Flows : 0.3745705077463714
--------------------

