--------------------
id : 5431455125
explain variance ratio : 0.27922759155364496
Weight :
Risk_Premium : 0.29010886807944286
Stock_Prices_mom24mma%_change : 0.09811783936772264
One-Day_Repo_Rate_AVG : 0.4700949794393563
Bank_Lending_mo12m%_change : 0.23002930209599848
Velocity_of_Money_mo12m%_change : 0.38517291767105627
Foreign_Exchange_Reserve_over_GDP : 0.6956642783953904
--------------------

