--------------------
id : 5461339500
explain variance ratio : 0.37718226175276487
Weight :
Term_Premium : 0.14071226221901922
Stock_Prices_mom%_change : 0.1257084018480642
Stock_Prices_mom24mma%_change : 0.4151793244358748
One-Day_Repo_Rate_EOP : 0.4725764902986681
Current_Account_Balance_over_GDP : 0.003884064478983963
Foreign_Exchange_Reserve_change_yryr% : 0.5040033116734239
Foreign_Exchange_Reserve_over_GDP : 0.3718143718648095
Portfolio_Flows : 0.420017493783409
--------------------

