--------------------
id : 5485769856
explain variance ratio : 0.20075596150835967
Weight :
Risk_Premium : 0.16134671542764165
Stock_Market_Volatility : 0.10555497959709434
Current_Account_Balance_over_GDP : 0.49112843100586523
One-Day_Repo_Rate_AVG : 0.4663338437582394
Policy_Rate_&_Fed_Funds_Rate_Differential_AVG : 0.4280191299710734
Velocity_of_Money_mo12m%_change : 0.3100576117420025
Bank_Lending_mo12m%_change : 0.355233203818452
Portfolio_Flows : 0.3140450076197374
--------------------

