--------------------
id : 5491982386
explain variance ratio : 0.20328919088428613
Weight :
Term_Premium : -0.17383920146788956
Risk_Premium : -0.3453054379919222
Stock_Prices_mom%_change : -0.22271647315248952
Stock_Prices_mom24mma%_change : -0.500758417618973
Current_Account_Balance_over_GDP : -0.5540212237394513
Policy_Rate_&_Fed_Funds_Rate_Differential_EOP : -0.1669745309535531
Bank_Lending_mo12m%_change : -0.30652113375113527
Portfolio_Flows : -0.34843543235364455
--------------------

