--------------------
id : 5493055021
explain variance ratio : 0.24926276416022786
Weight :
Risk_Premium : -0.4398041878297833
Stock_Prices_mom24mma%_change : -0.39094959013931047
Current_Account_Balance_over_GDP : -0.6001815386534733
Foreign_Exchange_Reserve_change_yryr% : -0.2674682631653163
Bank_Lending_mo12m%_change : -0.3872137183500208
Broad_Money_mo12m%_change : -0.03139322539622503
Portfolio_Flows : -0.26655870819941524
--------------------

