--------------------
id : 5504421860
explain variance ratio : 0.20263927718758837
Weight :
Term_Premium : 0.1568194714332181
Risk_Premium : 0.3500590257965035
Stock_Prices_mom%_change : 0.13180519814474348
Current_Account_Balance_over_GDP : 0.4921071853528487
Bank_Lending_mo12m%_change : 0.18198657033659224
Foreign_Exchange_Reserve_change_yryr% : 0.5127873887621848
Portfolio_Flows : 0.545210254716027
--------------------

