--------------------
id : 5512437660
explain variance ratio : 0.2277309729952322
Weight :
Term_Premium : 0.172918771131503
Risk_Premium : 0.33715664029107734
Stock_Market_Volatility : 0.03490630000627894
Current_Account_Balance_over_GDP : 0.442549335644886
One-Day_Repo_Rate_AVG : 0.3707458398955523
Foreign_Exchange_Reserve_over_GDP : 0.5923809318701345
Bank_Lending_mo12m%_change : 0.3002501778854847
Portfolio_Flows : 0.2843208023952742
--------------------

