--------------------
id : 5522956902
explain variance ratio : 0.22931125657056942
Weight :
Risk_Premium : -0.3834811965619607
Stock_Prices_mom24mma%_change : -0.4887896552928287
One-Day_Repo_Rate_EOP : -0.15780790053302413
Current_Account_Balance_over_GDP : -0.5772482775918958
Portfolio_Flows : -0.3711662462004948
Bank_Lending_mo12m%_change : -0.3222859506018352
Broad_Money_mo12m%_change : -0.11947937493466518
--------------------

