--------------------
id : 5550810927
explain variance ratio : 0.23616513536684042
Weight :
Term_Premium : -0.18982103468554748
Stock_Prices_mom24mma%_change : -0.2126597643853544
Stock_Market_Volatility : -0.11424949630113286
Current_Account_Balance_over_GDP : -0.634618387817184
One-Day_Repo_Rate_AVG : -0.2817247390176485
Foreign_Exchange_Reserve_over_GDP : -0.4559125729643833
Bank_Lending_mo12m%_change : -0.46446232471553817
--------------------

