--------------------
id : 5559548293
explain variance ratio : 0.3430508779015425
Weight :
Risk_Premium : -0.5637924844252037
Stock_Market_Volatility : -0.17348809803638265
Current_Account_Balance_over_GDP : -0.557721124114683
Velocity_of_Money_mo12m%_change : -0.4842906832500489
Foreign_Exchange_Reserve_over_GDP : -0.3262661431696983
--------------------

