--------------------
id : 5565454847
explain variance ratio : 0.25982572420694133
Weight :
Risk_Premium : -0.3726268676802686
Stock_Prices_mom24mma%_change : -0.44059017127442174
Stock_Market_Volatility : -0.019744941053481724
Current_Account_Balance_over_GDP : -0.4667564164756469
Foreign_Exchange_Reserve_change_yryr% : -0.42990968787053646
Foreign_Exchange_Reserve_over_GDP : -0.4720725274544841
Bank_Lending_mo12m%_change : -0.20273946961203052
--------------------

