--------------------
id : 5573868408
explain variance ratio : 0.2153265622735198
Weight :
Risk_Premium : -0.5339743883712018
Stock_Prices_mom%_change : -0.012802573649760007
Stock_Prices_mom24mma%_change : -0.397483244422947
Stock_Market_Volatility : -0.030288109670909405
Current_Account_Balance_over_GDP : -0.5467042627731453
Broad_Money_mo12m%_change : -0.08675691362465593
Foreign_Exchange_Reserve_over_GDP : -0.4993844555961966
--------------------

