--------------------
id : 5592047765
explain variance ratio : 0.21236081575350899
Weight :
Term_Premium : -0.10375050599438769
Risk_Premium : -0.5077476722813703
Stock_Prices_mom24mma%_change : -0.01788138444876973
Stock_Market_Volatility : -0.03612830834793024
Current_Account_Balance_over_GDP : -0.5070548703795447
One-Day_Repo_Rate_EOP : -0.12135687818268806
Velocity_of_Money_mo12m%_change : -0.4628659916699376
Foreign_Exchange_Reserve_over_GDP : -0.4936862115984315
--------------------

