--------------------
id : 5593719739
explain variance ratio : 0.2226185848321647
Weight :
Risk_Premium : 0.4159821367146054
Stock_Prices_mom%_change : 0.05232531015163994
Stock_Prices_mom24mma%_change : 0.41482356592318975
Current_Account_Balance_over_GDP : 0.4876462741823161
Bank_Lending_mo12m%_change : 0.26955207821095734
Broad_Money_mo12m%_change : 0.11953992412872755
Foreign_Exchange_Reserve_over_GDP : 0.44086852987819636
Portfolio_Flows : 0.3647331453504735
--------------------

