--------------------
id : 5597002987
explain variance ratio : 0.2119470011737386
Weight :
Risk_Premium : -0.5296762613690335
Stock_Prices_mom24mma%_change : -0.0435080504843961
Stock_Market_Volatility : -0.0961888264434101
Current_Account_Balance_over_GDP : -0.5271239179481082
One-Day_Repo_Rate_EOP : -0.09383016171532099
Velocity_of_Money_mo12m%_change : -0.4405279927983904
Foreign_Exchange_Reserve_over_GDP : -0.47128979923578557
Portfolio_Flows : -0.07385868892309193
--------------------

