--------------------
id : 5601252442
explain variance ratio : 0.20682693432386606
Weight :
Term_Premium : -0.13661130237432972
Risk_Premium : -0.22641968806515705
Stock_Prices_mom24mma%_change : -0.519655819123111
Stock_Market_Volatility : -0.28333220855577484
One-Day_Repo_Rate_AVG : -0.2601074516119171
Current_Account_Balance_over_GDP : -0.4582461464282201
Bank_Lending_mo12m%_change : -0.1976561840973191
Portfolio_Flows : -0.5128730661227876
--------------------

