--------------------
id : 5629017407
explain variance ratio : 0.21754160570924938
Weight :
Term_Premium : 0.21268437929376569
Stock_Prices_mom%_change : 0.11261152732962032
Current_Account_Balance_over_GDP : 0.663175436238924
Foreign_Exchange_Reserve_change_yryr% : 0.42172186171043646
Bank_Lending_mo12m%_change : 0.33812128212144466
Portfolio_Flows : 0.45837431147291013
--------------------

