--------------------
id : 5633942738
explain variance ratio : 0.2496802390304178
Weight :
Risk_Premium : -0.4316966756542181
Stock_Prices_mom%_change : -0.08322262192196711
Stock_Prices_mom24mma%_change : -0.4061000382175454
Current_Account_Balance_over_GDP : -0.5932288605384894
Bank_Lending_mo12m%_change : -0.37829339503706766
Foreign_Exchange_Reserve_change_yryr% : -0.26854678134951493
Portfolio_Flows : -0.2732233279051939
--------------------

