--------------------
id : 5638824052
explain variance ratio : 0.2097837265824084
Weight :
Term_Premium : -0.14429770741805695
Risk_Premium : -0.32163976688809215
Stock_Prices_mom24mma%_change : -0.4900627210305853
Stock_Market_Volatility : -0.16592030612747855
Current_Account_Balance_over_GDP : -0.5760721113896418
One-Day_Repo_Rate_EOP : -0.20160116672548306
Bank_Lending_mo12m%_change : -0.28841584099387085
Foreign_Exchange_Reserve_change_yryr% : -0.39031936690168456
--------------------

