--------------------
id : 5651200063
explain variance ratio : 0.20449218737238314
Weight :
Risk_Premium : -0.31987306845203645
Stock_Market_Volatility : -0.3831884303958229
One-Day_Repo_Rate_EOP : -0.16477606054606858
Current_Account_Balance_over_GDP : -0.5234654904528103
Foreign_Exchange_Reserve_change_yryr% : -0.3582580861632985
Portfolio_Flows : -0.46341641093736635
Bank_Lending_mo12m%_change : -0.3080163360496404
Broad_Money_mo12m%_change : -0.10817988521383415
--------------------

