--------------------
id : 5658359347
explain variance ratio : 0.23403201928934642
Weight :
Term_Premium : -0.38177285678265527
Stock_Prices_mom%_change : -0.16529107067475463
Stock_Prices_mom24mma%_change : -0.2516467113779998
Current_Account_Balance_over_GDP : -0.7775610152755703
Velocity_of_Money_mo12m%_change : -0.3987494801946031
--------------------

