--------------------
id : 5664599619
explain variance ratio : 0.23433692769439543
Weight :
Term_Premium : -0.11813444090107565
Stock_Prices_mom24mma%_change : -0.1373643558955547
One-Day_Repo_Rate_EOP : -0.11975540830319417
Current_Account_Balance_over_GDP : -0.7050196871298464
Foreign_Exchange_Reserve_change_yryr% : -0.06879966528057553
Foreign_Exchange_Reserve_over_GDP : -0.3516624541031217
Bank_Lending_mo12m%_change : -0.5721724346517494
--------------------

