--------------------
id : 5670112042
explain variance ratio : 0.21623768030910553
Weight :
Term_Premium : -0.2480773631587209
Stock_Market_Volatility : -0.44852727030214323
One-Day_Repo_Rate_AVG : -0.17409367395969572
Foreign_Exchange_Reserve_over_GDP : -0.4793358763049001
Bank_Lending_mo12m%_change : -0.6908034597899408
--------------------

