--------------------
id : 5673783071
explain variance ratio : 0.4547925764269014
Weight :
Term_Premium : 0.11423605391205958
Stock_Prices_mom%_change : 0.11945264527293498
Stock_Prices_mom24mma%_change : 0.39848530342701277
One-Day_Repo_Rate_AVG : 0.40261293718815827
Foreign_Exchange_Reserve_change_yryr% : 0.48047241741884966
Foreign_Exchange_Reserve_over_GDP : 0.29041470376623646
Broad_Money_mo12m%_change : 0.44305300579951734
Portfolio_Flows : 0.37457050774637146
--------------------

