--------------------
id : 5682888768
explain variance ratio : 0.2693104505076386
Weight :
Risk_Premium : -0.3464768403648924
Stock_Prices_mom%_change : -0.22097753776199852
Stock_Prices_mom24mma%_change : -0.5737807357525283
Current_Account_Balance_over_GDP : -0.5323004430482602
Bank_Lending_mo12m%_change : -0.22030490003469955
Foreign_Exchange_Reserve_change_yryr% : -0.41233528047696766
--------------------

