--------------------
id : 5690179766
explain variance ratio : 0.2380831124484555
Weight :
Risk_Premium : 0.3765744417823337
Stock_Prices_mom24mma%_change : 0.3009001303800647
Stock_Market_Volatility : 0.15530309956948823
Current_Account_Balance_over_GDP : 0.5038588144521611
One-Day_Repo_Rate_EOP : 0.24201624426210738
Bank_Lending_mo12m%_change : 0.34049672548817916
Foreign_Exchange_Reserve_over_GDP : 0.4599187627392506
Portfolio_Flows : 0.321905099092954
--------------------

