--------------------
id : 5724894054
explain variance ratio : 0.24497118257165074
Weight :
Risk_Premium : -0.6122581662182428
Stock_Market_Volatility : -0.19121479017548065
One-Day_Repo_Rate_AVG : -0.13868111657482707
Foreign_Exchange_Reserve_over_GDP : -0.5447062403058216
Bank_Lending_mo12m%_change : -0.45956331411181783
Portfolio_Flows : -0.24787307622498986
--------------------

