--------------------
id : 5727116103
explain variance ratio : 0.20151388060733072
Weight :
Term_Premium : 0.17982682212539386
Risk_Premium : 0.559492469423388
Stock_Prices_mom24mma%_change : 0.06386507600531047
Current_Account_Balance_change_yryr% : 0.05838714138221246
Foreign_Exchange_Reserve_change_yryr% : 0.10943729482415863
Velocity_of_Money_mo12m%_change : 0.4207932086432693
Foreign_Exchange_Reserve_over_GDP : 0.6768302878507447
--------------------

