--------------------
id : 5739415831
explain variance ratio : 0.22646031896422977
Weight :
Term_Premium : -0.5032797571041815
Stock_Prices_mom%_change : -0.4178790237196503
Stock_Market_Volatility : -0.41636799561070625
Current_Account_Balance_over_GDP : -0.5817272939038002
Foreign_Exchange_Reserve_change_yryr% : -0.2455965296634987
--------------------

