--------------------
id : 5763779375
explain variance ratio : 0.2419210310654827
Weight :
Risk_Premium : -0.508615627751127
Stock_Market_Volatility : -0.06197751840939936
One-Day_Repo_Rate_EOP : -0.13567986503380475
Current_Account_Balance_over_GDP : -0.5020088495708465
Foreign_Exchange_Reserve_over_GDP : -0.5086509413746789
Portfolio_Flows : -0.07662668302970527
Velocity_of_Money_mo12m%_change : -0.4499439863834409
--------------------

