--------------------
id : 5774528748
explain variance ratio : 0.2261625131214649
Weight :
Risk_Premium : -0.42835171103843456
Stock_Prices_mom24mma%_change : -0.5762141963776868
Stock_Market_Volatility : -0.25818178551633403
Current_Account_Balance_over_GDP : -0.6165035436846658
One-Day_Repo_Rate_EOP : -0.07264695604658425
Broad_Money_mo12m%_change : -0.18022202299462473
--------------------

