--------------------
id : 5776480663
explain variance ratio : 0.21725075526530346
Weight :
Term_Premium : -0.12255736400513624
Risk_Premium : -0.14453703304767634
Stock_Market_Volatility : -0.5321638913269053
Current_Account_Balance_over_GDP : -0.3670122511112015
One-Day_Repo_Rate_AVG : -0.2707458378642026
Portfolio_Flows : -0.6876692738425874
--------------------

