--------------------
id : 5780648156
explain variance ratio : 0.22689993054022334
Weight :
Term_Premium : -0.7228680267358987
Stock_Prices_mom%_change : -0.17009378446760465
One-Day_Repo_Rate_AVG : -0.4416735849169278
Velocity_of_Money_mo12m%_change : -0.45220620889557
Bank_Lending_mo12m%_change : -0.2212779009105133
--------------------

