--------------------
id : 5780420652
explain variance ratio : 0.2032172006072793
Weight :
Term_Premium : -0.11400386496764424
Risk_Premium : -0.5652340053646394
Stock_Prices_mom%_change : -0.1341724298352842
Stock_Prices_mom24mma%_change : -0.3860423924254881
Current_Account_Balance_over_GDP : -0.6519547374876034
Velocity_of_Money_mo12m%_change : -0.17992201784453746
Portfolio_Flows : -0.2075229048481328
--------------------

