--------------------
id : 5813644507
explain variance ratio : 0.21422879585672308
Weight :
Risk_Premium : -0.2299444352503441
Stock_Prices_mom%_change : -0.6475074369126849
Current_Account_Balance_over_GDP : -0.27065535968404353
Bank_Lending_mo12m%_change : -0.025979817949828843
Portfolio_Flows : -0.6737435722689765
--------------------

