--------------------
id : 5822581028
explain variance ratio : 0.22523095098270723
Weight :
Term_Premium : -0.7312810655318169
Stock_Prices_mom%_change : -0.6384959235386043
Stock_Market_Volatility : -0.023569558501150556
Current_Account_Balance_over_GDP : -0.23011544702413803
Bank_Lending_mo12m%_change : -0.06357920864698657
--------------------

