--------------------
id : 5824364574
explain variance ratio : 0.24430668687261758
Weight :
Risk_Premium : -0.6050940993449468
Stock_Market_Volatility : -0.2030080929106754
One-Day_Repo_Rate_EOP : -0.1365566753679784
Bank_Lending_mo12m%_change : -0.4501931806591214
Foreign_Exchange_Reserve_over_GDP : -0.5476161712997025
Portfolio_Flows : -0.2672896342588337
--------------------

