--------------------
id : 5824427711
explain variance ratio : 0.402323720925717
Weight :
Term_Premium : 0.19254406564168935
Stock_Prices_mom%_change : 0.10268366900930537
One-Day_Repo_Rate_AVG : 0.5639554896459124
Broad_Money_mo12m%_change : 0.46445198471436727
Foreign_Exchange_Reserve_over_GDP : 0.4590102960362622
Portfolio_Flows : 0.4559944677633538
--------------------

