--------------------
id : 5839935292
explain variance ratio : 0.2120651584155213
Weight :
Risk_Premium : -0.6315977849278113
Stock_Market_Volatility : -0.2735855435826469
One-Day_Repo_Rate_AVG : -0.057001996203071004
Foreign_Exchange_Reserve_change_yryr% : -0.0930880305749984
Foreign_Exchange_Reserve_over_GDP : -0.4639706708432177
Bank_Lending_mo12m%_change : -0.48629582251122383
Portfolio_Flows : -0.2501363008738027
--------------------

