--------------------
id : 5852283236
explain variance ratio : 0.20312503965945897
Weight :
Risk_Premium : -0.5341138832686168
Stock_Prices_mom24mma%_change : -0.7862527668584786
Stock_Market_Volatility : -0.16708050409516856
One-Day_Repo_Rate_EOP : -0.20344169051300964
Bank_Lending_mo12m%_change : -0.1649985758108803
--------------------

