--------------------
id : 5877543459
explain variance ratio : 0.24902073587153054
Weight :
Risk_Premium : -0.4153825335630027
Stock_Prices_mom24mma%_change : -0.4276867302826707
Current_Account_Balance_over_GDP : -0.5754069239471551
Foreign_Exchange_Reserve_change_yryr% : -0.30978839922149687
Velocity_of_Money_mo12m%_change : -0.028564329024524843
Bank_Lending_mo12m%_change : -0.34633666141787456
Portfolio_Flows : -0.31098943261412265
--------------------

