--------------------
id : 5880874852
explain variance ratio : 0.2183958019266779
Weight :
Term_Premium : -0.05512034379852602
Risk_Premium : -0.43827822878192
Stock_Prices_mom24mma%_change : -0.38899417883749987
Current_Account_Balance_over_GDP : -0.6025240153364129
Bank_Lending_mo12m%_change : -0.38912684521787655
Foreign_Exchange_Reserve_change_yryr% : -0.2642918179384671
Broad_Money_mo12m%_change : -0.028797008785229325
Portfolio_Flows : -0.26157818570233776
--------------------

