--------------------
id : 5890636599
explain variance ratio : 0.24558514060660566
Weight :
Risk_Premium : 0.30663345628404504
Stock_Prices_mom24mma%_change : 0.27019701101878413
Current_Account_Balance_over_GDP : 0.41126776604892484
One-Day_Repo_Rate_EOP : 0.3654141299550436
Velocity_of_Money_mo12m%_change : 0.2226713864901273
Foreign_Exchange_Reserve_over_GDP : 0.5616294078052207
Bank_Lending_mo12m%_change : 0.2677071822589965
Portfolio_Flows : 0.3059796781748925
--------------------

