--------------------
id : 5903679229
explain variance ratio : 0.24744545371073592
Weight :
Term_Premium : -0.05697679187823317
Stock_Prices_mom24mma%_change : -0.3147409365752864
Stock_Market_Volatility : -0.5762643521175262
Current_Account_Balance_over_GDP : -0.7506286683598743
Foreign_Exchange_Reserve_over_GDP : -0.046559496838188524
--------------------

