--------------------
id : 5906611822
explain variance ratio : 0.23389529054234484
Weight :
Term_Premium : -0.3645488621213646
Risk_Premium : -0.15893566348760457
Stock_Prices_mom%_change : -0.558703470631549
Stock_Prices_mom24mma%_change : -0.6380776813022312
Current_Account_Balance_over_GDP : -0.3475792805848261
Bank_Lending_mo12m%_change : -0.04170767596184122
--------------------

