--------------------
id : 5924015286
explain variance ratio : 0.2086495795916594
Weight :
Risk_Premium : -0.4745000237826698
Stock_Market_Volatility : -0.31010996817093195
Current_Account_Balance_over_GDP : -0.6683676266927157
One-Day_Repo_Rate_EOP : -0.13579003881890778
Foreign_Exchange_Reserve_change_yryr% : -0.43605174463360474
Broad_Money_mo12m%_change : -0.15292544595313498
--------------------

