--------------------
id : 5924558025
explain variance ratio : 0.2001198130385081
Weight :
Term_Premium : -0.029728562273338373
Risk_Premium : -0.3143603520111357
Stock_Market_Volatility : -0.4084193140948749
Current_Account_Balance_over_GDP : -0.4764394535677424
Foreign_Exchange_Reserve_change_yryr% : -0.39804282630618065
Bank_Lending_mo12m%_change : -0.24250732171834605
Broad_Money_mo12m%_change : -0.17258150140111067
Portfolio_Flows : -0.5093727764027622
--------------------

