--------------------
id : 5929152065
explain variance ratio : 0.2376432793913078
Weight :
Term_Premium : -0.13344261299287333
Risk_Premium : -0.507422948065173
Stock_Prices_mom24mma%_change : -0.2425235423753256
Current_Account_Balance_over_GDP : -0.5015012910636212
Foreign_Exchange_Reserve_over_GDP : -0.5306450049265671
Portfolio_Flows : -0.23439820584272936
Velocity_of_Money_mo12m%_change : -0.2790468905290318
--------------------

