--------------------
id : 5936036559
explain variance ratio : 0.20527404868186683
Weight :
Risk_Premium : -0.4563470584065153
Stock_Prices_mom%_change : -0.06626410014697368
Stock_Market_Volatility : -0.3099348800810604
Current_Account_Balance_over_GDP : -0.6132451478179506
Foreign_Exchange_Reserve_change_yryr% : -0.5029200367014054
Broad_Money_mo12m%_change : -0.24959692864009514
--------------------

