--------------------
id : 5964294990
explain variance ratio : 0.23358092554857285
Weight :
Term_Premium : -0.16742003520388796
Risk_Premium : -0.34833877575408023
Stock_Prices_mom%_change : -0.22620581007720172
Stock_Prices_mom24mma%_change : -0.5472635728849545
Current_Account_Balance_over_GDP : -0.5438371193449739
Bank_Lending_mo12m%_change : -0.24241125434777072
Foreign_Exchange_Reserve_change_yryr% : -0.38136873729645115
--------------------

