--------------------
id : 5997512470
explain variance ratio : 0.2830850442855898
Weight :
Term_Premium : -0.20629014753950892
Stock_Prices_mom%_change : -0.4480279158869329
Stock_Prices_mom24mma%_change : -0.6438445643194048
Stock_Market_Volatility : -0.11836945514725017
Current_Account_Balance_over_GDP : -0.07554195498605436
Portfolio_Flows : -0.5678570451579549
--------------------

