--------------------
id : 5999592748
explain variance ratio : 0.3154011198863512
Weight :
Risk_Premium : -0.31953724391590466
Stock_Prices_mom24mma%_change : -0.6074555710197981
Current_Account_Balance_over_GDP : -0.5063850944959535
Bank_Lending_mo12m%_change : -0.15953953749964028
Foreign_Exchange_Reserve_change_yryr% : -0.4970059869200407
--------------------

