--------------------
id : 6029411484
explain variance ratio : 0.2749251415815147
Weight :
Term_Premium : 0.3595115094727577
Stock_Prices_mom%_change : 0.10224405852513385
Current_Account_Balance_over_GDP : 0.12741832554917912
Foreign_Exchange_Reserve_over_GDP : 0.6762569329033604
Portfolio_Flows : 0.6218832350749713
--------------------

