--------------------
id : 6046892388
explain variance ratio : 0.22052969407038772
Weight :
Term_Premium : 0.19343215533093577
Risk_Premium : 0.32668861418716055
Stock_Market_Volatility : 0.05821092864604318
Policy_Rate_&_Fed_Funds_Rate_Differential_EOP : 0.34810782598027107
Current_Account_Balance_over_GDP : 0.42918334303657896
Foreign_Exchange_Reserve_over_GDP : 0.6005553576624224
Bank_Lending_mo12m%_change : 0.27365961059829447
Portfolio_Flows : 0.33397053446681757
--------------------

