--------------------
id : 6068030853
explain variance ratio : 0.21171905932466545
Weight :
Risk_Premium : -0.5198079088620963
Stock_Prices_mom%_change : -0.08241221181050479
Stock_Prices_mom24mma%_change : -0.36992346964431516
Stock_Market_Volatility : -0.324740568926114
Current_Account_Balance_over_GDP : -0.6598556524592746
Foreign_Exchange_Reserve_change_yryr% : -0.19135747872022646
Velocity_of_Money_mo12m%_change : -0.09317181968896096
--------------------

