--------------------
id : 6072686377
explain variance ratio : 0.45257095691215227
Weight :
Term_Premium : 0.130768161875354
Stock_Prices_mom%_change : 0.08947283585753385
One-Day_Repo_Rate_EOP : 0.4690735360683425
Foreign_Exchange_Reserve_change_yryr% : 0.5071193172275693
Broad_Money_mo12m%_change : 0.4560756182532494
Foreign_Exchange_Reserve_over_GDP : 0.3571417785797901
Portfolio_Flows : 0.4026649919798329
--------------------

