--------------------
id : 6078767428
explain variance ratio : 0.23346672250380468
Weight :
Term_Premium : -0.14500935879301105
Stock_Prices_mom24mma%_change : -0.45812422500128375
Stock_Market_Volatility : -0.2736649878523945
Current_Account_Balance_over_GDP : -0.4966953996991008
Foreign_Exchange_Reserve_over_GDP : -0.38008759863984687
Bank_Lending_mo12m%_change : -0.24687079836244225
Portfolio_Flows : -0.4920201834752283
--------------------

