--------------------
id : 6090245356
explain variance ratio : 0.20663476390124927
Weight :
Term_Premium : 0.1158615653033401
Risk_Premium : 0.6321511740403086
Stock_Prices_mom24mma%_change : 0.049897897675767494
Stock_Market_Volatility : 0.022374295791026358
One-Day_Repo_Rate_AVG : 0.16066416768624509
Foreign_Exchange_Reserve_over_GDP : 0.5840861068431572
Bank_Lending_mo12m%_change : 0.465833689802278
--------------------

