--------------------
id : 6101946823
explain variance ratio : 0.2729424313382652
Weight :
Risk_Premium : -0.4478592420906173
Stock_Prices_mom24mma%_change : -0.22220931285584777
Current_Account_Balance_over_GDP : -0.5681429846054453
One-Day_Repo_Rate_AVG : -0.16504456748625707
Foreign_Exchange_Reserve_change_yryr% : -0.18927862016261904
Foreign_Exchange_Reserve_over_GDP : -0.4291417721885268
Bank_Lending_mo12m%_change : -0.42429930904170304
--------------------

