--------------------
id : 6101985831
explain variance ratio : 0.25991444497457794
Weight :
Risk_Premium : -0.38681379111566816
Stock_Prices_mom%_change : -0.03347328206539607
Stock_Prices_mom24mma%_change : -0.43004327387166946
Current_Account_Balance_over_GDP : -0.4815136899146808
Bank_Lending_mo12m%_change : -0.22530436704271828
Foreign_Exchange_Reserve_change_yryr% : -0.408009233498869
Foreign_Exchange_Reserve_over_GDP : -0.4639271354255153
--------------------

