--------------------
id : 6113363317
explain variance ratio : 0.22286251521263092
Weight :
Term_Premium : -0.13105290833455113
Stock_Market_Volatility : -0.002140469734929873
Current_Account_Balance_change_yryr% : -0.02325089354589723
One-Day_Repo_Rate_EOP : -0.22784676777044682
Bank_Lending_mo12m%_change : -0.5046090665474302
Velocity_of_Money_mo12m%_change : -0.6523908913032868
Foreign_Exchange_Reserve_over_GDP : -0.5001216000883006
--------------------

