--------------------
id : 6115335853
explain variance ratio : 0.21896974302909383
Weight :
Term_Premium : -0.21086703182777783
Stock_Prices_mom24mma%_change : -0.39424780113133895
One-Day_Repo_Rate_AVG : -0.2650573306218959
Current_Account_Balance_over_GDP : -0.676595068507992
Foreign_Exchange_Reserve_change_yryr% : -0.2707307997715215
Bank_Lending_mo12m%_change : -0.4157108476664446
Velocity_of_Money_mo12m%_change : -0.16111119183044567
--------------------

