--------------------
id : 6132487420
explain variance ratio : 0.2026529062848815
Weight :
Term_Premium : 0.24647158475458744
Stock_Market_Volatility : 0.10259297672319961
One-Day_Repo_Rate_AVG : 0.4107085539873605
Current_Account_Balance_over_GDP : 0.5215725315849391
Policy_Rate_&_Fed_Funds_Rate_Differential_AVG : 0.3709868951160884
Bank_Lending_mo12m%_change : 0.41461368059405246
Velocity_of_Money_mo12m%_change : 0.3753620585758865
Portfolio_Flows : 0.19384158870421336
--------------------

