--------------------
id : 6145508824
explain variance ratio : 0.26220519684334387
Weight :
Risk_Premium : 0.3086420153695349
Stock_Prices_mom24mma%_change : 0.539025687865607
One-Day_Repo_Rate_AVG : 0.26874295056368147
Current_Account_Balance_over_GDP : 0.5256336338874976
Bank_Lending_mo12m%_change : 0.24783070599339346
Portfolio_Flows : 0.45194896258870715
--------------------

