--------------------
id : 6146097453
explain variance ratio : 0.22533448968004863
Weight :
Term_Premium : -0.17063385113046875
Stock_Prices_mom24mma%_change : -0.35739685914362307
Current_Account_Balance_over_GDP : -0.6339744027662251
Foreign_Exchange_Reserve_over_GDP : -0.43080180699982507
Bank_Lending_mo12m%_change : -0.4057861123451914
Broad_Money_mo12m%_change : -0.012247805446598481
Portfolio_Flows : -0.3013726197501505
--------------------

