--------------------
id : 6167341437
explain variance ratio : 0.22348593691712496
Weight :
Term_Premium : -0.14168550858583287
Stock_Prices_mom24mma%_change : -0.42561091702955417
Stock_Market_Volatility : -0.27500013707010246
One-Day_Repo_Rate_AVG : -0.17059468273775563
Current_Account_Balance_over_GDP : -0.6683525783029535
Foreign_Exchange_Reserve_change_yryr% : -0.30308768660591867
Bank_Lending_mo12m%_change : -0.3943293396372275
--------------------

