--------------------
id : 6198051353
explain variance ratio : 0.20138077758502343
Weight :
Risk_Premium : -0.16962644937246013
Stock_Prices_mom%_change : -0.45469846647839096
Stock_Prices_mom24mma%_change : -0.6789150900987648
Stock_Market_Volatility : -0.07864097998602641
Current_Account_Balance_over_GDP : -0.44959322538997726
One-Day_Repo_Rate_EOP : -0.2866667476667051
Bank_Lending_mo12m%_change : -0.11425487483756058
--------------------

