--------------------
id : 6212272911
explain variance ratio : 0.2436249511281047
Weight :
Risk_Premium : 0.3863149109757234
Stock_Prices_mom24mma%_change : 0.045663193989383566
One-Day_Repo_Rate_AVG : 0.35409359506130333
Bank_Lending_mo12m%_change : 0.3359989675897117
Foreign_Exchange_Reserve_change_yryr% : 0.09976871122838982
Velocity_of_Money_mo12m%_change : 0.4350312797240684
Foreign_Exchange_Reserve_over_GDP : 0.6412425998864877
--------------------

