--------------------
id : 6213992823
explain variance ratio : 0.2276967077942497
Weight :
Term_Premium : 0.31954960868743093
Stock_Market_Volatility : 0.051799061172331795
Current_Account_Balance_over_GDP : 0.2775260423597738
Foreign_Exchange_Reserve_over_GDP : 0.690323546232122
Bank_Lending_mo12m%_change : 0.04644884844793992
Portfolio_Flows : 0.5826492140704072
--------------------

