--------------------
id : 6248993273
explain variance ratio : 0.2427554413347229
Weight :
Risk_Premium : -0.49743112095782843
Stock_Market_Volatility : -0.0123993527413514
One-Day_Repo_Rate_AVG : -0.1640906526706412
Current_Account_Balance_over_GDP : -0.489930788020442
Current_Account_Balance_change_yryr% : -0.004662139284788831
Velocity_of_Money_mo12m%_change : -0.4688900642920728
Foreign_Exchange_Reserve_over_GDP : -0.5153358018568959
--------------------

