--------------------
id : 6270418018
explain variance ratio : 0.20248231279303688
Weight :
Term_Premium : -0.1312298919281965
Risk_Premium : -0.3777443432851905
Stock_Prices_mom24mma%_change : -0.4730967387923899
One-Day_Repo_Rate_AVG : -0.17758019470197964
Current_Account_Balance_over_GDP : -0.5849900558969634
Portfolio_Flows : -0.3485102895665037
Bank_Lending_mo12m%_change : -0.33189306102434873
Broad_Money_mo12m%_change : -0.10443603490173187
--------------------

