--------------------
id : 6272773365
explain variance ratio : 0.23764327939130794
Weight :
Term_Premium : -0.13344261299287438
Risk_Premium : -0.5074229480651731
Stock_Prices_mom24mma%_change : -0.2425235423753256
Current_Account_Balance_over_GDP : -0.5015012910636198
Velocity_of_Money_mo12m%_change : -0.27904689052903103
Foreign_Exchange_Reserve_over_GDP : -0.5306450049265679
Portfolio_Flows : -0.23439820584272916
--------------------

