--------------------
id : 6272987598
explain variance ratio : 0.20092756592121228
Weight :
Risk_Premium : -0.273873776109384
Stock_Prices_mom%_change : -0.03294686306405717
Stock_Market_Volatility : -0.35475884228963633
Current_Account_Balance_over_GDP : -0.49104782652767964
One-Day_Repo_Rate_AVG : -0.23897132503676355
Foreign_Exchange_Reserve_change_yryr% : -0.40870055267464545
Bank_Lending_mo12m%_change : -0.2583922695767073
Portfolio_Flows : -0.5157672478261824
--------------------

