--------------------
id : 6278484180
explain variance ratio : 0.23933088367940136
Weight :
Risk_Premium : -0.29348811664780183
Stock_Prices_mom24mma%_change : -0.5068845874602015
Stock_Market_Volatility : -0.3549840852802564
Current_Account_Balance_over_GDP : -0.4591705655647669
Bank_Lending_mo12m%_change : -0.2134314921924907
Broad_Money_mo12m%_change : -0.20111360570908468
Portfolio_Flows : -0.4838199531206585
--------------------

