--------------------
id : 6285166311
explain variance ratio : 0.20727335598702934
Weight :
Term_Premium : -0.30392860710318587
Risk_Premium : -0.4123344276676624
Stock_Market_Volatility : -0.20411098166327518
Current_Account_Balance_over_GDP : -0.6741225546423544
One-Day_Repo_Rate_EOP : -0.2510189344001684
Foreign_Exchange_Reserve_change_yryr% : -0.422486336588324
--------------------

