--------------------
id : 6287323318
explain variance ratio : 0.2005852452371972
Weight :
Risk_Premium : -0.6258114823625474
Stock_Prices_mom%_change : -0.3013460050476437
One-Day_Repo_Rate_EOP : -0.1509550266098519
Bank_Lending_mo12m%_change : -0.2525774030146013
Portfolio_Flows : -0.6564813852750402
--------------------

