--------------------
id : 6294975131
explain variance ratio : 0.23269727078400482
Weight :
Risk_Premium : 0.5870258057580691
Stock_Prices_mom24mma%_change : 0.08774742176915895
Current_Account_Balance_change_yryr% : 0.0619741856902268
Foreign_Exchange_Reserve_change_yryr% : 0.13834250799941109
Foreign_Exchange_Reserve_over_GDP : 0.6823078175752434
Velocity_of_Money_mo12m%_change : 0.3989707836560583
--------------------

