--------------------
id : 6302446608
explain variance ratio : 0.29204780928119856
Weight :
Risk_Premium : 0.28467936985472336
Stock_Prices_mom24mma%_change : 0.3415324091149161
Current_Account_Balance_over_GDP : 0.41665016360459395
One-Day_Repo_Rate_EOP : 0.4462772625717109
Foreign_Exchange_Reserve_over_GDP : 0.6226379387752191
Bank_Lending_mo12m%_change : 0.20463262980470975
--------------------

