--------------------
id : 6308933692
explain variance ratio : 0.2314632571649618
Weight :
Term_Premium : -0.17086638857791947
Stock_Prices_mom24mma%_change : -0.13009265625479882
Current_Account_Balance_over_GDP : -0.4872905219977748
One-Day_Repo_Rate_EOP : -0.3356046566600811
Velocity_of_Money_mo12m%_change : -0.3783321910873111
Foreign_Exchange_Reserve_over_GDP : -0.5235037893294229
Bank_Lending_mo12m%_change : -0.3996305523685296
Portfolio_Flows : -0.16401828251920314
--------------------

