--------------------
id : 6315046628
explain variance ratio : 0.21485862629534488
Weight :
Term_Premium : -0.1663813018302198
Stock_Prices_mom%_change : -0.10089778240214076
Stock_Prices_mom24mma%_change : -0.3730471327616395
Current_Account_Balance_over_GDP : -0.7326168388615125
One-Day_Repo_Rate_EOP : -0.11141680440383661
Foreign_Exchange_Reserve_change_yryr% : -0.20318310592482655
Bank_Lending_mo12m%_change : -0.48223254268627747
--------------------

