--------------------
id : 6328299498
explain variance ratio : 0.20011981303850798
Weight :
Term_Premium : -0.029728562273336163
Risk_Premium : -0.3143603520111343
Stock_Market_Volatility : -0.4084193140948765
Current_Account_Balance_over_GDP : -0.4764394535677422
Bank_Lending_mo12m%_change : -0.24250732171834605
Foreign_Exchange_Reserve_change_yryr% : -0.3980428263061802
Broad_Money_mo12m%_change : -0.17258150140111062
Portfolio_Flows : -0.5093727764027626
--------------------

