--------------------
id : 6348176584
explain variance ratio : 0.23898233874917116
Weight :
Risk_Premium : 0.3807947809298599
Stock_Prices_mom24mma%_change : 0.29274395399242364
Stock_Market_Volatility : 0.14363148090320071
One-Day_Repo_Rate_AVG : 0.24895354044067605
Current_Account_Balance_over_GDP : 0.5069404490809802
Bank_Lending_mo12m%_change : 0.345671931551922
Foreign_Exchange_Reserve_over_GDP : 0.46289424370166504
Portfolio_Flows : 0.30974128007688856
--------------------

