--------------------
id : 6352387949
explain variance ratio : 0.23025694491070317
Weight :
Risk_Premium : 0.28900674036804147
Stock_Prices_mom24mma%_change : 0.7127085170787857
Stock_Market_Volatility : 0.14779190919522403
Current_Account_Balance_over_GDP : 0.48660105123826897
Bank_Lending_mo12m%_change : 0.10303289513016683
Broad_Money_mo12m%_change : 0.373206196005019
--------------------

