--------------------
id : 6356345959
explain variance ratio : 0.22478286909969217
Weight :
Risk_Premium : -0.46642221108316545
Stock_Prices_mom%_change : -0.32405955521410407
Stock_Prices_mom24mma%_change : -0.5575726922759978
One-Day_Repo_Rate_AVG : -0.04603303912035095
Current_Account_Balance_over_GDP : -0.6036730000852313
Velocity_of_Money_mo12m%_change : -0.0028786782147882
--------------------

