--------------------
id : 6378095815
explain variance ratio : 0.42626562464995166
Weight :
Term_Premium : 0.18255088344712975
Stock_Prices_mom24mma%_change : 0.42215956652008924
Current_Account_Balance_over_GDP : 0.03476675698526367
One-Day_Repo_Rate_AVG : 0.540056700762227
Foreign_Exchange_Reserve_change_yryr% : 0.537176388041695
Foreign_Exchange_Reserve_over_GDP : 0.4550033363056457
--------------------

