--------------------
id : 6379032314
explain variance ratio : 0.25575303751335404
Weight :
Term_Premium : -0.23367744545717717
Stock_Prices_mom%_change : -0.3308839822683566
Stock_Prices_mom24mma%_change : -0.6090900840655111
Stock_Market_Volatility : -0.006628285456189459
Current_Account_Balance_over_GDP : -0.09255460375575003
Foreign_Exchange_Reserve_over_GDP : -0.3561310171574771
Portfolio_Flows : -0.5740037639509155
--------------------

