--------------------
id : 6392227990
explain variance ratio : 0.21870995546223296
Weight :
Term_Premium : -0.0959267976540077
Stock_Prices_mom%_change : -0.06739622594584155
Stock_Prices_mom24mma%_change : -0.3426616703701801
Current_Account_Balance_over_GDP : -0.7369148565324213
Foreign_Exchange_Reserve_change_yryr% : -0.1702840851322478
Portfolio_Flows : -0.17734160964265258
Bank_Lending_mo12m%_change : -0.5151199432569562
--------------------

