--------------------
id : 6395209416
explain variance ratio : 0.22629186592874587
Weight :
Risk_Premium : -0.4317359319630154
Stock_Prices_mom24mma%_change : -0.5732488199053474
Stock_Market_Volatility : -0.2525607253450239
One-Day_Repo_Rate_AVG : -0.07820564968151468
Current_Account_Balance_over_GDP : -0.6197228349015044
Broad_Money_mo12m%_change : -0.1761545906352846
--------------------

