--------------------
id : 6397150721
explain variance ratio : 0.2027992950188768
Weight :
Term_Premium : -0.10605266384948292
Stock_Prices_mom%_change : -0.18674759948354114
Stock_Prices_mom24mma%_change : -0.41912116040026937
Stock_Market_Volatility : -0.41686447611644084
Current_Account_Balance_over_GDP : -0.5571775078745644
One-Day_Repo_Rate_EOP : -0.11989701054603842
Bank_Lending_mo12m%_change : -0.3459747108228002
Portfolio_Flows : -0.39989881105893854
--------------------

