--------------------
id : 6397659016
explain variance ratio : 0.21588360148957206
Weight :
Term_Premium : 0.14934090552964424
Risk_Premium : 0.3874968005822462
Stock_Prices_mom24mma%_change : 0.032795241933431626
One-Day_Repo_Rate_EOP : 0.3115966383591978
Velocity_of_Money_mo12m%_change : 0.45194501965276374
Foreign_Exchange_Reserve_over_GDP : 0.613788329470592
Bank_Lending_mo12m%_change : 0.35502589809045787
Portfolio_Flows : 0.14947149576327493
--------------------

