--------------------
id : 6404372276
explain variance ratio : 0.23807750591798185
Weight :
Risk_Premium : -0.3219187079090875
Stock_Prices_mom24mma%_change : -0.5068827733064994
Stock_Market_Volatility : -0.15773725045833142
Current_Account_Balance_over_GDP : -0.5693127286817657
One-Day_Repo_Rate_AVG : -0.21299278799755406
Foreign_Exchange_Reserve_change_yryr% : -0.4123301175464781
Bank_Lending_mo12m%_change : -0.2739673754795633
--------------------

