--------------------
id : 6424524044
explain variance ratio : 0.2170281506095703
Weight :
Term_Premium : -0.052261363565757564
Risk_Premium : -0.20518051813387142
Stock_Market_Volatility : -0.3992125873688951
Current_Account_Balance_over_GDP : -0.35274019060143397
Foreign_Exchange_Reserve_change_yryr% : -0.5031401561407576
Bank_Lending_mo12m%_change : -0.09247672219272968
Portfolio_Flows : -0.640055788200063
--------------------

