--------------------
id : 6437813074
explain variance ratio : 0.23936547613120934
Weight :
Risk_Premium : -0.3174403963873081
Stock_Prices_mom24mma%_change : -0.6161767915527467
One-Day_Repo_Rate_AVG : -0.2643122622295795
Current_Account_Balance_over_GDP : -0.5794589327642183
Bank_Lending_mo12m%_change : -0.22905343924690413
Broad_Money_mo12m%_change : -0.24790855478831655
--------------------

