--------------------
id : 6455518552
explain variance ratio : 0.2443066868726174
Weight :
Risk_Premium : -0.6050940993449465
Stock_Market_Volatility : -0.20300809291067573
One-Day_Repo_Rate_EOP : -0.136556675367979
Foreign_Exchange_Reserve_over_GDP : -0.5476161712997023
Bank_Lending_mo12m%_change : -0.45019318065912056
Portfolio_Flows : -0.26728963425883484
--------------------

