--------------------
id : 6464380236
explain variance ratio : 0.20727306479492788
Weight :
Risk_Premium : 0.6628206793305285
Stock_Prices_mom24mma%_change : 0.08148773063934944
Stock_Market_Volatility : 0.08708305765272384
One-Day_Repo_Rate_AVG : 0.11060444402010405
Bank_Lending_mo12m%_change : 0.4817023719372966
Foreign_Exchange_Reserve_change_yryr% : 0.08982682339072046
Foreign_Exchange_Reserve_over_GDP : 0.54231509430352
--------------------

