--------------------
id : 6471371823
explain variance ratio : 0.25409143556632474
Weight :
Risk_Premium : 0.41218147670960126
Stock_Prices_mom24mma%_change : 0.4129472763273935
Current_Account_Balance_over_GDP : 0.47937424086135255
Foreign_Exchange_Reserve_over_GDP : 0.4544243914556723
Bank_Lending_mo12m%_change : 0.25922287576579617
Broad_Money_mo12m%_change : 0.130048235578261
Portfolio_Flows : 0.37305595288470655
--------------------

