--------------------
id : 6479542045
explain variance ratio : 0.21623768030910565
Weight :
Term_Premium : -0.24807736315871534
Stock_Market_Volatility : -0.44852727030214207
One-Day_Repo_Rate_AVG : -0.17409367395969672
Bank_Lending_mo12m%_change : -0.6908034597899424
Foreign_Exchange_Reserve_over_GDP : -0.4793358763049017
--------------------

