--------------------
id : 6495525807
explain variance ratio : 0.20002962353090528
Weight :
Term_Premium : -0.3372978868959611
Stock_Prices_mom24mma%_change : -0.49321928629057626
Current_Account_Balance_over_GDP : -0.6311719510766128
One-Day_Repo_Rate_AVG : -0.3489947608960042
Velocity_of_Money_mo12m%_change : -0.09463701050502119
Bank_Lending_mo12m%_change : -0.3168643954744871
Broad_Money_mo12m%_change : -0.11588911636162003
--------------------

