--------------------
id : 6503137115
explain variance ratio : 0.3339434808096027
Weight :
Term_Premium : 0.20464523347742622
Stock_Prices_mom%_change : 0.16421891111135223
Stock_Prices_mom24mma%_change : 0.4387504237776871
Current_Account_Balance_over_GDP : 0.013397645280347315
One-Day_Repo_Rate_EOP : 0.5548001409849085
Foreign_Exchange_Reserve_over_GDP : 0.4570584187459248
Portfolio_Flows : 0.47091979338398415
--------------------

