--------------------
id : 6519584150
explain variance ratio : 0.25597087441150485
Weight :
Term_Premium : -0.23071013778138
Risk_Premium : -0.05488237540933305
Stock_Prices_mom%_change : -0.31635672414857063
Stock_Prices_mom24mma%_change : -0.6051644441777173
Current_Account_Balance_over_GDP : -0.1185287598514519
Foreign_Exchange_Reserve_over_GDP : -0.37504413870914916
Portfolio_Flows : -0.5681091469879472
--------------------

