--------------------
id : 6544852021
explain variance ratio : 0.2529626258850041
Weight :
Risk_Premium : -0.20293085604248437
Stock_Market_Volatility : -0.4039501564519498
Current_Account_Balance_over_GDP : -0.3450806736501868
Foreign_Exchange_Reserve_change_yryr% : -0.5033614269174613
Bank_Lending_mo12m%_change : -0.08805791000655427
Portfolio_Flows : -0.6445430519510219
--------------------

