--------------------
id : 6549267436
explain variance ratio : 0.24306021899682936
Weight :
Risk_Premium : -0.5198601334608273
Stock_Market_Volatility : -0.06739827265569176
One-Day_Repo_Rate_AVG : -0.11880224865590322
Current_Account_Balance_over_GDP : -0.5127221332066749
Velocity_of_Money_mo12m%_change : -0.464810798014923
Foreign_Exchange_Reserve_over_GDP : -0.47990405798582964
Portfolio_Flows : -0.042988038951328605
--------------------

