--------------------
id : 6555996161
explain variance ratio : 0.455063810675265
Weight :
Term_Premium : 0.14299947014781936
Stock_Prices_mom%_change : 0.10847149046225679
Stock_Prices_mom24mma%_change : 0.35030529281518363
Policy_Rate_&_Fed_Funds_Rate_Differential_AVG : 0.479861202388117
One-Day_Repo_Rate_EOP : 0.4694630992552533
Broad_Money_mo12m%_change : 0.39882573143503225
Foreign_Exchange_Reserve_over_GDP : 0.33679074656875635
Portfolio_Flows : 0.34916893185285214
--------------------

