--------------------
id : 6568915195
explain variance ratio : 0.4321120640640883
Weight :
Risk_Premium : -0.4518896678352288
Stock_Market_Volatility : -0.3017552817393523
Current_Account_Balance_over_GDP : -0.5732758657359684
Bank_Lending_mo12m%_change : -0.6089165102231493
Foreign_Exchange_Reserve_over_GDP : -0.07290365826561113
--------------------

