--------------------
id : 6579334322
explain variance ratio : 0.21466971185805
Weight :
Risk_Premium : 0.4162607913001259
Stock_Market_Volatility : 0.10555762192350149
Current_Account_Balance_over_GDP : 0.3583057810128139
Velocity_of_Money_mo12m%_change : 0.06430315767843259
Foreign_Exchange_Reserve_over_GDP : 0.6307410227705715
Broad_Money_mo12m%_change : 0.17428342557003232
Portfolio_Flows : 0.504834292665758
--------------------

