--------------------
id : 6581721645
explain variance ratio : 0.21872490664973798
Weight :
Term_Premium : 0.1884780957054371
Risk_Premium : 0.314054573712211
Stock_Prices_mom%_change : 0.16781888154102392
Stock_Prices_mom24mma%_change : 0.5045840769847569
Current_Account_Balance_over_GDP : 0.3826955473801439
Foreign_Exchange_Reserve_over_GDP : 0.45897984440252615
Bank_Lending_mo12m%_change : 0.1278760883079221
Portfolio_Flows : 0.45782834218532525
--------------------

