--------------------
id : 6586958090
explain variance ratio : 0.2371510525499138
Weight :
Term_Premium : -0.1472411037179146
Risk_Premium : -0.3675164450568649
Stock_Prices_mom24mma%_change : -0.4587144484647857
One-Day_Repo_Rate_AVG : -0.1932749595298445
Current_Account_Balance_over_GDP : -0.6037918077968524
Bank_Lending_mo12m%_change : -0.3282411098069371
Foreign_Exchange_Reserve_change_yryr% : -0.35095696523533754
--------------------

