--------------------
id : 6622784000
explain variance ratio : 0.21832086494846087
Weight :
Risk_Premium : -0.026118534236344814
Stock_Market_Volatility : -0.4624826240742019
One-Day_Repo_Rate_AVG : -0.38611968055417034
Current_Account_Balance_over_GDP : -0.2851761939461993
Bank_Lending_mo12m%_change : -0.07245665526434458
Portfolio_Flows : -0.7414605912668553
--------------------

