--------------------
id : 6631574264
explain variance ratio : 0.2914430970369611
Weight :
Risk_Premium : -0.08638117298628395
Stock_Prices_mom%_change : -0.2950688749219551
Stock_Prices_mom24mma%_change : -0.6196598301748135
Current_Account_Balance_over_GDP : -0.13528165161982772
Foreign_Exchange_Reserve_over_GDP : -0.3829213949571981
Portfolio_Flows : -0.5971301590880929
--------------------

