--------------------
id : 6641280237
explain variance ratio : 0.2527118821760405
Weight :
Term_Premium : -0.14947221229099428
Stock_Prices_mom24mma%_change : -0.550325147838841
Stock_Market_Volatility : -0.24994648506181422
Current_Account_Balance_over_GDP : -0.6050131367639465
Foreign_Exchange_Reserve_change_yryr% : -0.4169271450284213
Bank_Lending_mo12m%_change : -0.2691800588746096
--------------------

