--------------------
id : 6644034972
explain variance ratio : 0.23940834522310045
Weight :
Term_Premium : -0.7094663357536589
Stock_Prices_mom%_change : -0.3659006892505646
One-Day_Repo_Rate_AVG : -0.4047917833117608
Current_Account_Balance_over_GDP : -0.4112892935394266
Bank_Lending_mo12m%_change : -0.17250777727790087
--------------------

