--------------------
id : 6666842572
explain variance ratio : 0.20180731182690836
Weight :
Term_Premium : -0.09151199230481785
Risk_Premium : -0.27311989743555853
Stock_Market_Volatility : -0.35523349258206716
Current_Account_Balance_over_GDP : -0.49973779523349154
One-Day_Repo_Rate_EOP : -0.24327962641665435
Bank_Lending_mo12m%_change : -0.27023293408800103
Foreign_Exchange_Reserve_change_yryr% : -0.39758554033459514
Portfolio_Flows : -0.500816634581878
--------------------

