--------------------
id : 6700643501
explain variance ratio : 0.22400009404305818
Weight :
Term_Premium : -0.22785754709174622
Risk_Premium : -0.0593380689487204
Stock_Prices_mom%_change : -0.31495939025496905
Stock_Prices_mom24mma%_change : -0.604495614750355
Stock_Market_Volatility : -0.018361799494489156
Current_Account_Balance_over_GDP : -0.12506082171564462
Foreign_Exchange_Reserve_over_GDP : -0.37219023552337305
Portfolio_Flows : -0.5704757924897134
--------------------

