--------------------
id : 6702439274
explain variance ratio : 0.2083207990108991
Weight :
Risk_Premium : 0.6870595066434054
Stock_Prices_mom24mma%_change : 0.039250192212950674
One-Day_Repo_Rate_AVG : 0.053696067364862765
Foreign_Exchange_Reserve_change_yryr% : 0.033411159799692794
Foreign_Exchange_Reserve_over_GDP : 0.5046882646148831
Bank_Lending_mo12m%_change : 0.5074569704809871
Portfolio_Flows : 0.10092701403901141
--------------------

