--------------------
id : 6714228936
explain variance ratio : 0.20127114467010015
Weight :
Risk_Premium : -0.3720258037367106
Stock_Prices_mom24mma%_change : -0.49067404168541806
Current_Account_Balance_over_GDP : -0.5711698371256763
One-Day_Repo_Rate_AVG : -0.1897238305220444
Velocity_of_Money_mo12m%_change : -0.03421727100929339
Bank_Lending_mo12m%_change : -0.31562572410016465
Broad_Money_mo12m%_change : -0.12190538368063743
Portfolio_Flows : -0.3780930170482143
--------------------

