--------------------
id : 6724090199
explain variance ratio : 0.21189399009534868
Weight :
Risk_Premium : -0.6287827666467658
Stock_Market_Volatility : -0.2817921299564147
One-Day_Repo_Rate_EOP : -0.05002703254680796
Foreign_Exchange_Reserve_change_yryr% : -0.09987705264125983
Foreign_Exchange_Reserve_over_GDP : -0.46190872634877045
Bank_Lending_mo12m%_change : -0.48120559290929577
Portfolio_Flows : -0.26043963620883537
--------------------

