--------------------
id : 6725560295
explain variance ratio : 0.25703673873126687
Weight :
Term_Premium : 0.22303129408310834
Risk_Premium : 0.309452770615325
Stock_Prices_mom24mma%_change : 0.30518178188717204
Current_Account_Balance_over_GDP : 0.45082770985979514
One-Day_Repo_Rate_EOP : 0.39139413626523684
Bank_Lending_mo12m%_change : 0.2552993327060401
Foreign_Exchange_Reserve_over_GDP : 0.5828785134673402
--------------------

