--------------------
id : 6728979031
explain variance ratio : 0.26153392890606025
Weight :
Risk_Premium : 0.310036980739849
Stock_Prices_mom24mma%_change : 0.5401299801740297
Current_Account_Balance_over_GDP : 0.52631336097713
One-Day_Repo_Rate_EOP : 0.25731070059313343
Bank_Lending_mo12m%_change : 0.25010060642450876
Portfolio_Flows : 0.45428164300821383
--------------------

