--------------------
id : 6732620473
explain variance ratio : 0.2877527561289731
Weight :
Term_Premium : 0.19768826846683948
Risk_Premium : 0.19479333856807113
Stock_Prices_mom24mma%_change : 0.5484363222511469
Current_Account_Balance_over_GDP : 0.23486233842147405
Foreign_Exchange_Reserve_over_GDP : 0.5027663638571687
Portfolio_Flows : 0.5605873433826002
--------------------

