--------------------
id : 6746287043
explain variance ratio : 0.21071764556143502
Weight :
Term_Premium : -0.15763164649462796
Stock_Prices_mom24mma%_change : -0.4600250515413469
Current_Account_Balance_over_GDP : -0.7088518853176825
Foreign_Exchange_Reserve_change_yryr% : -0.29946489663726106
Bank_Lending_mo12m%_change : -0.4074689172019538
Broad_Money_mo12m%_change : -0.05958402001003471
Velocity_of_Money_mo12m%_change : -0.04240073602057512
--------------------

