--------------------
id : 6748153827
explain variance ratio : 0.22738265307517813
Weight :
Term_Premium : -0.10737545759095225
Stock_Prices_mom24mma%_change : -0.44627279209886317
Stock_Market_Volatility : -0.3937071845732236
Current_Account_Balance_over_GDP : -0.5404914789280831
One-Day_Repo_Rate_AVG : -0.1907782208858903
Bank_Lending_mo12m%_change : -0.304282823455582
Portfolio_Flows : -0.46172540968251935
--------------------

