--------------------
id : 6754414589
explain variance ratio : 0.22746784191673272
Weight :
Term_Premium : 0.1734306709265135
Risk_Premium : 0.31112333819819005
Stock_Prices_mom24mma%_change : 0.5154054329968717
One-Day_Repo_Rate_AVG : 0.26695361464237727
Current_Account_Balance_over_GDP : 0.5408615232198043
Portfolio_Flows : 0.4145252730282343
Bank_Lending_mo12m%_change : 0.26805724910602935
--------------------

