--------------------
id : 6787693840
explain variance ratio : 0.23429682715405079
Weight :
Risk_Premium : -0.5556684006136785
Stock_Prices_mom24mma%_change : -0.43635069254350267
Current_Account_Balance_over_GDP : -0.6365626205888746
Portfolio_Flows : -0.2897734032164762
Broad_Money_mo12m%_change : -0.008698858331509032
Velocity_of_Money_mo12m%_change : -0.10758455464116243
--------------------

