--------------------
id : 6832876622
explain variance ratio : 0.20075596150835998
Weight :
Risk_Premium : 0.16134671542764029
Stock_Market_Volatility : 0.10555497959709507
One-Day_Repo_Rate_AVG : 0.4663338437582398
Current_Account_Balance_over_GDP : 0.49112843100586534
Policy_Rate_&_Fed_Funds_Rate_Differential_AVG : 0.4280191299710731
Portfolio_Flows : 0.31404500761973647
Bank_Lending_mo12m%_change : 0.3552332038184521
Velocity_of_Money_mo12m%_change : 0.31005761174200264
--------------------

