--------------------
id : 6859162204
explain variance ratio : 0.23775554050993652
Weight :
Term_Premium : -0.3306891440672534
Stock_Prices_mom%_change : -0.30895981416049834
Stock_Prices_mom24mma%_change : -0.49243263227965417
One-Day_Repo_Rate_AVG : -0.23245446283036594
Current_Account_Balance_over_GDP : -0.6226317820817908
Bank_Lending_mo12m%_change : -0.3331564385510333
--------------------

