--------------------
id : 6861842545
explain variance ratio : 0.2329402664661902
Weight :
Term_Premium : -0.09599042601821152
Stock_Prices_mom24mma%_change : -0.19626213070495852
Current_Account_Balance_over_GDP : -0.714697561163518
Bank_Lending_mo12m%_change : -0.5579521668041824
Foreign_Exchange_Reserve_change_yryr% : -0.10898619327927486
Foreign_Exchange_Reserve_over_GDP : -0.3244755261709254
Portfolio_Flows : -0.11402382373882622
--------------------

