--------------------
id : 6862174649
explain variance ratio : 0.20134849355429682
Weight :
Term_Premium : 0.2220227228618621
Stock_Prices_mom%_change : 0.11075562504876857
Stock_Prices_mom24mma%_change : 0.4342016970365368
Current_Account_Balance_over_GDP : 0.5187355872094696
Bank_Lending_mo12m%_change : 0.27705100967364577
Velocity_of_Money_mo12m%_change : 0.13165277606033426
Foreign_Exchange_Reserve_over_GDP : 0.4803503605851715
Portfolio_Flows : 0.3949622698261395
--------------------

