--------------------
id : 6878073971
explain variance ratio : 0.2121713862574421
Weight :
Risk_Premium : -0.6174152570634611
Stock_Prices_mom24mma%_change : -0.15765983964500374
Stock_Market_Volatility : -0.30286575793869963
One-Day_Repo_Rate_EOP : -0.053304761118109056
Bank_Lending_mo12m%_change : -0.46600300720047527
Foreign_Exchange_Reserve_over_GDP : -0.4378179099329488
Portfolio_Flows : -0.3008810154210291
--------------------

