--------------------
id : 6893321254
explain variance ratio : 0.2412966425757681
Weight :
Risk_Premium : -0.5060621963502312
Stock_Prices_mom24mma%_change : -0.031378202639756436
Current_Account_Balance_over_GDP : -0.497592745353053
One-Day_Repo_Rate_EOP : -0.14371518956611534
Foreign_Exchange_Reserve_change_yryr% : -0.00669953637762899
Velocity_of_Money_mo12m%_change : -0.4554640758758047
Foreign_Exchange_Reserve_over_GDP : -0.5168863102106604
--------------------

