--------------------
id : 6894661291
explain variance ratio : 0.24275544133472307
Weight :
Risk_Premium : -0.49743112095782777
Stock_Market_Volatility : -0.0123993527413504
Current_Account_Balance_over_GDP : -0.48993078802044104
One-Day_Repo_Rate_AVG : -0.16409065267064277
Current_Account_Balance_change_yryr% : -0.0046621392847883344
Velocity_of_Money_mo12m%_change : -0.46889006429207275
Foreign_Exchange_Reserve_over_GDP : -0.5153358018568975
--------------------

