--------------------
id : 6896303765
explain variance ratio : 0.2415784337877351
Weight :
Risk_Premium : -0.5236423406360484
Stock_Prices_mom24mma%_change : -0.01041683496806145
One-Day_Repo_Rate_EOP : -0.10466935221748314
Current_Account_Balance_over_GDP : -0.5051508981155338
Foreign_Exchange_Reserve_over_GDP : -0.4900015856526311
Portfolio_Flows : -0.02690400817316315
Velocity_of_Money_mo12m%_change : -0.4676876157052011
--------------------

