--------------------
id : 6909336209
explain variance ratio : 0.2264157505247819
Weight :
Term_Premium : -0.6895935751814957
Stock_Prices_mom24mma%_change : -0.0784822316686502
One-Day_Repo_Rate_AVG : -0.49330012385303756
Bank_Lending_mo12m%_change : -0.2338487382838506
Velocity_of_Money_mo12m%_change : -0.4693303695589497
--------------------

