--------------------
id : 6912676207
explain variance ratio : 0.22348593691712496
Weight :
Term_Premium : -0.14168550858583373
Stock_Prices_mom24mma%_change : -0.42561091702955417
Stock_Market_Volatility : -0.27500013707010224
Current_Account_Balance_over_GDP : -0.6683525783029537
One-Day_Repo_Rate_AVG : -0.17059468273775646
Foreign_Exchange_Reserve_change_yryr% : -0.30308768660591845
Bank_Lending_mo12m%_change : -0.39432933963722766
--------------------

