--------------------
id : 6913316486
explain variance ratio : 0.24618032835379483
Weight :
Term_Premium : 0.18630925042212476
Risk_Premium : 0.2660993848423012
Stock_Prices_mom24mma%_change : 0.5176683424478639
Current_Account_Balance_over_GDP : 0.31045638039148327
Bank_Lending_mo12m%_change : 0.04218058200243688
Foreign_Exchange_Reserve_over_GDP : 0.5100207200885885
Portfolio_Flows : 0.5178957108119818
--------------------

