--------------------
id : 6949563275
explain variance ratio : 0.20842512730965787
Weight :
Term_Premium : -0.14639168193857352
Risk_Premium : -0.37097575593678916
Stock_Prices_mom24mma%_change : -0.37676238409931695
Policy_Rate_&_Fed_Funds_Rate_Differential_EOP : -0.17255448028334475
Current_Account_Balance_over_GDP : -0.6214897550578676
One-Day_Repo_Rate_AVG : -0.1974388085918103
Bank_Lending_mo12m%_change : -0.41297153728175856
Portfolio_Flows : -0.27100633174036165
--------------------

