--------------------
id : 6964583701
explain variance ratio : 0.21727427821430262
Weight :
Risk_Premium : -0.25405088344061405
Stock_Prices_mom%_change : -0.20468997657773716
Stock_Prices_mom24mma%_change : -0.5517675512624575
Stock_Market_Volatility : -0.14847625221306934
Current_Account_Balance_over_GDP : -0.32401619143470234
Foreign_Exchange_Reserve_over_GDP : -0.3985337294811271
Portfolio_Flows : -0.5472395653798579
Bank_Lending_mo12m%_change : -0.061487935817681784
--------------------

