--------------------
id : 7022817690
explain variance ratio : 0.38962378452070706
Weight :
Term_Premium : 0.28489285073346676
Stock_Prices_mom24mma%_change : 0.38975905179330117
One-Day_Repo_Rate_AVG : 0.6429321630607827
Current_Account_Balance_over_GDP : 0.07362329247153712
Foreign_Exchange_Reserve_over_GDP : 0.5900354138979964
--------------------

