--------------------
id : 7023492889
explain variance ratio : 0.20853756667228135
Weight :
Term_Premium : -0.11785219130319256
Risk_Premium : -0.40560891850238695
Stock_Prices_mom24mma%_change : -0.4321666363061152
One-Day_Repo_Rate_EOP : -0.12021770502060257
Current_Account_Balance_over_GDP : -0.6212814677071941
Foreign_Exchange_Reserve_change_yryr% : -0.31115204029099347
Bank_Lending_mo12m%_change : -0.3633851836721072
Broad_Money_mo12m%_change : -0.07427598598290205
--------------------

