--------------------
id : 7026498100
explain variance ratio : 0.20360591486296262
Weight :
Term_Premium : -0.17624843311919322
Risk_Premium : -0.3382556755888416
Stock_Prices_mom%_change : -0.218449655133851
Stock_Prices_mom24mma%_change : -0.5003160320431086
Current_Account_Balance_over_GDP : -0.5512986460495634
One-Day_Repo_Rate_AVG : -0.1910635055333595
Bank_Lending_mo12m%_change : -0.29969812082001374
Portfolio_Flows : -0.35528689829725113
--------------------

