--------------------
id : 7027783469
explain variance ratio : 0.22141670103154304
Weight :
Risk_Premium : -0.5246467703258292
Stock_Prices_mom24mma%_change : -0.22781844149450403
Stock_Market_Volatility : -0.4177499870079422
Current_Account_Balance_over_GDP : -0.6312960427783114
Foreign_Exchange_Reserve_change_yryr% : -0.07410641598388606
Velocity_of_Money_mo12m%_change : -0.21040148391609548
Portfolio_Flows : -0.223683333095982
--------------------

