--------------------
id : 7038119759
explain variance ratio : 0.21902882257871958
Weight :
Risk_Premium : -0.4778430299905462
Stock_Prices_mom%_change : -0.07857919508523242
Stock_Prices_mom24mma%_change : -0.31722579098237874
Stock_Market_Volatility : -0.44204459618233954
Current_Account_Balance_over_GDP : -0.5973379202739761
Velocity_of_Money_mo12m%_change : -0.12925526695437956
Portfolio_Flows : -0.3097357039124146
--------------------

