--------------------
id : 7044944023
explain variance ratio : 0.23866468378808428
Weight :
Term_Premium : -0.709780473904775
Stock_Prices_mom%_change : -0.38500599033668126
Current_Account_Balance_over_GDP : -0.41317174837901277
One-Day_Repo_Rate_EOP : -0.3807653954082838
Bank_Lending_mo12m%_change : -0.17969108567034706
--------------------

