--------------------
id : 7051740347
explain variance ratio : 0.2420651303301227
Weight :
Risk_Premium : 0.6749982645359232
Stock_Prices_mom24mma%_change : 0.06270741345281633
One-Day_Repo_Rate_EOP : 0.07053589840310354
Bank_Lending_mo12m%_change : 0.48633260030333425
Foreign_Exchange_Reserve_over_GDP : 0.5300281780537068
Portfolio_Flows : 0.13424061441784824
--------------------

