--------------------
id : 7054121962
explain variance ratio : 0.2563680147487518
Weight :
Risk_Premium : 0.3276855376869804
Stock_Market_Volatility : 0.028636931350496664
One-Day_Repo_Rate_AVG : 0.39766866801245615
Current_Account_Balance_over_GDP : 0.419571525324543
Bank_Lending_mo12m%_change : 0.2728618785432947
Foreign_Exchange_Reserve_over_GDP : 0.616230264663507
Portfolio_Flows : 0.3216024507403902
--------------------

