--------------------
id : 7059343991
explain variance ratio : 0.2687085727757129
Weight :
Risk_Premium : -0.4174643334036521
Stock_Prices_mom24mma%_change : -0.2628244996309003
Current_Account_Balance_over_GDP : -0.5276995429905251
One-Day_Repo_Rate_EOP : -0.21895685790155325
Foreign_Exchange_Reserve_over_GDP : -0.47512285885086536
Bank_Lending_mo12m%_change : -0.3778581314278198
Portfolio_Flows : -0.2484338965325342
--------------------

