--------------------
id : 7064606290
explain variance ratio : 0.26256310572190567
Weight :
Term_Premium : -0.14667608033249896
Risk_Premium : -0.38662614447540694
Stock_Prices_mom24mma%_change : -0.40548559930420225
Current_Account_Balance_over_GDP : -0.48783905017860113
Foreign_Exchange_Reserve_change_yryr% : -0.38636946420398344
Foreign_Exchange_Reserve_over_GDP : -0.46868424860778507
Bank_Lending_mo12m%_change : -0.2401136272305507
--------------------

