--------------------
id : 7069500572
explain variance ratio : 0.27170858767477024
Weight :
Risk_Premium : -0.44616661777152544
Stock_Prices_mom24mma%_change : -0.23397801127140477
Current_Account_Balance_over_GDP : -0.5663706892455411
One-Day_Repo_Rate_EOP : -0.15627863303939665
Bank_Lending_mo12m%_change : -0.4166717735209462
Foreign_Exchange_Reserve_change_yryr% : -0.20141090140781415
Foreign_Exchange_Reserve_over_GDP : -0.43221424385559726
--------------------

