--------------------
id : 7074393037
explain variance ratio : 0.22255705134973996
Weight :
Term_Premium : 0.19120120160801854
Risk_Premium : 0.33385583856654155
Stock_Market_Volatility : 0.03778819724640805
Current_Account_Balance_over_GDP : 0.4350039034248982
Policy_Rate_&_Fed_Funds_Rate_Differential_AVG : 0.3544769648033421
Bank_Lending_mo12m%_change : 0.281434591012752
Foreign_Exchange_Reserve_over_GDP : 0.599413210912563
Portfolio_Flows : 0.3117218162102813
--------------------

