--------------------
id : 7087584941
explain variance ratio : 0.2172507552653036
Weight :
Term_Premium : -0.12255736400513385
Risk_Premium : -0.14453703304767423
Stock_Market_Volatility : -0.532163891326908
One-Day_Repo_Rate_AVG : -0.2707458378642028
Current_Account_Balance_over_GDP : -0.36701225111120145
Portfolio_Flows : -0.6876692738425869
--------------------

