--------------------
id : 7124336936
explain variance ratio : 0.20437607716431294
Weight :
Term_Premium : -0.1554211058055535
Stock_Prices_mom24mma%_change : -0.4669682748879587
Stock_Market_Volatility : -0.2519856114752633
Current_Account_Balance_over_GDP : -0.4792303080047623
Bank_Lending_mo12m%_change : -0.226241663540096
Velocity_of_Money_mo12m%_change : -0.0216884680557606
Foreign_Exchange_Reserve_over_GDP : -0.4008026597067307
Portfolio_Flows : -0.5023226270251577
--------------------

