--------------------
id : 7128092920
explain variance ratio : 0.21839580192667782
Weight :
Term_Premium : -0.05512034379852599
Risk_Premium : -0.43827822878192035
Stock_Prices_mom24mma%_change : -0.38899417883750026
Current_Account_Balance_over_GDP : -0.6025240153364128
Foreign_Exchange_Reserve_change_yryr% : -0.26429181793846707
Bank_Lending_mo12m%_change : -0.3891268452178764
Broad_Money_mo12m%_change : -0.028797008785229422
Portfolio_Flows : -0.26157818570233776
--------------------

