--------------------
id : 7130409514
explain variance ratio : 0.3699364310425817
Weight :
Term_Premium : 0.18876379837008064
Stock_Prices_mom%_change : 0.13447190604011816
Stock_Prices_mom24mma%_change : 0.4389880262438098
Current_Account_Balance_over_GDP : 0.02240322095830046
One-Day_Repo_Rate_EOP : 0.5314019656134223
Foreign_Exchange_Reserve_change_yryr% : 0.5355164812258084
Foreign_Exchange_Reserve_over_GDP : 0.42884401907198766
--------------------

