--------------------
id : 7143464251
explain variance ratio : 0.2377555405099365
Weight :
Term_Premium : -0.33068914406725175
Stock_Prices_mom%_change : -0.30895981416049983
Stock_Prices_mom24mma%_change : -0.49243263227965534
Current_Account_Balance_over_GDP : -0.6226317820817904
One-Day_Repo_Rate_AVG : -0.23245446283036675
Bank_Lending_mo12m%_change : -0.3331564385510326
--------------------

