--------------------
id : 7150644258
explain variance ratio : 0.2368789148514476
Weight :
Term_Premium : -0.15372417378243186
Stock_Market_Volatility : -0.20366078706024074
One-Day_Repo_Rate_AVG : -0.2798146203972994
Current_Account_Balance_over_GDP : -0.6021877615476771
Foreign_Exchange_Reserve_over_GDP : -0.4689525429224862
Portfolio_Flows : -0.23787323570572544
Bank_Lending_mo12m%_change : -0.466331080332898
--------------------

