--------------------
id : 7161969355
explain variance ratio : 0.22885762423032205
Weight :
Term_Premium : 0.21336027459692256
Stock_Prices_mom24mma%_change : 0.43826403351731624
Current_Account_Balance_over_GDP : 0.49173950757041685
Foreign_Exchange_Reserve_over_GDP : 0.5165379790327386
Portfolio_Flows : 0.42821473938842347
Bank_Lending_mo12m%_change : 0.24177850182486027
Velocity_of_Money_mo12m%_change : 0.10935307991121018
--------------------

