--------------------
id : 7176421537
explain variance ratio : 0.27307173739933954
Weight :
Risk_Premium : -0.3652012020080771
Stock_Prices_mom24mma%_change : -0.48776168340835024
Current_Account_Balance_over_GDP : -0.5945302731377621
One-Day_Repo_Rate_EOP : -0.1856816017814114
Bank_Lending_mo12m%_change : -0.30761272468941303
Foreign_Exchange_Reserve_change_yryr% : -0.38229194464740085
--------------------

