--------------------
id : 7213317849
explain variance ratio : 0.23898233874917132
Weight :
Risk_Premium : 0.3807947809298606
Stock_Prices_mom24mma%_change : 0.2927439539924229
Stock_Market_Volatility : 0.14363148090320077
Current_Account_Balance_over_GDP : 0.5069404490809802
One-Day_Repo_Rate_AVG : 0.24895354044067503
Foreign_Exchange_Reserve_over_GDP : 0.46289424370166476
Bank_Lending_mo12m%_change : 0.34567193155192244
Portfolio_Flows : 0.3097412800768874
--------------------

