--------------------
id : 7215051803
explain variance ratio : 0.26278054705476156
Weight :
Term_Premium : 0.17744954615168115
Stock_Prices_mom24mma%_change : 0.3732937559567082
Current_Account_Balance_over_GDP : 0.6180547301366104
Foreign_Exchange_Reserve_over_GDP : 0.4423655901645236
Bank_Lending_mo12m%_change : 0.38364150372606154
Portfolio_Flows : 0.32296077493599307
--------------------

