--------------------
id : 7222052437
explain variance ratio : 0.452570956912152
Weight :
Term_Premium : 0.13076816187535423
Stock_Prices_mom%_change : 0.08947283585753385
One-Day_Repo_Rate_EOP : 0.46907353606834223
Foreign_Exchange_Reserve_change_yryr% : 0.5071193172275692
Foreign_Exchange_Reserve_over_GDP : 0.35714177857979
Broad_Money_mo12m%_change : 0.45607561825324927
Portfolio_Flows : 0.40266499197983296
--------------------

