--------------------
id : 7247823208
explain variance ratio : 0.21791938772541863
Weight :
Term_Premium : -0.1473436262380256
Risk_Premium : -0.38336836298628324
Stock_Prices_mom24mma%_change : -0.024465789984594147
One-Day_Repo_Rate_AVG : -0.3251012417654185
Velocity_of_Money_mo12m%_change : -0.4559111710632619
Foreign_Exchange_Reserve_over_GDP : -0.6097269049609578
Bank_Lending_mo12m%_change : -0.3555348199603608
Portfolio_Flows : -0.1378486817255402
--------------------

