--------------------
id : 7250017573
explain variance ratio : 0.45163218316985015
Weight :
Term_Premium : 0.14482693082551254
Stock_Prices_mom%_change : 0.19484139795417166
Stock_Prices_mom24mma%_change : 0.4884596675686841
One-Day_Repo_Rate_EOP : 0.4505767818426182
Foreign_Exchange_Reserve_change_yryr% : 0.5380605856570504
Portfolio_Flows : 0.45819265897257566
--------------------

