--------------------
id : 7255131881
explain variance ratio : 0.5285933088905669
Weight :
Term_Premium : 0.13764000144777477
Stock_Prices_mom24mma%_change : 0.4163981884705883
One-Day_Repo_Rate_AVG : 0.44994029124130425
Foreign_Exchange_Reserve_change_yryr% : 0.5173974276438335
Broad_Money_mo12m%_change : 0.4759124454730892
Foreign_Exchange_Reserve_over_GDP : 0.3332097823727985
--------------------

