--------------------
id : 7266859491
explain variance ratio : 0.21270620150829023
Weight :
Risk_Premium : -0.5268344440604688
Stock_Prices_mom24mma%_change : -0.014385854488477179
Stock_Market_Volatility : -0.07956198245934934
Current_Account_Balance_over_GDP : -0.5211058936666505
One-Day_Repo_Rate_AVG : -0.10472550367474365
Velocity_of_Money_mo12m%_change : -0.4614938199951999
Foreign_Exchange_Reserve_over_GDP : -0.4675368847203224
Portfolio_Flows : -0.042688859055716226
--------------------

