--------------------
id : 7300728296
explain variance ratio : 0.2214167010315431
Weight :
Risk_Premium : -0.5246467703258294
Stock_Prices_mom24mma%_change : -0.22781844149450403
Stock_Market_Volatility : -0.4177499870079423
Current_Account_Balance_over_GDP : -0.6312960427783119
Foreign_Exchange_Reserve_change_yryr% : -0.07410641598388591
Portfolio_Flows : -0.2236833330959821
Velocity_of_Money_mo12m%_change : -0.21040148391609573
--------------------

