--------------------
id : 7307977160
explain variance ratio : 0.21882767214663493
Weight :
Risk_Premium : -0.13281974302168956
Stock_Prices_mom%_change : -0.19576444040466204
Stock_Market_Volatility : -0.5595857389245709
One-Day_Repo_Rate_AVG : -0.21611226648196713
Current_Account_Balance_over_GDP : -0.3278252093996785
Portfolio_Flows : -0.6904528375544763
--------------------

