--------------------
id : 7318896420
explain variance ratio : 0.489100576302876
Weight :
Term_Premium : 0.11188529208320581
Stock_Prices_mom%_change : 0.15587681303548062
Stock_Prices_mom24mma%_change : 0.4352292883217981
One-Day_Repo_Rate_EOP : 0.3853376326424198
Foreign_Exchange_Reserve_change_yryr% : 0.4952164303935319
Broad_Money_mo12m%_change : 0.477898415488938
Portfolio_Flows : 0.3894204252106528
--------------------

