--------------------
id : 7324728373
explain variance ratio : 0.2221106256956886
Weight :
Term_Premium : -0.15972381445657885
Stock_Prices_mom%_change : -0.22901583721911806
Stock_Prices_mom24mma%_change : -0.5032101592477336
Stock_Market_Volatility : -0.2876035881357196
Current_Account_Balance_over_GDP : -0.6159138045640364
Foreign_Exchange_Reserve_change_yryr% : -0.3183576685987167
Bank_Lending_mo12m%_change : -0.324657267455143
--------------------

