--------------------
id : 7330816739
explain variance ratio : 0.21946687006668356
Weight :
Term_Premium : -0.0941248048038148
Stock_Prices_mom24mma%_change : -0.304484261613987
One-Day_Repo_Rate_AVG : -0.07699939438139844
Current_Account_Balance_over_GDP : -0.7456988766641733
Foreign_Exchange_Reserve_change_yryr% : -0.15554072952543804
Portfolio_Flows : -0.15802747672126433
Bank_Lending_mo12m%_change : -0.5359743764551814
--------------------

