--------------------
id : 7348192935
explain variance ratio : 0.23102061788997888
Weight :
Term_Premium : -0.408229731812924
Risk_Premium : -0.13612706182530498
Stock_Prices_mom24mma%_change : -0.5976125849575625
One-Day_Repo_Rate_AVG : -0.4478805907774643
Current_Account_Balance_over_GDP : -0.488972726337909
Bank_Lending_mo12m%_change : -0.13411098652086983
--------------------

