--------------------
id : 7362917340
explain variance ratio : 0.2676091715397879
Weight :
Term_Premium : -0.14799153866568202
Stock_Prices_mom24mma%_change : -0.28035345470786693
Current_Account_Balance_over_GDP : -0.6925384690793721
Foreign_Exchange_Reserve_change_yryr% : -0.2085002029047031
Foreign_Exchange_Reserve_over_GDP : -0.3818135058031986
Bank_Lending_mo12m%_change : -0.4802468385496105
--------------------

