--------------------
id : 7366933833
explain variance ratio : 0.2059008073007919
Weight :
Term_Premium : -0.2508296814568777
Stock_Prices_mom%_change : -0.3905011705038232
Stock_Prices_mom24mma%_change : -0.5639323648609601
Stock_Market_Volatility : -0.26484881451403786
Current_Account_Balance_over_GDP : -0.5540833941702291
Bank_Lending_mo12m%_change : -0.25352627490874713
Broad_Money_mo12m%_change : -0.1585708683330975
--------------------

