--------------------
id : 7369138096
explain variance ratio : 0.23680315249225606
Weight :
Term_Premium : -0.11691590742806446
Risk_Premium : -0.42204813334396607
Stock_Prices_mom24mma%_change : -0.24399835004265769
Current_Account_Balance_over_GDP : -0.5382080526907087
One-Day_Repo_Rate_EOP : -0.2021693199281891
Foreign_Exchange_Reserve_over_GDP : -0.4624494406939327
Bank_Lending_mo12m%_change : -0.3951846685862967
Portfolio_Flows : -0.21931734888618587
--------------------

