--------------------
id : 7374420281
explain variance ratio : 0.22738265307517833
Weight :
Term_Premium : -0.10737545759095134
Stock_Prices_mom24mma%_change : -0.4462727920988643
Stock_Market_Volatility : -0.3937071845732234
One-Day_Repo_Rate_AVG : -0.19077822088589108
Current_Account_Balance_over_GDP : -0.5404914789280838
Bank_Lending_mo12m%_change : -0.30428282345558244
Portfolio_Flows : -0.4617254096825188
--------------------

