--------------------
id : 7379537449
explain variance ratio : 0.29837389140314324
Weight :
Term_Premium : -0.2345658429090465
Stock_Prices_mom%_change : -0.3309203578054639
Stock_Prices_mom24mma%_change : -0.609135196622751
Current_Account_Balance_over_GDP : -0.09098567570520497
Foreign_Exchange_Reserve_over_GDP : -0.35762492681259006
Portfolio_Flows : -0.5729318571212392
--------------------

