--------------------
id : 7403982185
explain variance ratio : 0.24097189387738643
Weight :
Risk_Premium : 0.3924183401447008
Stock_Prices_mom24mma%_change : 0.05420711135052886
One-Day_Repo_Rate_EOP : 0.3391083278307383
Foreign_Exchange_Reserve_change_yryr% : 0.10784449278459343
Foreign_Exchange_Reserve_over_GDP : 0.6463942149300905
Bank_Lending_mo12m%_change : 0.3363253514845068
Velocity_of_Money_mo12m%_change : 0.4307021240053478
--------------------

