--------------------
id : 7403573979
explain variance ratio : 0.24141797343055388
Weight :
Term_Premium : -0.06473729303923069
Risk_Premium : -0.47117117805148656
Stock_Prices_mom24mma%_change : -0.24126960889121385
Current_Account_Balance_over_GDP : -0.568833213760871
Bank_Lending_mo12m%_change : -0.427539816333544
Foreign_Exchange_Reserve_change_yryr% : -0.18398152524139394
Foreign_Exchange_Reserve_over_GDP : -0.37591801909826966
Portfolio_Flows : -0.18458250553085978
--------------------

