--------------------
id : 7406202133
explain variance ratio : 0.23990972617093032
Weight :
Risk_Premium : 0.6431095122593804
Stock_Market_Volatility : 0.04336314357643656
One-Day_Repo_Rate_EOP : 0.13748223663030956
Bank_Lending_mo12m%_change : 0.45800487605722556
Foreign_Exchange_Reserve_change_yryr% : 0.09713275004163185
Foreign_Exchange_Reserve_over_GDP : 0.5885789581771975
--------------------

