--------------------
id : 7414094007
explain variance ratio : 0.21196459118584782
Weight :
Term_Premium : -0.05815641363706248
Stock_Prices_mom%_change : -0.10951735083254913
Stock_Market_Volatility : -0.5024154733619963
Current_Account_Balance_over_GDP : -0.4433873270295793
Bank_Lending_mo12m%_change : -0.2076700527346169
Foreign_Exchange_Reserve_change_yryr% : -0.39560773435952945
Portfolio_Flows : -0.5796359387474378
--------------------

