--------------------
id : 7444161206
explain variance ratio : 0.46993444894418707
Weight :
Term_Premium : 0.15143542124065218
Stock_Prices_mom24mma%_change : 0.4340578911192533
One-Day_Repo_Rate_EOP : 0.48872607939683815
Foreign_Exchange_Reserve_over_GDP : 0.3646304472203305
Broad_Money_mo12m%_change : 0.4765766501403259
Portfolio_Flows : 0.435576874006294
--------------------

