--------------------
id : 7451528102
explain variance ratio : 0.20910581623389288
Weight :
Term_Premium : -0.11937804366910258
Risk_Premium : -0.4046799937412109
Stock_Prices_mom24mma%_change : -0.426938391667022
One-Day_Repo_Rate_AVG : -0.1352701472005809
Current_Account_Balance_over_GDP : -0.622541991788103
Foreign_Exchange_Reserve_change_yryr% : -0.3078463199325344
Bank_Lending_mo12m%_change : -0.36643362758882636
Broad_Money_mo12m%_change : -0.06933318605871379
--------------------

