--------------------
id : 7451681953
explain variance ratio : 0.21022694230033678
Weight :
Term_Premium : -0.05669626210882369
Risk_Premium : -0.6173040473411189
Stock_Market_Volatility : -0.18905838376390693
One-Day_Repo_Rate_AVG : -0.12968754728397125
Foreign_Exchange_Reserve_over_GDP : -0.5381488224893983
Bank_Lending_mo12m%_change : -0.4694318481888375
Portfolio_Flows : -0.23062718696306161
--------------------

