--------------------
id : 7454148257
explain variance ratio : 0.2595211983493602
Weight :
Term_Premium : 0.21795266062308744
Risk_Premium : 0.3116820237036608
Stock_Prices_mom24mma%_change : 0.296186706651831
Current_Account_Balance_over_GDP : 0.45154015973335354
One-Day_Repo_Rate_AVG : 0.3997849014436249
Foreign_Exchange_Reserve_over_GDP : 0.5803810318348763
Bank_Lending_mo12m%_change : 0.2589705837388166
--------------------

