--------------------
id : 7465273368
explain variance ratio : 0.22537010892930506
Weight :
Term_Premium : -0.18597037340248454
Risk_Premium : -0.2945661738502595
Stock_Prices_mom%_change : -0.3400044396045954
Stock_Prices_mom24mma%_change : -0.5900422168097431
Current_Account_Balance_over_GDP : -0.45427386536790626
Bank_Lending_mo12m%_change : -0.1775075969574207
Portfolio_Flows : -0.42073656976458834
--------------------

