--------------------
id : 7469011519
explain variance ratio : 0.25940596080466866
Weight :
Risk_Premium : -0.2931240862457581
Stock_Prices_mom%_change : -0.3358330395868958
Stock_Prices_mom24mma%_change : -0.6132564689472942
Current_Account_Balance_over_GDP : -0.4366391572780851
Portfolio_Flows : -0.45844144323131175
Bank_Lending_mo12m%_change : -0.15616860228031484
--------------------

