--------------------
id : 7474293549
explain variance ratio : 0.23269727078400496
Weight :
Risk_Premium : 0.5870258057580687
Stock_Prices_mom24mma%_change : 0.08774742176915873
Current_Account_Balance_change_yryr% : 0.06197418569022656
Foreign_Exchange_Reserve_change_yryr% : 0.13834250799941072
Velocity_of_Money_mo12m%_change : 0.39897078365605876
Foreign_Exchange_Reserve_over_GDP : 0.6823078175752433
--------------------

