--------------------
id : 7481121279
explain variance ratio : 0.3926451970900886
Weight :
Risk_Premium : -0.47178610107816527
Stock_Market_Volatility : -0.28249376552081973
Current_Account_Balance_change_yryr% : -0.038326691244451996
Bank_Lending_mo12m%_change : -0.6426549442258229
Velocity_of_Money_mo12m%_change : -0.5321097956922878
--------------------

