--------------------
id : 7485839572
explain variance ratio : 0.21896974302909378
Weight :
Term_Premium : -0.21086703182777874
Stock_Prices_mom24mma%_change : -0.3942478011313387
Current_Account_Balance_over_GDP : -0.6765950685079914
One-Day_Repo_Rate_AVG : -0.2650573306218965
Foreign_Exchange_Reserve_change_yryr% : -0.270730799771521
Velocity_of_Money_mo12m%_change : -0.16111119183044673
Bank_Lending_mo12m%_change : -0.4157108476664446
--------------------

