--------------------
id : 7487082810
explain variance ratio : 0.2334667225038048
Weight :
Term_Premium : -0.1450093587930116
Stock_Prices_mom24mma%_change : -0.45812422500128386
Stock_Market_Volatility : -0.2736649878523931
Current_Account_Balance_over_GDP : -0.49669539969910165
Foreign_Exchange_Reserve_over_GDP : -0.380087598639848
Portfolio_Flows : -0.4920201834752275
Bank_Lending_mo12m%_change : -0.24687079836244308
--------------------

