--------------------
id : 7493212858
explain variance ratio : 0.22407066246377014
Weight :
Term_Premium : 0.13012079268577512
Risk_Premium : 0.408504423420315
Stock_Prices_mom24mma%_change : 0.401346958910769
Current_Account_Balance_over_GDP : 0.4846173904944913
Bank_Lending_mo12m%_change : 0.2666775133493418
Broad_Money_mo12m%_change : 0.11829590435337546
Foreign_Exchange_Reserve_over_GDP : 0.4572207180314734
Portfolio_Flows : 0.355102403047432
--------------------

