--------------------
id : 7505375020
explain variance ratio : 0.45349189698884795
Weight :
Term_Premium : 0.1435272110567227
Stock_Prices_mom%_change : 0.10631128682365731
Stock_Prices_mom24mma%_change : 0.3499671448001055
One-Day_Repo_Rate_AVG : 0.46770081877424086
Policy_Rate_&_Fed_Funds_Rate_Differential_AVG : 0.4819363434913024
Broad_Money_mo12m%_change : 0.39756050468048204
Foreign_Exchange_Reserve_over_GDP : 0.3400689232057263
Portfolio_Flows : 0.3477253586793385
--------------------

