--------------------
id : 7507160301
explain variance ratio : 0.20490447380202642
Weight :
Term_Premium : -0.13829568347323115
Stock_Prices_mom24mma%_change : -0.4509130214366047
Stock_Market_Volatility : -0.509522920458068
One-Day_Repo_Rate_AVG : -0.005470263964125588
Current_Account_Balance_over_GDP : -0.718672345113108
Broad_Money_mo12m%_change : -0.03766007356943926
--------------------

