--------------------
id : 7511217739
explain variance ratio : 0.22095647341218305
Weight :
Term_Premium : -0.23502167898340348
Stock_Market_Volatility : -0.4144960805584285
One-Day_Repo_Rate_AVG : -0.41499532629170294
Current_Account_Balance_over_GDP : -0.364984637246358
Bank_Lending_mo12m%_change : -0.13332103456410288
Portfolio_Flows : -0.6706328392514549
--------------------

