--------------------
id : 7513286610
explain variance ratio : 0.2859484670307804
Weight :
Risk_Premium : 0.6243412266468983
Stock_Prices_mom24mma%_change : 0.081772989924068
One-Day_Repo_Rate_EOP : 0.18166030173138742
Bank_Lending_mo12m%_change : 0.43286957687199246
Foreign_Exchange_Reserve_over_GDP : 0.6189787355163731
--------------------

