--------------------
id : 7521094631
explain variance ratio : 0.2558480658579788
Weight :
Risk_Premium : 0.17640009284124286
Stock_Prices_mom24mma%_change : 0.3234022893962014
Current_Account_Balance_over_GDP : 0.2979838247922129
One-Day_Repo_Rate_EOP : 0.5459592667843232
Bank_Lending_mo12m%_change : 0.10306737937967737
Velocity_of_Money_mo12m%_change : 0.15777806879233885
Foreign_Exchange_Reserve_over_GDP : 0.6647640799181239
--------------------

