--------------------
id : 7525678253
explain variance ratio : 0.20250247685152165
Weight :
Term_Premium : -0.1092407377407392
Stock_Prices_mom%_change : -0.1912691998729819
Stock_Prices_mom24mma%_change : -0.4257729925945412
Stock_Market_Volatility : -0.410575790241982
One-Day_Repo_Rate_AVG : -0.11773743699424213
Current_Account_Balance_over_GDP : -0.5560730622511878
Bank_Lending_mo12m%_change : -0.3410125170701952
Portfolio_Flows : -0.4028132845526965
--------------------

