--------------------
id : 7559516085
explain variance ratio : 0.23284912394211937
Weight :
Term_Premium : -0.1001230597746823
Stock_Market_Volatility : -0.31519125213889987
Current_Account_Balance_over_GDP : -0.576286964136376
Bank_Lending_mo12m%_change : -0.37999157897542535
Foreign_Exchange_Reserve_change_yryr% : -0.3016360748385394
Foreign_Exchange_Reserve_over_GDP : -0.41182786660420695
Portfolio_Flows : -0.3918457209093092
--------------------

