--------------------
id : 7575407209
explain variance ratio : 0.24619706213829096
Weight :
Term_Premium : -0.035231031096586596
Stock_Market_Volatility : -0.49702682194900943
Current_Account_Balance_over_GDP : -0.42550669299553306
Bank_Lending_mo12m%_change : -0.1864624118796615
Foreign_Exchange_Reserve_change_yryr% : -0.42040809511459953
Portfolio_Flows : -0.5992962284590796
--------------------

