--------------------
id : 7594861720
explain variance ratio : 0.42496316720859784
Weight :
Term_Premium : 0.13616946477490055
Stock_Prices_mom24mma%_change : 0.40519910145149696
Current_Account_Balance_over_GDP : 0.012781772417667633
One-Day_Repo_Rate_AVG : 0.47788233171311
Foreign_Exchange_Reserve_change_yryr% : 0.5084147063940242
Foreign_Exchange_Reserve_over_GDP : 0.39253303609282003
Portfolio_Flows : 0.4197248745001334
--------------------

