--------------------
id : 7615686178
explain variance ratio : 0.4813827216700902
Weight :
Term_Premium : 0.1847323011638853
Stock_Prices_mom%_change : 0.15770369006249674
One-Day_Repo_Rate_AVG : 0.5052291381249541
Foreign_Exchange_Reserve_change_yryr% : 0.5946534747464615
Broad_Money_mo12m%_change : 0.5763109282399939
--------------------

