--------------------
id : 7617661335
explain variance ratio : 0.2832122082787103
Weight :
Risk_Premium : -0.49759771580040935
Stock_Market_Volatility : -0.013225079878698476
One-Day_Repo_Rate_AVG : -0.16368172260436709
Current_Account_Balance_over_GDP : -0.49061898510038005
Velocity_of_Money_mo12m%_change : -0.4685335999045983
Foreign_Exchange_Reserve_over_GDP : -0.5149749327852721
--------------------

