--------------------
id : 7629275503
explain variance ratio : 0.4047986685029133
Weight :
Term_Premium : 0.19118627769181976
Stock_Prices_mom%_change : 0.10805175631361785
One-Day_Repo_Rate_EOP : 0.5653564962720943
Broad_Money_mo12m%_change : 0.46723975402142154
Foreign_Exchange_Reserve_over_GDP : 0.4513037409626839
Portfolio_Flows : 0.4584284054876163
--------------------

