--------------------
id : 7650903545
explain variance ratio : 0.21206515841552134
Weight :
Risk_Premium : -0.6315977849278113
Stock_Market_Volatility : -0.2735855435826478
One-Day_Repo_Rate_AVG : -0.05700199620307045
Bank_Lending_mo12m%_change : -0.4862958225112238
Foreign_Exchange_Reserve_change_yryr% : -0.09308803057499858
Foreign_Exchange_Reserve_over_GDP : -0.46397067084321775
Portfolio_Flows : -0.2501363008738032
--------------------

