--------------------
id : 7658315434
explain variance ratio : 0.20842512730965793
Weight :
Term_Premium : -0.146391681938573
Risk_Premium : -0.3709757559367888
Stock_Prices_mom24mma%_change : -0.37676238409931695
One-Day_Repo_Rate_AVG : -0.1974388085918104
Current_Account_Balance_over_GDP : -0.6214897550578676
Policy_Rate_&_Fed_Funds_Rate_Differential_EOP : -0.1725544802833449
Bank_Lending_mo12m%_change : -0.41297153728175856
Portfolio_Flows : -0.27100633174036076
--------------------

