--------------------
id : 7665502783
explain variance ratio : 0.22282158359890772
Weight :
Term_Premium : -0.17904478911831997
Risk_Premium : -0.5251533023451256
Stock_Prices_mom24mma%_change : -0.4877607171067862
Current_Account_Balance_over_GDP : -0.6678645396981018
One-Day_Repo_Rate_AVG : -0.05929607540243079
Broad_Money_mo12m%_change : -0.06846449757918643
--------------------

