--------------------
id : 7677651795
explain variance ratio : 0.3292121498461863
Weight :
Risk_Premium : -0.5562970675142747
Stock_Market_Volatility : -0.3234429845742347
Current_Account_Balance_over_GDP : -0.6001798340052653
Current_Account_Balance_change_yryr% : -0.019625427249422123
Velocity_of_Money_mo12m%_change : -0.47467590823994776
--------------------

