--------------------
id : 7680510500
explain variance ratio : 0.21120547170578935
Weight :
Risk_Premium : -0.24395018515407357
Stock_Prices_mom%_change : -0.23103407466515205
Stock_Prices_mom24mma%_change : -0.5158448609151438
Stock_Market_Volatility : -0.31879458075351536
Current_Account_Balance_over_GDP : -0.45222980315029515
One-Day_Repo_Rate_EOP : -0.18560265770237652
Bank_Lending_mo12m%_change : -0.21410540166088296
Portfolio_Flows : -0.4843391310152705
--------------------

