--------------------
id : 7685980291
explain variance ratio : 0.44922725736929947
Weight :
Term_Premium : 0.2112865878178704
Stock_Prices_mom%_change : 0.24578023948764527
Stock_Prices_mom24mma%_change : 0.5494999388370725
One-Day_Repo_Rate_AVG : 0.5012146060391534
Foreign_Exchange_Reserve_change_yryr% : 0.5846227737582138
--------------------

