--------------------
id : 7688672863
explain variance ratio : 0.2586489127186401
Weight :
Risk_Premium : 0.1698604941527561
Stock_Prices_mom24mma%_change : 0.3191758833455739
One-Day_Repo_Rate_AVG : 0.559748176141223
Current_Account_Balance_over_GDP : 0.28880928959557567
Bank_Lending_mo12m%_change : 0.09304021986320815
Velocity_of_Money_mo12m%_change : 0.15563085054894077
Foreign_Exchange_Reserve_over_GDP : 0.6630745790722542
--------------------

