--------------------
id : 7692785309
explain variance ratio : 0.2376912498317632
Weight :
Term_Premium : -0.12171804595069699
Risk_Premium : -0.5369767617581365
Stock_Prices_mom24mma%_change : -0.16704544597379134
Current_Account_Balance_over_GDP : -0.5345712430291262
Foreign_Exchange_Reserve_change_yryr% : -0.12427599306801634
Foreign_Exchange_Reserve_over_GDP : -0.5081618471330709
Velocity_of_Money_mo12m%_change : -0.3309034517690408
--------------------

