--------------------
id : 7712543147
explain variance ratio : 0.2298328156733755
Weight :
Risk_Premium : -0.3827987660969883
Stock_Prices_mom24mma%_change : -0.48617186270488777
Current_Account_Balance_over_GDP : -0.5783084866348738
One-Day_Repo_Rate_AVG : -0.16954952400103918
Bank_Lending_mo12m%_change : -0.3231881091446941
Broad_Money_mo12m%_change : -0.11748665780393999
Portfolio_Flows : -0.3683213395003377
--------------------

