--------------------
id : 7733589468
explain variance ratio : 0.2047144258210876
Weight :
Term_Premium : 0.1550310158564178
Stock_Prices_mom24mma%_change : 0.5113944604169606
Current_Account_Balance_over_GDP : 0.6647342263089251
Bank_Lending_mo12m%_change : 0.37030488929611116
Broad_Money_mo12m%_change : 0.09706298330384644
Velocity_of_Money_mo12m%_change : 0.03008149106652088
Portfolio_Flows : 0.35371975981222104
--------------------

