--------------------
id : 7741847973
explain variance ratio : 0.22071116959666018
Weight :
Term_Premium : -0.374364498717181
Stock_Market_Volatility : -0.10579588766027631
Current_Account_Balance_over_GDP : -0.6299985020765847
One-Day_Repo_Rate_AVG : -0.43440130194668136
Foreign_Exchange_Reserve_change_yryr% : -0.41042242951080504
Bank_Lending_mo12m%_change : -0.30758621207255543
--------------------

