--------------------
id : 7753051691
explain variance ratio : 0.20967477864658896
Weight :
Term_Premium : -0.0590556680160427
Risk_Premium : -0.6108423947343945
Stock_Market_Volatility : -0.19932140428551953
One-Day_Repo_Rate_EOP : -0.127378737881291
Foreign_Exchange_Reserve_over_GDP : -0.5417534699522152
Portfolio_Flows : -0.24882138666625492
Bank_Lending_mo12m%_change : -0.46045708500571847
--------------------

