--------------------
id : 7763011230
explain variance ratio : 0.2511990146161514
Weight :
Risk_Premium : -0.5317275901930593
Stock_Prices_mom24mma%_change : -0.3976354673987357
Stock_Market_Volatility : -0.02324655353023053
Current_Account_Balance_over_GDP : -0.5423036566749116
Broad_Money_mo12m%_change : -0.09178982711646591
Foreign_Exchange_Reserve_over_GDP : -0.5060560979160179
--------------------

