--------------------
id : 7779666011
explain variance ratio : 0.36903944808653255
Weight :
Term_Premium : 0.18900644361047375
Stock_Prices_mom%_change : 0.12941302888453254
Stock_Prices_mom24mma%_change : 0.4373199228517759
One-Day_Repo_Rate_AVG : 0.5305741085828498
Current_Account_Balance_over_GDP : 0.02933261759098861
Foreign_Exchange_Reserve_change_yryr% : 0.534374701459517
Foreign_Exchange_Reserve_over_GDP : 0.43399828178507294
--------------------

