--------------------
id : 7803211921
explain variance ratio : 0.23512097266413665
Weight :
Risk_Premium : -0.21545073155313096
Stock_Prices_mom24mma%_change : -0.5250041861757815
Stock_Market_Volatility : -0.3109890694577118
Current_Account_Balance_over_GDP : -0.4373960882379079
One-Day_Repo_Rate_EOP : -0.2549434827770395
Bank_Lending_mo12m%_change : -0.18192744806344258
Portfolio_Flows : -0.5402113213121014
--------------------

