--------------------
id : 7823382377
explain variance ratio : 0.2119488750630468
Weight :
Risk_Premium : -0.330930052961734
Stock_Prices_mom%_change : -0.29806812962981694
Stock_Prices_mom24mma%_change : -0.6006539462700338
Current_Account_Balance_over_GDP : -0.5606033380283966
One-Day_Repo_Rate_EOP : -0.16854614352952785
Bank_Lending_mo12m%_change : -0.2468807696290894
Broad_Money_mo12m%_change : -0.1929287626458366
--------------------

