--------------------
id : 7826009338
explain variance ratio : 0.22348593691712487
Weight :
Term_Premium : -0.14168550858583048
Stock_Prices_mom24mma%_change : -0.4256109170295547
Stock_Market_Volatility : -0.2750001370701025
One-Day_Repo_Rate_AVG : -0.1705946827377558
Current_Account_Balance_over_GDP : -0.6683525783029537
Bank_Lending_mo12m%_change : -0.39432933963722716
Foreign_Exchange_Reserve_change_yryr% : -0.3030876866059194
--------------------

