--------------------
id : 7834117245
explain variance ratio : 0.23836923671544005
Weight :
Risk_Premium : -0.3186939041347541
Stock_Prices_mom24mma%_change : -0.6212421438826066
Current_Account_Balance_over_GDP : -0.5792149884222247
One-Day_Repo_Rate_EOP : -0.24859127033251985
Bank_Lending_mo12m%_change : -0.22844317019929372
Broad_Money_mo12m%_change : -0.2510348374674193
--------------------

