--------------------
id : 7843071970
explain variance ratio : 0.5306100876822643
Weight :
Term_Premium : 0.1371274369366664
Stock_Prices_mom24mma%_change : 0.4160476278086135
One-Day_Repo_Rate_EOP : 0.4525076705662125
Foreign_Exchange_Reserve_change_yryr% : 0.5168304250166527
Broad_Money_mo12m%_change : 0.4767702763286548
Foreign_Exchange_Reserve_over_GDP : 0.3300206976832666
--------------------

