--------------------
id : 7850891730
explain variance ratio : 0.20932190941033088
Weight :
Risk_Premium : -0.13037002879258877
Stock_Prices_mom%_change : -0.20362368687334065
Stock_Market_Volatility : -0.6783029271090184
One-Day_Repo_Rate_AVG : -0.07899124318762468
Bank_Lending_mo12m%_change : -0.110727536151225
Portfolio_Flows : -0.6804013411580095
--------------------

