--------------------
id : 7873848326
explain variance ratio : 0.2298911583014265
Weight :
Risk_Premium : -0.2690541397339987
Stock_Market_Volatility : -0.36502575804050363
Current_Account_Balance_over_GDP : -0.48727950317378954
One-Day_Repo_Rate_EOP : -0.2400111608519444
Foreign_Exchange_Reserve_change_yryr% : -0.4062565900766417
Bank_Lending_mo12m%_change : -0.2590938379263966
Portfolio_Flows : -0.5168610649681691
--------------------

