--------------------
id : 7876803851
explain variance ratio : 0.22510197902703719
Weight :
Risk_Premium : -0.37235438375372926
Stock_Prices_mom%_change : -0.17832503713177053
Stock_Prices_mom24mma%_change : -0.5738388363551369
Current_Account_Balance_over_GDP : -0.4519728700824813
Bank_Lending_mo12m%_change : -0.13910034758753978
Broad_Money_mo12m%_change : -0.276622354016951
Foreign_Exchange_Reserve_over_GDP : -0.4473399995422566
--------------------

