--------------------
id : 7881462345
explain variance ratio : 0.2209564734121831
Weight :
Term_Premium : -0.23502167898340381
Stock_Market_Volatility : -0.41449608055842735
Current_Account_Balance_over_GDP : -0.36498463724635877
One-Day_Repo_Rate_AVG : -0.41499532629170366
Bank_Lending_mo12m%_change : -0.13332103456410252
Portfolio_Flows : -0.6706328392514547
--------------------

