--------------------
id : 7886726571
explain variance ratio : 0.20241757959736012
Weight :
Term_Premium : -0.1572345915080933
Risk_Premium : -0.44444197205867886
Stock_Prices_mom%_change : -0.27958541059764913
Stock_Prices_mom24mma%_change : -0.4864759489546876
Stock_Market_Volatility : -0.2957418386285192
Current_Account_Balance_over_GDP : -0.6101134244692717
Broad_Money_mo12m%_change : -0.056746278666158625
--------------------

