--------------------
id : 7894348885
explain variance ratio : 0.48502058871564246
Weight :
Term_Premium : 0.1833479176302853
Stock_Prices_mom%_change : 0.16013696070397498
One-Day_Repo_Rate_EOP : 0.5095973812935629
Foreign_Exchange_Reserve_change_yryr% : 0.5918204456356944
Broad_Money_mo12m%_change : 0.575151079303033
--------------------

