--------------------
id : 7901030025
explain variance ratio : 0.21057202194149655
Weight :
Term_Premium : -0.25353358064382026
Stock_Market_Volatility : -0.03723764134279339
Current_Account_Balance_over_GDP : -0.588544035571752
Bank_Lending_mo12m%_change : -0.3221437428431785
Foreign_Exchange_Reserve_change_yryr% : -0.37658651142000815
Broad_Money_mo12m%_change : -0.08354294789880484
Foreign_Exchange_Reserve_over_GDP : -0.5791170727633053
--------------------

