--------------------
id : 7915437368
explain variance ratio : 0.4091351275467356
Weight :
Risk_Premium : -0.40797536208154694
Stock_Market_Volatility : -0.22937040029042466
Current_Account_Balance_over_GDP : -0.5005625163373733
Velocity_of_Money_mo12m%_change : -0.4152323310652341
Foreign_Exchange_Reserve_over_GDP : -0.1079036357007411
Bank_Lending_mo12m%_change : -0.5884907877645426
--------------------

