--------------------
id : 7920854556
explain variance ratio : 0.23807750591798213
Weight :
Risk_Premium : -0.3219187079090881
Stock_Prices_mom24mma%_change : -0.5068827733064991
Stock_Market_Volatility : -0.15773725045833004
One-Day_Repo_Rate_AVG : -0.2129927879975542
Current_Account_Balance_over_GDP : -0.5693127286817654
Bank_Lending_mo12m%_change : -0.2739673754795633
Foreign_Exchange_Reserve_change_yryr% : -0.41233011754647836
--------------------

