--------------------
id : 7931073960
explain variance ratio : 0.22923566955444122
Weight :
Term_Premium : -0.1537481468910206
Risk_Premium : -0.2801553082387426
Stock_Prices_mom24mma%_change : -0.6102490150961579
Stock_Market_Volatility : -0.1193192675485992
Current_Account_Balance_over_GDP : -0.4879231668212965
Bank_Lending_mo12m%_change : -0.1385824478888095
Foreign_Exchange_Reserve_change_yryr% : -0.5039438966544697
--------------------

