--------------------
id : 7946032648
explain variance ratio : 0.22973998205073212
Weight :
Term_Premium : -0.1544364311257789
Risk_Premium : -0.3870496363095002
Stock_Market_Volatility : -0.02114609590700709
Current_Account_Balance_over_GDP : -0.5071153906898362
One-Day_Repo_Rate_EOP : -0.28533219047788505
Foreign_Exchange_Reserve_change_yryr% : -0.24616208575693022
Foreign_Exchange_Reserve_over_GDP : -0.5483753593962724
Bank_Lending_mo12m%_change : -0.3549690475902114
--------------------

