--------------------
id : 7946241529
explain variance ratio : 0.20126903437407911
Weight :
Term_Premium : -0.0961212979573248
Risk_Premium : -0.2793562406463701
Stock_Market_Volatility : -0.352411741078957
Current_Account_Balance_over_GDP : -0.502573373558759
Policy_Rate_&_Fed_Funds_Rate_Differential_AVG : -0.2313380319794482
Bank_Lending_mo12m%_change : -0.2699458671839396
Foreign_Exchange_Reserve_change_yryr% : -0.40109371930765425
Portfolio_Flows : -0.4986807875911517
--------------------

