--------------------
id : 7948760896
explain variance ratio : 0.24113913960149977
Weight :
Risk_Premium : -0.6100815696646901
Stock_Prices_mom24mma%_change : -0.28424163916112766
Current_Account_Balance_over_GDP : -0.6749649748897679
Foreign_Exchange_Reserve_change_yryr% : -0.11206886107009603
Velocity_of_Money_mo12m%_change : -0.24324174588820607
Portfolio_Flows : -0.14036906721292783
--------------------

