--------------------
id : 7951980402
explain variance ratio : 0.20641378840528696
Weight :
Term_Premium : -0.10422169592398817
Stock_Prices_mom24mma%_change : -0.3874722949709155
Stock_Market_Volatility : -0.33729391241982076
Current_Account_Balance_over_GDP : -0.5749825423663962
Bank_Lending_mo12m%_change : -0.35625755182822255
Broad_Money_mo12m%_change : -0.06201322782371799
Foreign_Exchange_Reserve_over_GDP : -0.31089293481884933
Portfolio_Flows : -0.4089149676486213
--------------------

