--------------------
id : 7953803809
explain variance ratio : 0.2597711431206514
Weight :
Risk_Premium : -0.3766258888418069
Stock_Prices_mom24mma%_change : -0.43520021681475063
Current_Account_Balance_over_GDP : -0.46789750315338413
Bank_Lending_mo12m%_change : -0.20662379778938608
Foreign_Exchange_Reserve_change_yryr% : -0.42458685885822744
Velocity_of_Money_mo12m%_change : -0.004701096567242963
Foreign_Exchange_Reserve_over_GDP : -0.4762731808997883
--------------------

