--------------------
id : 7958238174
explain variance ratio : 0.20643517026056418
Weight :
Term_Premium : 0.07934065529523802
Risk_Premium : 0.6682111430585281
Stock_Prices_mom24mma%_change : 0.05205008425896471
One-Day_Repo_Rate_EOP : 0.08807242852817188
Foreign_Exchange_Reserve_change_yryr% : 0.060199149167694116
Foreign_Exchange_Reserve_over_GDP : 0.5473409054842499
Bank_Lending_mo12m%_change : 0.4832462730272115
--------------------

