--------------------
id : 7963302369
explain variance ratio : 0.21681909393675952
Weight :
Risk_Premium : -0.4831738982063781
Stock_Prices_mom%_change : -0.060365312634292456
Stock_Prices_mom24mma%_change : -0.45629294634935935
Current_Account_Balance_over_GDP : -0.498687591997231
Foreign_Exchange_Reserve_over_GDP : -0.5270560276288642
Broad_Money_mo12m%_change : -0.1526966595038668
Velocity_of_Money_mo12m%_change : -0.07001513935486803
--------------------

