--------------------
id : 7976642698
explain variance ratio : 0.24110117452108618
Weight :
Risk_Premium : -0.49016616453121625
Stock_Market_Volatility : -0.0011445422731375388
Current_Account_Balance_over_GDP : -0.4833338514544041
One-Day_Repo_Rate_EOP : -0.17187676879172875
Foreign_Exchange_Reserve_change_yryr% : -0.020480575360820624
Velocity_of_Money_mo12m%_change : -0.4533224198171451
Foreign_Exchange_Reserve_over_GDP : -0.5391307033398544
--------------------

