--------------------
id : 7977982533
explain variance ratio : 0.24858441206840648
Weight :
Risk_Premium : -0.1102066728030331
Stock_Market_Volatility : -0.6735855885478382
One-Day_Repo_Rate_AVG : -0.13216937441696547
Bank_Lending_mo12m%_change : -0.10252429081275666
Portfolio_Flows : -0.7114470960162232
--------------------

