--------------------
id : 7979229735
explain variance ratio : 0.20956512738942534
Weight :
Risk_Premium : 0.41329075096010964
Stock_Prices_mom%_change : 0.08225832775054968
Current_Account_Balance_over_GDP : 0.5780906281006071
Foreign_Exchange_Reserve_change_yryr% : 0.5882217007506191
Bank_Lending_mo12m%_change : 0.17165389521739818
Broad_Money_mo12m%_change : 0.33580607411347085
--------------------

