--------------------
id : 7980795910
explain variance ratio : 0.2266908358174599
Weight :
Term_Premium : -0.40034691156998164
Stock_Prices_mom24mma%_change : -0.563248292612655
Stock_Market_Volatility : -0.06077804513673682
Current_Account_Balance_over_GDP : -0.5570063138528093
One-Day_Repo_Rate_EOP : -0.40501403956762766
Bank_Lending_mo12m%_change : -0.21092020902673692
--------------------

