--------------------
id : 7989554632
explain variance ratio : 0.20435190459958694
Weight :
Term_Premium : -0.36691294895259113
Stock_Prices_mom%_change : -0.33837541640810986
Stock_Prices_mom24mma%_change : -0.5055773343011445
Current_Account_Balance_over_GDP : -0.571827742961805
One-Day_Repo_Rate_EOP : -0.2799538372511511
Velocity_of_Money_mo12m%_change : -0.08447651663237485
Bank_Lending_mo12m%_change : -0.28769971155307805
--------------------

