--------------------
id : 7990463012
explain variance ratio : 0.26544486309170695
Weight :
Term_Premium : -0.15720158509756932
Risk_Premium : -0.3204377995087564
Stock_Prices_mom24mma%_change : -0.5893411907858018
Current_Account_Balance_over_GDP : -0.5179855129712808
Bank_Lending_mo12m%_change : -0.17688100954770938
Foreign_Exchange_Reserve_change_yryr% : -0.4750666857876208
--------------------

