--------------------
id : 8005702696
explain variance ratio : 0.2025370952660114
Weight :
Risk_Premium : 0.6074020913860733
Stock_Prices_mom24mma%_change : 0.465704440208098
One-Day_Repo_Rate_AVG : 0.14954673337779809
Bank_Lending_mo12m%_change : 0.36066816294733395
Velocity_of_Money_mo12m%_change : 0.1914218722237015
Portfolio_Flows : 0.4744407142698481
--------------------

