--------------------
id : 8010577876
explain variance ratio : 0.2005852452371969
Weight :
Risk_Premium : -0.6258114823625474
Stock_Prices_mom%_change : -0.3013460050476431
One-Day_Repo_Rate_EOP : -0.15095502660985172
Portfolio_Flows : -0.6564813852750405
Bank_Lending_mo12m%_change : -0.25257740301460163
--------------------

