--------------------
id : 8012630149
explain variance ratio : 0.20769814600704986
Weight :
Term_Premium : 0.05441912583020692
Risk_Premium : 0.6743919096293518
Stock_Prices_mom24mma%_change : 0.053715629705778783
One-Day_Repo_Rate_EOP : 0.0676609924071016
Foreign_Exchange_Reserve_over_GDP : 0.5276283895501307
Portfolio_Flows : 0.12001453194624831
Bank_Lending_mo12m%_change : 0.49191008005997283
--------------------

