--------------------
id : 8021832538
explain variance ratio : 0.20720010331560126
Weight :
Term_Premium : -0.16477414712574076
Risk_Premium : -0.29841940741261674
Stock_Prices_mom%_change : -0.25354483317716864
Stock_Prices_mom24mma%_change : -0.5728608884461142
Stock_Market_Volatility : -0.16015615458153462
Current_Account_Balance_over_GDP : -0.5067979095808658
Bank_Lending_mo12m%_change : -0.19717875845580565
Foreign_Exchange_Reserve_change_yryr% : -0.41227076052556166
--------------------

