--------------------
id : 8023440494
explain variance ratio : 0.22629186592874595
Weight :
Risk_Premium : -0.4317359319630159
Stock_Prices_mom24mma%_change : -0.5732488199053467
Stock_Market_Volatility : -0.25256072534502355
Current_Account_Balance_over_GDP : -0.6197228349015041
One-Day_Repo_Rate_AVG : -0.07820564968151507
Broad_Money_mo12m%_change : -0.17615459063528438
--------------------

