--------------------
id : 8028623659
explain variance ratio : 0.2598257242069413
Weight :
Risk_Premium : -0.372626867680269
Stock_Prices_mom24mma%_change : -0.44059017127442146
Stock_Market_Volatility : -0.01974494105348147
Current_Account_Balance_over_GDP : -0.4667564164756473
Bank_Lending_mo12m%_change : -0.2027394696120309
Foreign_Exchange_Reserve_change_yryr% : -0.4299096878705362
Foreign_Exchange_Reserve_over_GDP : -0.47207252745448447
--------------------

