--------------------
id : 8031884835
explain variance ratio : 0.21951539036786336
Weight :
Term_Premium : -0.376833591275267
Stock_Market_Volatility : -0.13647169006709353
Current_Account_Balance_over_GDP : -0.6233697773571467
One-Day_Repo_Rate_EOP : -0.427775800537465
Bank_Lending_mo12m%_change : -0.2990978750682299
Foreign_Exchange_Reserve_change_yryr% : -0.42229180501013414
--------------------

