--------------------
id : 8069209350
explain variance ratio : 0.28110061120334057
Weight :
Risk_Premium : -0.547821780277825
Stock_Prices_mom24mma%_change : -0.4481501833774483
Current_Account_Balance_over_GDP : -0.6308533399981439
Velocity_of_Money_mo12m%_change : -0.09544893886233824
Portfolio_Flows : -0.3032594164658938
--------------------

