--------------------
id : 8081031314
explain variance ratio : 0.25276651814429685
Weight :
Risk_Premium : 0.35455674485379035
Stock_Prices_mom24mma%_change : 0.32399115691008123
One-Day_Repo_Rate_EOP : 0.35341257154246725
Current_Account_Balance_over_GDP : 0.48363759215397245
Foreign_Exchange_Reserve_over_GDP : 0.5704524772348974
Bank_Lending_mo12m%_change : 0.2822439677715477
Broad_Money_mo12m%_change : 0.07372782735942526
--------------------

