--------------------
id : 8087500559
explain variance ratio : 0.20192037158889503
Weight :
Term_Premium : -0.12879810811100892
Risk_Premium : -0.3831821703960444
Stock_Prices_mom24mma%_change : -0.47683590218237726
Current_Account_Balance_over_GDP : -0.5856516455096122
Policy_Rate_&_Fed_Funds_Rate_Differential_EOP : -0.15270664426894437
Bank_Lending_mo12m%_change : -0.33463411302879453
Broad_Money_mo12m%_change : -0.10570229510711854
Portfolio_Flows : -0.3460489273817227
--------------------

