--------------------
id : 8109680677
explain variance ratio : 0.2175416057092497
Weight :
Term_Premium : 0.21268437929376313
Stock_Prices_mom%_change : 0.11261152732961743
Current_Account_Balance_over_GDP : 0.6631754362389237
Bank_Lending_mo12m%_change : 0.33812128212144416
Foreign_Exchange_Reserve_change_yryr% : 0.42172186171043746
Portfolio_Flows : 0.45837431147291136
--------------------

