--------------------
id : 8126359339
explain variance ratio : 0.20433540048118073
Weight :
Risk_Premium : -0.32288121716187634
Stock_Market_Volatility : -0.3746376709783402
Current_Account_Balance_over_GDP : -0.5256863857936406
One-Day_Repo_Rate_AVG : -0.1661807954516255
Foreign_Exchange_Reserve_change_yryr% : -0.36177447531828555
Bank_Lending_mo12m%_change : -0.3070995946976288
Broad_Money_mo12m%_change : -0.11039025449971643
Portfolio_Flows : -0.4626609576768878
--------------------

