--------------------
id : 8136704890
explain variance ratio : 0.20499837615317476
Weight :
Term_Premium : -0.3694311015822147
Stock_Prices_mom%_change : -0.33018614419258296
Stock_Prices_mom24mma%_change : -0.5045371614457609
One-Day_Repo_Rate_AVG : -0.2986555438649345
Current_Account_Balance_over_GDP : -0.568579370175789
Bank_Lending_mo12m%_change : -0.2823341313875608
Velocity_of_Money_mo12m%_change : -0.08803310894269134
--------------------

