--------------------
id : 8137153927
explain variance ratio : 0.2496802390304184
Weight :
Risk_Premium : -0.431696675654218
Stock_Prices_mom%_change : -0.08322262192196683
Stock_Prices_mom24mma%_change : -0.4061000382175456
Current_Account_Balance_over_GDP : -0.5932288605384899
Foreign_Exchange_Reserve_change_yryr% : -0.268546781349515
Bank_Lending_mo12m%_change : -0.37829339503706744
Portfolio_Flows : -0.273223327905194
--------------------

