--------------------
id : 8138320293
explain variance ratio : 0.45889038256620857
Weight :
Term_Premium : 0.1971057093949657
Stock_Prices_mom24mma%_change : 0.41343941586884303
One-Day_Repo_Rate_AVG : 0.5705567837957556
Foreign_Exchange_Reserve_over_GDP : 0.4953399944827149
Portfolio_Flows : 0.468316597037136
--------------------

