--------------------
id : 8142409767
explain variance ratio : 0.20896186052324006
Weight :
Risk_Premium : -0.4807156097808543
Stock_Market_Volatility : -0.29460700645888205
Current_Account_Balance_over_GDP : -0.6730745299473206
One-Day_Repo_Rate_AVG : -0.1448534935265866
Foreign_Exchange_Reserve_change_yryr% : -0.4320640370949095
Broad_Money_mo12m%_change : -0.14638314334970984
--------------------

