--------------------
id : 8143218990
explain variance ratio : 0.24926276416022777
Weight :
Risk_Premium : -0.4398041878297842
Stock_Prices_mom24mma%_change : -0.3909495901393104
Current_Account_Balance_over_GDP : -0.6001815386534728
Bank_Lending_mo12m%_change : -0.3872137183500204
Foreign_Exchange_Reserve_change_yryr% : -0.26746826316531663
Broad_Money_mo12m%_change : -0.03139322539622549
Portfolio_Flows : -0.2665587081994155
--------------------

