--------------------
id : 8183142717
explain variance ratio : 0.2123139264788878
Weight :
Risk_Premium : -0.6215152657037178
Stock_Prices_mom24mma%_change : -0.14880955862004092
Stock_Market_Volatility : -0.2936735554921679
One-Day_Repo_Rate_AVG : -0.05913203107318529
Bank_Lending_mo12m%_change : -0.47162958628232027
Foreign_Exchange_Reserve_over_GDP : -0.44217579068967605
Portfolio_Flows : -0.28962016320937006
--------------------

