--------------------
id : 8199334107
explain variance ratio : 0.5306100876822638
Weight :
Term_Premium : 0.1371274369366666
Stock_Prices_mom24mma%_change : 0.4160476278086138
One-Day_Repo_Rate_EOP : 0.4525076705662129
Foreign_Exchange_Reserve_change_yryr% : 0.5168304250166529
Foreign_Exchange_Reserve_over_GDP : 0.3300206976832667
Broad_Money_mo12m%_change : 0.47677027632865504
--------------------

