--------------------
id : 8199927484
explain variance ratio : 0.24920598411967748
Weight :
Term_Premium : -0.06094676668915155
Risk_Premium : -0.42508763772825653
Stock_Prices_mom24mma%_change : -0.4098441104870049
Current_Account_Balance_over_GDP : -0.5899875500903824
Bank_Lending_mo12m%_change : -0.36652953046665665
Foreign_Exchange_Reserve_change_yryr% : -0.2887132853347667
Portfolio_Flows : -0.28605808830604684
--------------------

