--------------------
id : 8204977223
explain variance ratio : 0.22537010892930515
Weight :
Term_Premium : -0.1859703734024855
Risk_Premium : -0.2945661738502584
Stock_Prices_mom%_change : -0.34000443960459703
Stock_Prices_mom24mma%_change : -0.5900422168097423
Current_Account_Balance_over_GDP : -0.45427386536790637
Portfolio_Flows : -0.42073656976458695
Bank_Lending_mo12m%_change : -0.1775075969574206
--------------------

