--------------------
id : 8220491501
explain variance ratio : 0.26220519684334387
Weight :
Risk_Premium : 0.3086420153695344
Stock_Prices_mom24mma%_change : 0.539025687865607
One-Day_Repo_Rate_AVG : 0.26874295056368214
Current_Account_Balance_over_GDP : 0.5256336338874985
Portfolio_Flows : 0.45194896258870687
Bank_Lending_mo12m%_change : 0.24783070599339369
--------------------

