--------------------
id : 8257176288
explain variance ratio : 0.22918300541550019
Weight :
Risk_Premium : -0.455561097443899
Stock_Prices_mom%_change : -0.13602589843804463
Current_Account_Balance_over_GDP : -0.5974329305337575
One-Day_Repo_Rate_EOP : -0.28584649319730987
Portfolio_Flows : -0.5790740171087627
--------------------

