--------------------
id : 8257008000
explain variance ratio : 0.20192037158889534
Weight :
Term_Premium : -0.12879810811100784
Risk_Premium : -0.38318217039604485
Stock_Prices_mom24mma%_change : -0.4768359021823777
Policy_Rate_&_Fed_Funds_Rate_Differential_EOP : -0.1527066442689442
Current_Account_Balance_over_GDP : -0.5856516455096121
Bank_Lending_mo12m%_change : -0.33463411302879437
Broad_Money_mo12m%_change : -0.1057022951071189
Portfolio_Flows : -0.3460489273817231
--------------------

