--------------------
id : 8273957829
explain variance ratio : 0.20633206154143202
Weight :
Term_Premium : 0.09688834238663052
Risk_Premium : 0.6424910569267703
Stock_Market_Volatility : 0.0497483931776629
One-Day_Repo_Rate_EOP : 0.12781103316189768
Bank_Lending_mo12m%_change : 0.46902693056768935
Foreign_Exchange_Reserve_change_yryr% : 0.07908870644718421
Foreign_Exchange_Reserve_over_GDP : 0.5768587721199927
--------------------

