--------------------
id : 8277094547
explain variance ratio : 0.20217757093076577
Weight :
Term_Premium : -0.26730007505824355
Risk_Premium : -0.5458998553046537
Stock_Prices_mom%_change : -0.09626239334476247
Current_Account_Balance_over_GDP : -0.6591688175698496
Foreign_Exchange_Reserve_change_yryr% : -0.4059672627644376
Broad_Money_mo12m%_change : -0.14820465912672798
--------------------

