--------------------
id : 8299274345
explain variance ratio : 0.2025024768515218
Weight :
Term_Premium : -0.10924073774074004
Stock_Prices_mom%_change : -0.19126919987298333
Stock_Prices_mom24mma%_change : -0.42577299259454116
Stock_Market_Volatility : -0.41057579024198154
Current_Account_Balance_over_GDP : -0.556073062251188
One-Day_Repo_Rate_AVG : -0.11773743699424205
Bank_Lending_mo12m%_change : -0.3410125170701957
Portfolio_Flows : -0.40281328455269577
--------------------

