--------------------
id : 8311014308
explain variance ratio : 0.26162471421083827
Weight :
Risk_Premium : -0.38866065773560526
Stock_Market_Volatility : -0.004829799720266814
Current_Account_Balance_over_GDP : -0.4989373631761781
One-Day_Repo_Rate_AVG : -0.3108620273702966
Foreign_Exchange_Reserve_change_yryr% : -0.26111900984952263
Foreign_Exchange_Reserve_over_GDP : -0.5625901844487976
Bank_Lending_mo12m%_change : -0.34446338090759854
--------------------

