--------------------
id : 8318236573
explain variance ratio : 0.23294026646619034
Weight :
Term_Premium : -0.0959904260182108
Stock_Prices_mom24mma%_change : -0.19626213070495896
Current_Account_Balance_over_GDP : -0.714697561163518
Foreign_Exchange_Reserve_change_yryr% : -0.1089861932792747
Foreign_Exchange_Reserve_over_GDP : -0.3244755261709253
Bank_Lending_mo12m%_change : -0.557952166804182
Portfolio_Flows : -0.11402382373882669
--------------------

