--------------------
id : 8337522852
explain variance ratio : 0.5253454805953149
Weight :
Term_Premium : 0.13735733860826188
Stock_Prices_mom24mma%_change : 0.4847687971458593
One-Day_Repo_Rate_AVG : 0.46278053771434824
Foreign_Exchange_Reserve_change_yryr% : 0.5574802061611887
Portfolio_Flows : 0.4703000834525855
--------------------

