--------------------
id : 8348790775
explain variance ratio : 0.2369450943229741
Weight :
Risk_Premium : -0.410479214168765
Stock_Prices_mom24mma%_change : -0.44408120685505614
Current_Account_Balance_over_GDP : -0.6178656448268058
One-Day_Repo_Rate_EOP : -0.11394015240478914
Bank_Lending_mo12m%_change : -0.35612924890350206
Foreign_Exchange_Reserve_change_yryr% : -0.3244092174722928
Broad_Money_mo12m%_change : -0.08653901294052237
--------------------

