--------------------
id : 8375669298
explain variance ratio : 0.22474896222693938
Weight :
Risk_Premium : 0.30726604824786546
Stock_Prices_mom24mma%_change : 0.5393670274486343
Current_Account_Balance_over_GDP : 0.5246072391862155
One-Day_Repo_Rate_AVG : 0.2708708873057666
Velocity_of_Money_mo12m%_change : 0.0032157765897883467
Bank_Lending_mo12m%_change : 0.24682510317708398
Portfolio_Flows : 0.4529393110798781
--------------------

