--------------------
id : 8416199970
explain variance ratio : 0.225339842475325
Weight :
Term_Premium : -0.7337970313631336
Risk_Premium : -0.033337100313384216
Stock_Prices_mom%_change : -0.6404341646423799
Current_Account_Balance_over_GDP : -0.21795108732666774
Bank_Lending_mo12m%_change : -0.05264939503249466
--------------------

