--------------------
id : 8422575046
explain variance ratio : 0.21896974302909375
Weight :
Term_Premium : -0.2108670318277778
Stock_Prices_mom24mma%_change : -0.3942478011313388
One-Day_Repo_Rate_AVG : -0.26505733062189507
Current_Account_Balance_over_GDP : -0.6765950685079922
Bank_Lending_mo12m%_change : -0.4157108476664449
Foreign_Exchange_Reserve_change_yryr% : -0.2707307997715212
Velocity_of_Money_mo12m%_change : -0.16111119183044573
--------------------

