--------------------
id : 8425265477
explain variance ratio : 0.2729424313382651
Weight :
Risk_Premium : -0.44785924209061784
Stock_Prices_mom24mma%_change : -0.2222093128558476
One-Day_Repo_Rate_AVG : -0.1650445674862566
Current_Account_Balance_over_GDP : -0.5681429846054447
Bank_Lending_mo12m%_change : -0.424299309041703
Foreign_Exchange_Reserve_change_yryr% : -0.18927862016261904
Foreign_Exchange_Reserve_over_GDP : -0.4291417721885269
--------------------

