--------------------
id : 8428762269
explain variance ratio : 0.3886824488127911
Weight :
Term_Premium : 0.28681176328993135
Stock_Prices_mom24mma%_change : 0.39540110956839014
Current_Account_Balance_over_GDP : 0.0614337941298143
One-Day_Repo_Rate_EOP : 0.6434040715257043
Foreign_Exchange_Reserve_over_GDP : 0.5862201503476044
--------------------

