--------------------
id : 8432588689
explain variance ratio : 0.24507426445451022
Weight :
Term_Premium : -0.008461522627031377
Risk_Premium : -0.5636687283238363
Stock_Market_Volatility : -0.17023322963731474
Current_Account_Balance_over_GDP : -0.5559480692340445
Current_Account_Balance_change_yryr% : -0.017366557578999242
Velocity_of_Money_mo12m%_change : -0.48596329777750025
Foreign_Exchange_Reserve_over_GDP : -0.32815611388161203
--------------------

