--------------------
id : 8475186259
explain variance ratio : 0.4673484432330385
Weight :
Term_Premium : 0.15246741898350527
Stock_Prices_mom24mma%_change : 0.43491049699395956
One-Day_Repo_Rate_AVG : 0.4857311395470225
Foreign_Exchange_Reserve_over_GDP : 0.3692250513921803
Broad_Money_mo12m%_change : 0.47583292393835175
Portfolio_Flows : 0.43465813664079256
--------------------

