--------------------
id : 8501562986
explain variance ratio : 0.2259832339451656
Weight :
Term_Premium : 0.17501631127748452
Risk_Premium : 0.3316320444017146
Stock_Market_Volatility : 0.05124108262502527
Current_Account_Balance_over_GDP : 0.43839698816823774
One-Day_Repo_Rate_EOP : 0.3652841526478944
Foreign_Exchange_Reserve_over_GDP : 0.5941860248928273
Bank_Lending_mo12m%_change : 0.2943501553569759
Portfolio_Flows : 0.302391057766081
--------------------

