--------------------
id : 8503839729
explain variance ratio : 0.23160237092287425
Weight :
Risk_Premium : -0.3622309441417672
Stock_Prices_mom24mma%_change : -0.37096640237130374
Stock_Market_Volatility : -0.32631276260888237
Current_Account_Balance_over_GDP : -0.5499669166824115
One-Day_Repo_Rate_EOP : -0.06624930017321372
Foreign_Exchange_Reserve_change_yryr% : -0.2696291653585745
Bank_Lending_mo12m%_change : -0.3582088764411544
Portfolio_Flows : -0.3417990450317574
--------------------

