--------------------
id : 8517778961
explain variance ratio : 0.2119241096445592
Weight :
Term_Premium : 0.4626606655465512
Stock_Prices_mom%_change : 0.19696591806578212
Current_Account_Balance_over_GDP : 0.5728048421341944
One-Day_Repo_Rate_AVG : 0.42592214227627007
Bank_Lending_mo12m%_change : 0.30595737698470693
Portfolio_Flows : 0.3795056793930451
--------------------

