--------------------
id : 8523242968
explain variance ratio : 0.24516800665377292
Weight :
Term_Premium : 0.1781773727023696
Stock_Prices_mom24mma%_change : 0.4218288625871754
Current_Account_Balance_over_GDP : 0.6920450044064569
One-Day_Repo_Rate_EOP : 0.19643300508436598
Bank_Lending_mo12m%_change : 0.43390804140725264
Portfolio_Flows : 0.29073154719948496
--------------------

