--------------------
id : 8543294100
explain variance ratio : 0.20134954105379826
Weight :
Term_Premium : -0.09360320694027668
Risk_Premium : -0.5491427723768226
Stock_Prices_mom24mma%_change : -0.43363389697437593
Current_Account_Balance_over_GDP : -0.639770748097432
Velocity_of_Money_mo12m%_change : -0.11632539462198394
Broad_Money_mo12m%_change : -0.005112373786898328
Portfolio_Flows : -0.2806741075887887
--------------------

