--------------------
id : 8546826231
explain variance ratio : 0.2755500327064911
Weight :
Risk_Premium : -0.5455173379877192
Stock_Prices_mom24mma%_change : -0.18936044982744993
Current_Account_Balance_over_GDP : -0.5380955144538022
Foreign_Exchange_Reserve_change_yryr% : -0.14951084351286698
Foreign_Exchange_Reserve_over_GDP : -0.5092203978887627
Velocity_of_Money_mo12m%_change : -0.30878433471715605
--------------------

