--------------------
id : 8561818936
explain variance ratio : 0.21254196685988963
Weight :
Term_Premium : -0.09001449261934809
Risk_Premium : -0.5168833621555712
Stock_Market_Volatility : -0.06700722350677571
Current_Account_Balance_over_GDP : -0.5136079572303437
One-Day_Repo_Rate_EOP : -0.10331733917161973
Velocity_of_Money_mo12m%_change : -0.4618562489801632
Foreign_Exchange_Reserve_over_GDP : -0.4803487987767051
Portfolio_Flows : -0.04153605098063865
--------------------

