--------------------
id : 8563069600
explain variance ratio : 0.28447632073579476
Weight :
Term_Premium : 0.2158871096997671
Stock_Prices_mom24mma%_change : 0.5806405129199025
Stock_Market_Volatility : 0.00852220825464406
Current_Account_Balance_over_GDP : 0.1445660019177622
Foreign_Exchange_Reserve_over_GDP : 0.47210569544324216
Portfolio_Flows : 0.6102406132073012
--------------------

