--------------------
id : 8573695550
explain variance ratio : 0.20961019785073276
Weight :
Term_Premium : -0.18193247417188516
Stock_Prices_mom%_change : -0.24165514682201872
Stock_Prices_mom24mma%_change : -0.4702380243026597
Current_Account_Balance_over_GDP : -0.6687148750242979
Bank_Lending_mo12m%_change : -0.40722233075632375
Broad_Money_mo12m%_change : -0.02632621797941087
Portfolio_Flows : -0.27143486301059905
--------------------

