--------------------
id : 8586305158
explain variance ratio : 0.2024823127930369
Weight :
Term_Premium : -0.13122989192819598
Risk_Premium : -0.3777443432851908
Stock_Prices_mom24mma%_change : -0.47309673879238984
Current_Account_Balance_over_GDP : -0.5849900558969628
One-Day_Repo_Rate_AVG : -0.17758019470198014
Bank_Lending_mo12m%_change : -0.33189306102434796
Broad_Money_mo12m%_change : -0.10443603490173209
Portfolio_Flows : -0.3485102895665042
--------------------

