--------------------
id : 8603826735
explain variance ratio : 0.2083207990108993
Weight :
Risk_Premium : 0.6870595066434061
Stock_Prices_mom24mma%_change : 0.039250192212950896
One-Day_Repo_Rate_AVG : 0.0536960673648616
Bank_Lending_mo12m%_change : 0.5074569704809873
Foreign_Exchange_Reserve_change_yryr% : 0.0334111597996927
Foreign_Exchange_Reserve_over_GDP : 0.5046882646148821
Portfolio_Flows : 0.10092701403901144
--------------------

