--------------------
id : 8622636010
explain variance ratio : 0.21217138625744197
Weight :
Risk_Premium : -0.6174152570634612
Stock_Prices_mom24mma%_change : -0.15765983964500319
Stock_Market_Volatility : -0.3028657579386985
One-Day_Repo_Rate_EOP : -0.05330476111810942
Foreign_Exchange_Reserve_over_GDP : -0.43781790993294933
Portfolio_Flows : -0.3008810154210282
Bank_Lending_mo12m%_change : -0.4660030072004752
--------------------

