--------------------
id : 8629811522
explain variance ratio : 0.45506381067526525
Weight :
Term_Premium : 0.14299947014781886
Stock_Prices_mom%_change : 0.10847149046225679
Stock_Prices_mom24mma%_change : 0.3503052928151837
One-Day_Repo_Rate_EOP : 0.4694630992552533
Policy_Rate_&_Fed_Funds_Rate_Differential_AVG : 0.47986120238811725
Foreign_Exchange_Reserve_over_GDP : 0.3367907465687564
Broad_Money_mo12m%_change : 0.3988257314350322
Portfolio_Flows : 0.34916893185285214
--------------------

