--------------------
id : 8661427527
explain variance ratio : 0.22071116959665996
Weight :
Term_Premium : -0.37436449871718186
Stock_Market_Volatility : -0.10579588766027659
One-Day_Repo_Rate_AVG : -0.43440130194668214
Current_Account_Balance_over_GDP : -0.6299985020765851
Bank_Lending_mo12m%_change : -0.30758621207255554
Foreign_Exchange_Reserve_change_yryr% : -0.41042242951080465
--------------------

