--------------------
id : 8702143426
explain variance ratio : 0.21791938772541852
Weight :
Term_Premium : -0.1473436262380251
Risk_Premium : -0.3833683629862843
Stock_Prices_mom24mma%_change : -0.024465789984595268
One-Day_Repo_Rate_AVG : -0.32510124176541844
Bank_Lending_mo12m%_change : -0.355534819960361
Velocity_of_Money_mo12m%_change : -0.4559111710632615
Foreign_Exchange_Reserve_over_GDP : -0.6097269049609574
Portfolio_Flows : -0.13784868172554113
--------------------

