--------------------
id : 8705799600
explain variance ratio : 0.20808699695051514
Weight :
Term_Premium : -0.12864974593905826
Risk_Premium : -0.23428214002806722
Stock_Prices_mom24mma%_change : -0.5089557957929418
Stock_Market_Volatility : -0.3115720354456778
Current_Account_Balance_over_GDP : -0.4646404497280814
Policy_Rate_&_Fed_Funds_Rate_Differential_EOP : -0.24238757732853677
Bank_Lending_mo12m%_change : -0.21527850985137345
Portfolio_Flows : -0.5014585370897159
--------------------

