--------------------
id : 8711200153
explain variance ratio : 0.2007144043798733
Weight :
Term_Premium : -0.36182636137093543
Risk_Premium : -0.13892723938228468
Stock_Prices_mom%_change : -0.5690779796144869
Stock_Prices_mom24mma%_change : -0.6418374028284927
Stock_Market_Volatility : -0.05213228036263873
Current_Account_Balance_over_GDP : -0.3324345972735561
Bank_Lending_mo12m%_change : -0.027301496345723847
--------------------

