--------------------
id : 8712305145
explain variance ratio : 0.20490447380202634
Weight :
Term_Premium : -0.13829568347323423
Stock_Prices_mom24mma%_change : -0.45091302143660406
Stock_Market_Volatility : -0.5095229204580658
Current_Account_Balance_over_GDP : -0.7186723451131088
One-Day_Repo_Rate_AVG : -0.005470263964126143
Broad_Money_mo12m%_change : -0.03766007356943829
--------------------

