--------------------
id : 8719602726
explain variance ratio : 0.2098004608811331
Weight :
Term_Premium : -0.21090769886014848
Stock_Prices_mom%_change : -0.2990533502208857
Stock_Prices_mom24mma%_change : -0.5141522543993606
Current_Account_Balance_over_GDP : -0.6149158199923371
Bank_Lending_mo12m%_change : -0.34521019903366756
Velocity_of_Money_mo12m%_change : -0.04575819890276121
Portfolio_Flows : -0.31991738874074815
--------------------

