--------------------
id : 8721254087
explain variance ratio : 0.26784420147450017
Weight :
Risk_Premium : -0.16170977016814145
Stock_Prices_mom%_change : -0.6031553709104992
Stock_Prices_mom24mma%_change : -0.7103722111795988
Current_Account_Balance_over_GDP : -0.32468362922943966
Bank_Lending_mo12m%_change : -0.0023262132732185248
--------------------

