--------------------
id : 8722458292
explain variance ratio : 0.23167467121939408
Weight :
Risk_Premium : -0.3567595851841918
Stock_Prices_mom%_change : -0.09789370024375382
Stock_Prices_mom24mma%_change : -0.39845506005223774
Stock_Market_Volatility : -0.32989687892781505
Current_Account_Balance_over_GDP : -0.5316935592555295
Bank_Lending_mo12m%_change : -0.3329859046735346
Foreign_Exchange_Reserve_change_yryr% : -0.2774106369907122
Portfolio_Flows : -0.3535628954565019
--------------------

