--------------------
id : 8741990449
explain variance ratio : 0.4314611797204304
Weight :
Term_Premium : 0.18863590830481514
Stock_Prices_mom%_change : 0.13538435391622372
Stock_Prices_mom24mma%_change : 0.4380300992304159
One-Day_Repo_Rate_EOP : 0.5327654562088054
Foreign_Exchange_Reserve_change_yryr% : 0.5359750644833707
Foreign_Exchange_Reserve_over_GDP : 0.42791225958549817
--------------------

