--------------------
id : 8744133752
explain variance ratio : 0.24101327101971506
Weight :
Term_Premium : 0.1107177859177142
Risk_Premium : 0.6373947199148136
Stock_Prices_mom24mma%_change : 0.04031786767815984
One-Day_Repo_Rate_AVG : 0.15178287486889253
Foreign_Exchange_Reserve_over_GDP : 0.5799181849414541
Bank_Lending_mo12m%_change : 0.469575201775845
--------------------

