--------------------
id : 8762453899
explain variance ratio : 0.22988952090039427
Weight :
Risk_Premium : -0.3890219983623618
Stock_Prices_mom%_change : -0.2165512385687786
Stock_Prices_mom24mma%_change : -0.5254549258955744
Current_Account_Balance_over_GDP : -0.5429362846503882
Bank_Lending_mo12m%_change : -0.28765850504543194
Broad_Money_mo12m%_change : -0.13507301733215643
Portfolio_Flows : -0.3604061902775869
--------------------

