--------------------
id : 8766086139
explain variance ratio : 0.21141817036288293
Weight :
Term_Premium : -0.3491502268855849
Risk_Premium : -0.2091347142344699
Stock_Prices_mom%_change : -0.382997193501473
Stock_Prices_mom24mma%_change : -0.5798468326843522
Current_Account_Balance_over_GDP : -0.4882713007565479
One-Day_Repo_Rate_AVG : -0.2831446410103864
Bank_Lending_mo12m%_change : -0.18129489757943423
--------------------

