--------------------
id : 8769449505
explain variance ratio : 0.2347290524490435
Weight :
Risk_Premium : 0.3540984996937962
Stock_Prices_mom%_change : 0.09829673995584712
Current_Account_Balance_over_GDP : 0.4778045379087874
Bank_Lending_mo12m%_change : 0.17010568931753017
Foreign_Exchange_Reserve_change_yryr% : 0.5302204076913332
Portfolio_Flows : 0.5714763343410387
--------------------

