--------------------
id : 8778769517
explain variance ratio : 0.38260417705579064
Weight :
Term_Premium : 0.19745435281402843
Stock_Prices_mom24mma%_change : 0.4150967784787428
One-Day_Repo_Rate_AVG : 0.5686244594886054
Current_Account_Balance_over_GDP : 0.030323081458573042
Foreign_Exchange_Reserve_over_GDP : 0.4965143574562806
Portfolio_Flows : 0.4668261675327209
--------------------

