--------------------
id : 8793167934
explain variance ratio : 0.20978372658240857
Weight :
Term_Premium : -0.1442977074180586
Risk_Premium : -0.3216397668880919
Stock_Prices_mom24mma%_change : -0.4900627210305851
Stock_Market_Volatility : -0.16592030612747868
Current_Account_Balance_over_GDP : -0.5760721113896413
One-Day_Repo_Rate_EOP : -0.20160116672548326
Foreign_Exchange_Reserve_change_yryr% : -0.390319366901684
Bank_Lending_mo12m%_change : -0.2884158409938705
--------------------

