--------------------
id : 8795411080
explain variance ratio : 0.22417193938129867
Weight :
Risk_Premium : 0.31001824681484125
Stock_Prices_mom24mma%_change : 0.5401345479410418
Current_Account_Balance_over_GDP : 0.5262997383492438
One-Day_Repo_Rate_EOP : 0.2573399095256648
Velocity_of_Money_mo12m%_change : 4.5007191296714266e-05
Bank_Lending_mo12m%_change : 0.2500875717728314
Portfolio_Flows : 0.45429540781339706
--------------------

