--------------------
id : 8797614072
explain variance ratio : 0.2170281506095702
Weight :
Term_Premium : -0.052261363565754386
Risk_Premium : -0.2051805181338716
Stock_Market_Volatility : -0.39921258736889537
Current_Account_Balance_over_GDP : -0.352740190601433
Bank_Lending_mo12m%_change : -0.09247672219272979
Foreign_Exchange_Reserve_change_yryr% : -0.5031401561407571
Portfolio_Flows : -0.6400557882000627
--------------------

