--------------------
id : 8798286336
explain variance ratio : 0.3243793820296972
Weight :
Term_Premium : 0.1758815904568637
Stock_Prices_mom%_change : 0.10567188305473674
Current_Account_Balance_over_GDP : 0.012837374402959754
Foreign_Exchange_Reserve_change_yryr% : 0.6188142875112594
Foreign_Exchange_Reserve_over_GDP : 0.49500688439906143
Portfolio_Flows : 0.5742572446717031
--------------------

