--------------------
id : 8884183635
explain variance ratio : 0.2755500327064911
Weight :
Risk_Premium : -0.5455173379877195
Stock_Prices_mom24mma%_change : -0.18936044982744904
Current_Account_Balance_over_GDP : -0.5380955144538025
Foreign_Exchange_Reserve_change_yryr% : -0.1495108435128655
Velocity_of_Money_mo12m%_change : -0.3087843347171573
Foreign_Exchange_Reserve_over_GDP : -0.5092203978887618
--------------------

