--------------------
id : 8886059218
explain variance ratio : 0.22953051961481485
Weight :
Risk_Premium : -0.27221592983042603
Stock_Market_Volatility : -0.3512590997639237
Current_Account_Balance_over_GDP : -0.4896722819867271
One-Day_Repo_Rate_AVG : -0.24440155306471678
Foreign_Exchange_Reserve_change_yryr% : -0.4125170889887925
Bank_Lending_mo12m%_change : -0.2565793438849775
Portfolio_Flows : -0.5167215508151638
--------------------

