--------------------
id : 8889372024
explain variance ratio : 0.29204780928119883
Weight :
Risk_Premium : 0.28467936985472453
Stock_Prices_mom24mma%_change : 0.34153240911491695
Current_Account_Balance_over_GDP : 0.4166501636045952
One-Day_Repo_Rate_EOP : 0.4462772625717094
Bank_Lending_mo12m%_change : 0.2046326298047106
Foreign_Exchange_Reserve_over_GDP : 0.6226379387752181
--------------------

