--------------------
id : 8895671318
explain variance ratio : 0.20125993337214287
Weight :
Risk_Premium : -0.27098462166778564
Stock_Prices_mom%_change : -0.03575916676454688
Stock_Market_Volatility : -0.36834964974165696
Current_Account_Balance_over_GDP : -0.4889301688975575
One-Day_Repo_Rate_EOP : -0.23449067068270624
Foreign_Exchange_Reserve_change_yryr% : -0.4020037438288462
Bank_Lending_mo12m%_change : -0.26120969004431416
Portfolio_Flows : -0.515491081810537
--------------------

