--------------------
id : 8935296640
explain variance ratio : 0.2368452229900273
Weight :
Risk_Premium : -0.52664308048876
Stock_Market_Volatility : -0.13207993751953884
Current_Account_Balance_over_GDP : -0.5100237694406307
Foreign_Exchange_Reserve_change_yryr% : -0.16708379362413545
Velocity_of_Money_mo12m%_change : -0.295659741184087
Foreign_Exchange_Reserve_over_GDP : -0.5238544217221073
Portfolio_Flows : -0.23520752257748462
--------------------

