--------------------
id : 8974641493
explain variance ratio : 0.20847790698983087
Weight :
Term_Premium : -0.31722343621015436
Stock_Prices_mom24mma%_change : -0.4915020512557696
Current_Account_Balance_over_GDP : -0.5511422272596801
Velocity_of_Money_mo12m%_change : -0.05652031547059887
Foreign_Exchange_Reserve_over_GDP : -0.5101039895882102
Bank_Lending_mo12m%_change : -0.23363385154492763
Broad_Money_mo12m%_change : -0.18987329359130353
--------------------

