--------------------
id : 8978394806
explain variance ratio : 0.5575185959386999
Weight :
Term_Premium : 0.10700305158477691
Stock_Prices_mom24mma%_change : 0.43338078936531055
One-Day_Repo_Rate_AVG : 0.3885929304940856
Foreign_Exchange_Reserve_change_yryr% : 0.5076620561080387
Broad_Money_mo12m%_change : 0.48506599967491043
Portfolio_Flows : 0.3958752145287737
--------------------

