--------------------
id : 8981816299
explain variance ratio : 0.43106113496070997
Weight :
Term_Premium : 0.14067079320284792
Stock_Prices_mom%_change : 0.125825472595945
Stock_Prices_mom24mma%_change : 0.4150097886382226
One-Day_Repo_Rate_EOP : 0.47273351810499387
Foreign_Exchange_Reserve_change_yryr% : 0.5040356166159153
Foreign_Exchange_Reserve_over_GDP : 0.3716432713085318
Portfolio_Flows : 0.4201177818825672
--------------------

