--------------------
id : 9009685099
explain variance ratio : 0.24688031542642247
Weight :
Term_Premium : 0.1875399522448852
Risk_Premium : 0.20721136498898296
Stock_Prices_mom24mma%_change : 0.5440827076868813
Stock_Market_Volatility : 0.05540657876481253
Current_Account_Balance_over_GDP : 0.2539920332797251
Foreign_Exchange_Reserve_over_GDP : 0.489294606517371
Portfolio_Flows : 0.5646903309075882
--------------------

