--------------------
id : 9011893893
explain variance ratio : 0.24619706213829096
Weight :
Term_Premium : -0.035231031096586436
Stock_Market_Volatility : -0.4970268219490092
Current_Account_Balance_over_GDP : -0.4255066929955331
Foreign_Exchange_Reserve_change_yryr% : -0.4204080951146001
Portfolio_Flows : -0.5992962284590797
Bank_Lending_mo12m%_change : -0.18646241187966145
--------------------

