--------------------
id : 9012330591
explain variance ratio : 0.2745485540777716
Weight :
Term_Premium : -0.3636399973961256
Stock_Prices_mom%_change : -0.5015666641997517
Stock_Prices_mom24mma%_change : -0.5844473572234229
Current_Account_Balance_over_GDP : -0.4900434248317383
Bank_Lending_mo12m%_change : -0.18567595986292218
--------------------

