--------------------
id : 9014467312
explain variance ratio : 0.27398911439847506
Weight :
Risk_Premium : -0.3293083473448938
Stock_Prices_mom24mma%_change : -0.7036969585833194
Current_Account_Balance_over_GDP : -0.5084638342005268
Bank_Lending_mo12m%_change : -0.12559163127572864
Broad_Money_mo12m%_change : -0.34936782094686647
--------------------

