--------------------
id : 9019846320
explain variance ratio : 0.2254421919253592
Weight :
Term_Premium : -0.17737642397029565
Stock_Prices_mom%_change : -0.04320216561078177
Stock_Prices_mom24mma%_change : -0.3649944975307695
Current_Account_Balance_over_GDP : -0.6345799924303254
Foreign_Exchange_Reserve_over_GDP : -0.4195770670749741
Bank_Lending_mo12m%_change : -0.40578827178594207
Portfolio_Flows : -0.3000823059615153
--------------------

