--------------------
id : 9020464726
explain variance ratio : 0.2193796527167514
Weight :
Risk_Premium : -0.4373192103915361
Stock_Prices_mom%_change : -0.05426705196725223
Stock_Prices_mom24mma%_change : -0.371292937710319
One-Day_Repo_Rate_AVG : -0.06688192550327346
Current_Account_Balance_over_GDP : -0.6124976218891633
Bank_Lending_mo12m%_change : -0.41143046918480985
Foreign_Exchange_Reserve_change_yryr% : -0.24181296448347817
Portfolio_Flows : -0.24611680185416424
--------------------

