--------------------
id : 9020613967
explain variance ratio : 0.2247828690996921
Weight :
Risk_Premium : -0.4664222110831651
Stock_Prices_mom%_change : -0.32405955521410384
Stock_Prices_mom24mma%_change : -0.5575726922759977
Current_Account_Balance_over_GDP : -0.603673000085232
One-Day_Repo_Rate_AVG : -0.04603303912035076
Velocity_of_Money_mo12m%_change : -0.002878678214788797
--------------------

