--------------------
id : 9023923726
explain variance ratio : 0.23456082703715964
Weight :
Risk_Premium : -0.21633628225739335
Stock_Prices_mom24mma%_change : -0.5320545046332175
Stock_Market_Volatility : -0.2961212208037474
One-Day_Repo_Rate_AVG : -0.25885316232210764
Current_Account_Balance_over_GDP : -0.4371385424205091
Portfolio_Flows : -0.5415760863047664
Bank_Lending_mo12m%_change : -0.17615083734509832
--------------------

