--------------------
id : 9028001308
explain variance ratio : 0.22420352985230224
Weight :
Term_Premium : -0.709696334485804
Stock_Prices_mom24mma%_change : -0.07536491782511079
One-Day_Repo_Rate_EOP : -0.4690765360972314
Bank_Lending_mo12m%_change : -0.23544871054687175
Velocity_of_Money_mo12m%_change : -0.4638775161219463
--------------------

