--------------------
id : 9053207185
explain variance ratio : 0.20847790698983087
Weight :
Term_Premium : -0.3172234362101554
Stock_Prices_mom24mma%_change : -0.4915020512557685
Current_Account_Balance_over_GDP : -0.5511422272596793
Foreign_Exchange_Reserve_over_GDP : -0.5101039895882118
Bank_Lending_mo12m%_change : -0.23363385154492688
Broad_Money_mo12m%_change : -0.1898732935913037
Velocity_of_Money_mo12m%_change : -0.05652031547059912
--------------------

