--------------------
id : 9067403926
explain variance ratio : 0.244662671059797
Weight :
Term_Premium : 0.2093119089708
Risk_Premium : 0.3058970882195116
Stock_Prices_mom24mma%_change : 0.059438587350615586
One-Day_Repo_Rate_AVG : 0.4230688568776083
Bank_Lending_mo12m%_change : 0.2711623069668999
Velocity_of_Money_mo12m%_change : 0.4156554611883821
Foreign_Exchange_Reserve_over_GDP : 0.6586325483306479
--------------------

