--------------------
id : 9070921263
explain variance ratio : 0.21025731979925807
Weight :
Term_Premium : -0.14510349411496154
Risk_Premium : -0.32486030742660593
Stock_Prices_mom24mma%_change : -0.4857583706937957
Stock_Market_Volatility : -0.1563311915000181
One-Day_Repo_Rate_AVG : -0.20922225699145547
Current_Account_Balance_over_GDP : -0.5783877437623608
Bank_Lending_mo12m%_change : -0.29147691721889946
Foreign_Exchange_Reserve_change_yryr% : -0.3869689810474063
--------------------

