--------------------
id : 9084417918
explain variance ratio : 0.3755724960905886
Weight :
Term_Premium : 0.14130153509840035
Stock_Prices_mom%_change : 0.12291645145931684
Stock_Prices_mom24mma%_change : 0.41552743236563466
One-Day_Repo_Rate_AVG : 0.46995301621512203
Current_Account_Balance_over_GDP : 0.008871596991918543
Foreign_Exchange_Reserve_change_yryr% : 0.5046194879195275
Foreign_Exchange_Reserve_over_GDP : 0.37609902481877816
Portfolio_Flows : 0.4186126232573838
--------------------

