--------------------
id : 9085206889
explain variance ratio : 0.44569541261432544
Weight :
Term_Premium : 0.22265207691272307
Stock_Prices_mom%_change : 0.2911630431284965
Stock_Prices_mom24mma%_change : 0.5593879424840782
One-Day_Repo_Rate_EOP : 0.4731229302094422
Broad_Money_mo12m%_change : 0.5734892829653094
--------------------

