--------------------
id : 9101074119
explain variance ratio : 0.23616513536684058
Weight :
Term_Premium : -0.18982103468554729
Stock_Prices_mom24mma%_change : -0.212659764385355
Stock_Market_Volatility : -0.1142494963011325
One-Day_Repo_Rate_AVG : -0.28172473901764855
Current_Account_Balance_over_GDP : -0.6346183878171842
Bank_Lending_mo12m%_change : -0.46446232471553833
Foreign_Exchange_Reserve_over_GDP : -0.4559125729643834
--------------------

