--------------------
id : 9105244520
explain variance ratio : 0.3047324609314808
Weight :
Risk_Premium : 0.6079055819653411
Stock_Prices_mom24mma%_change : 0.2308301576938956
Stock_Market_Volatility : 0.1822795774712655
Current_Account_Balance_over_GDP : 0.6300309102773378
Foreign_Exchange_Reserve_over_GDP : 0.38341028865485227
--------------------

