--------------------
id : 9115501894
explain variance ratio : 0.26484258316880643
Weight :
Risk_Premium : -0.5233490848028504
Stock_Prices_mom24mma%_change : -0.5302978335647094
One-Day_Repo_Rate_AVG : -0.06009334640053743
Current_Account_Balance_over_GDP : -0.655061584594991
Broad_Money_mo12m%_change : -0.11033156057483756
--------------------

