--------------------
id : 9127383268
explain variance ratio : 0.2153265622735197
Weight :
Risk_Premium : -0.5339743883712018
Stock_Prices_mom%_change : -0.01280257364976034
Stock_Prices_mom24mma%_change : -0.3974832444229473
Stock_Market_Volatility : -0.030288109670908975
Current_Account_Balance_over_GDP : -0.5467042627731452
Foreign_Exchange_Reserve_over_GDP : -0.4993844555961964
Broad_Money_mo12m%_change : -0.0867569136246562
--------------------

