--------------------
id : 9130108366
explain variance ratio : 0.22331764706339807
Weight :
Term_Premium : -0.1403956239490768
Stock_Prices_mom24mma%_change : -0.428067066902014
Stock_Market_Volatility : -0.2834484664474316
Current_Account_Balance_over_GDP : -0.6653002458317808
One-Day_Repo_Rate_EOP : -0.16621940909096417
Foreign_Exchange_Reserve_change_yryr% : -0.3051326727942184
Bank_Lending_mo12m%_change : -0.3915933666567083
--------------------

