--------------------
id : 9142373802
explain variance ratio : 0.25002741705486764
Weight :
Risk_Premium : -0.4337598932407901
Stock_Prices_mom24mma%_change : -0.37499623331541465
One-Day_Repo_Rate_EOP : -0.0682153787849902
Current_Account_Balance_over_GDP : -0.6091253039415729
Foreign_Exchange_Reserve_change_yryr% : -0.2569524551077676
Portfolio_Flows : -0.25861562887616835
Bank_Lending_mo12m%_change : -0.4032822814423814
--------------------

