--------------------
id : 9152210772
explain variance ratio : 0.4976460278849015
Weight :
Term_Premium : 0.13544888719346584
Stock_Prices_mom24mma%_change : 0.4046516787948956
One-Day_Repo_Rate_EOP : 0.4805324357636731
Foreign_Exchange_Reserve_change_yryr% : 0.5083014891048572
Foreign_Exchange_Reserve_over_GDP : 0.3882826204496162
Portfolio_Flows : 0.42174091432551286
--------------------

