--------------------
id : 9152263167
explain variance ratio : 0.3926451970900885
Weight :
Risk_Premium : -0.47178610107816527
Stock_Market_Volatility : -0.2824937655208193
Current_Account_Balance_change_yryr% : -0.03832669124445212
Velocity_of_Money_mo12m%_change : -0.532109795692288
Bank_Lending_mo12m%_change : -0.6426549442258229
--------------------

