--------------------
id : 9156156444
explain variance ratio : 0.20002962353090492
Weight :
Term_Premium : -0.3372978868959622
Stock_Prices_mom24mma%_change : -0.49321928629057554
One-Day_Repo_Rate_AVG : -0.3489947608960055
Current_Account_Balance_over_GDP : -0.6311719510766121
Bank_Lending_mo12m%_change : -0.31686439547448686
Broad_Money_mo12m%_change : -0.11588911636161955
Velocity_of_Money_mo12m%_change : -0.09463701050502163
--------------------

