--------------------
id : 9201681657
explain variance ratio : 0.2002865772243635
Weight :
Risk_Premium : -0.31500434041858844
Stock_Prices_mom%_change : -0.053123071839419445
Stock_Market_Volatility : -0.41377986943144746
Current_Account_Balance_over_GDP : -0.47593136156358745
Foreign_Exchange_Reserve_change_yryr% : -0.39149815919206066
Bank_Lending_mo12m%_change : -0.2446418622064574
Broad_Money_mo12m%_change : -0.1680303522580297
Portfolio_Flows : -0.5087937841746369
--------------------

