--------------------
id : 9218008708
explain variance ratio : 0.23406626837830058
Weight :
Risk_Premium : -0.2946766620435034
Stock_Prices_mom%_change : -0.24857748201297195
Stock_Prices_mom24mma%_change : -0.5968769906975738
Stock_Market_Volatility : -0.1622156360324434
Current_Account_Balance_over_GDP : -0.4937399832477828
Bank_Lending_mo12m%_change : -0.17496514809873523
Foreign_Exchange_Reserve_change_yryr% : -0.4409159461605524
--------------------

