--------------------
id : 9220780315
explain variance ratio : 0.23350615702297234
Weight :
Term_Premium : -0.1688055221066088
Stock_Prices_mom24mma%_change : -0.12212707854775456
Current_Account_Balance_over_GDP : -0.4835099588221899
One-Day_Repo_Rate_AVG : -0.347964243848921
Velocity_of_Money_mo12m%_change : -0.3823300714731775
Foreign_Exchange_Reserve_over_GDP : -0.5224673971013223
Bank_Lending_mo12m%_change : -0.39834881610276635
Portfolio_Flows : -0.15459118098108368
--------------------

