--------------------
id : 9235124844
explain variance ratio : 0.2607342680472296
Weight :
Risk_Premium : 0.12041963685609922
Stock_Prices_mom24mma%_change : 0.7102465100118089
One-Day_Repo_Rate_AVG : 0.48915143633528324
Current_Account_Balance_over_GDP : 0.48463103348099607
Bank_Lending_mo12m%_change : 0.0831422864357329
--------------------

