--------------------
id : 9247023759
explain variance ratio : 0.20449218737238334
Weight :
Risk_Premium : -0.3198730684520366
Stock_Market_Volatility : -0.3831884303958229
Current_Account_Balance_over_GDP : -0.5234654904528102
One-Day_Repo_Rate_EOP : -0.16477606054606825
Foreign_Exchange_Reserve_change_yryr% : -0.35825808616329846
Bank_Lending_mo12m%_change : -0.30801633604964074
Broad_Money_mo12m%_change : -0.10817988521383404
Portfolio_Flows : -0.46341641093736635
--------------------

