--------------------
id : 9253841550
explain variance ratio : 0.23858313926289862
Weight :
Term_Premium : -0.40891124156017505
Stock_Prices_mom24mma%_change : -0.1495033553959053
Current_Account_Balance_over_GDP : -0.7048611366414835
One-Day_Repo_Rate_AVG : -0.24149846633264377
Velocity_of_Money_mo12m%_change : -0.5052619242160827
--------------------

