--------------------
id : 9258409597
explain variance ratio : 0.224203529852302
Weight :
Term_Premium : -0.7096963344858024
Stock_Prices_mom24mma%_change : -0.07536491782511157
One-Day_Repo_Rate_EOP : -0.469076536097232
Velocity_of_Money_mo12m%_change : -0.4638775161219465
Bank_Lending_mo12m%_change : -0.23544871054687194
--------------------

