--------------------
id : 9265965570
explain variance ratio : 0.21450862156100894
Weight :
Risk_Premium : 0.2292589622620135
Stock_Prices_mom%_change : 0.009376168803245766
Current_Account_Balance_over_GDP : 0.5835164662750494
One-Day_Repo_Rate_EOP : 0.48371754953877605
Foreign_Exchange_Reserve_change_yryr% : 0.5720428772494939
Bank_Lending_mo12m%_change : 0.2136474388410025
--------------------

