--------------------
id : 9294903237
explain variance ratio : 0.22095999973408986
Weight :
Term_Premium : -0.10394299533786337
Stock_Prices_mom24mma%_change : -0.45923231801072945
Stock_Market_Volatility : -0.32002298011706753
Current_Account_Balance_over_GDP : -0.6558839589300667
Bank_Lending_mo12m%_change : -0.3686630888760597
Foreign_Exchange_Reserve_change_yryr% : -0.31702695217659316
Broad_Money_mo12m%_change : -0.09635608400034512
--------------------

