--------------------
id : 9339969621
explain variance ratio : 0.25977114312065125
Weight :
Risk_Premium : -0.3766258888418058
Stock_Prices_mom24mma%_change : -0.4352002168147503
Current_Account_Balance_over_GDP : -0.46789750315338385
Foreign_Exchange_Reserve_change_yryr% : -0.42458685885822794
Velocity_of_Money_mo12m%_change : -0.0047010965672430365
Foreign_Exchange_Reserve_over_GDP : -0.4762731808997886
Bank_Lending_mo12m%_change : -0.20662379778938544
--------------------

