--------------------
id : 9355682809
explain variance ratio : 0.21967791708143963
Weight :
Term_Premium : -0.0724121887737491
Stock_Market_Volatility : -0.4610510754752182
Current_Account_Balance_over_GDP : -0.5590753789211972
One-Day_Repo_Rate_EOP : -0.1951285632757062
Bank_Lending_mo12m%_change : -0.3507538293612805
Foreign_Exchange_Reserve_change_yryr% : -0.3107347749520156
Portfolio_Flows : -0.46039504343784654
--------------------

