--------------------
id : 9359350820
explain variance ratio : 0.29010277912061644
Weight :
Risk_Premium : -0.48074317373053144
Stock_Market_Volatility : -0.5238094903051533
Current_Account_Balance_over_GDP : -0.588108361604174
Foreign_Exchange_Reserve_change_yryr% : -0.16762534404149793
Portfolio_Flows : -0.34718859114892575
--------------------

