--------------------
id : 9362746939
explain variance ratio : 0.328109614532615
Weight :
Term_Premium : 0.2972498450083731
Stock_Prices_mom%_change : 0.15412351127138801
Stock_Prices_mom24mma%_change : 0.4242782534244143
One-Day_Repo_Rate_AVG : 0.629850482448793
Current_Account_Balance_over_GDP : 0.06362643375510273
Foreign_Exchange_Reserve_over_GDP : 0.5541809120437438
--------------------

