--------------------
id : 9363445077
explain variance ratio : 0.5606365768378513
Weight :
Term_Premium : 0.10665463971218436
Stock_Prices_mom24mma%_change : 0.43140080301081707
One-Day_Repo_Rate_EOP : 0.3945634689526647
Foreign_Exchange_Reserve_change_yryr% : 0.50586022145546
Broad_Money_mo12m%_change : 0.48410645254678475
Portfolio_Flows : 0.395707193400785
--------------------

