--------------------
id : 9369484986
explain variance ratio : 0.2334667225038047
Weight :
Term_Premium : -0.14500935879301163
Stock_Prices_mom24mma%_change : -0.45812422500128347
Stock_Market_Volatility : -0.2736649878523945
Current_Account_Balance_over_GDP : -0.49669539969910126
Bank_Lending_mo12m%_change : -0.2468707983624424
Foreign_Exchange_Reserve_over_GDP : -0.3800875986398477
Portfolio_Flows : -0.49202018347522763
--------------------

