--------------------
id : 9371713869
explain variance ratio : 0.2258555401595736
Weight :
Term_Premium : 0.11631477371833482
Risk_Premium : 0.35848806568603
Stock_Market_Volatility : 0.13072073211776344
Current_Account_Balance_over_GDP : 0.41475403992074883
Foreign_Exchange_Reserve_change_yryr% : 0.40887252087187614
Foreign_Exchange_Reserve_over_GDP : 0.5269559971907096
Bank_Lending_mo12m%_change : 0.20624396778504672
Portfolio_Flows : 0.42597232444427297
--------------------

