--------------------
id : 9377533539
explain variance ratio : 0.2119241096445593
Weight :
Term_Premium : 0.46266066554655233
Stock_Prices_mom%_change : 0.19696591806578434
One-Day_Repo_Rate_AVG : 0.42592214227626835
Current_Account_Balance_over_GDP : 0.5728048421341947
Bank_Lending_mo12m%_change : 0.30595737698470776
Portfolio_Flows : 0.3795056793930436
--------------------

