--------------------
id : 9380848503
explain variance ratio : 0.22931125657056944
Weight :
Risk_Premium : -0.3834811965619603
Stock_Prices_mom24mma%_change : -0.4887896552928284
Current_Account_Balance_over_GDP : -0.5772482775918956
One-Day_Repo_Rate_EOP : -0.15780790053302396
Bank_Lending_mo12m%_change : -0.3222859506018352
Broad_Money_mo12m%_change : -0.11947937493466487
Portfolio_Flows : -0.3711662462004944
--------------------

