--------------------
id : 9387202160
explain variance ratio : 0.2365106947953258
Weight :
Risk_Premium : -0.5438711301990314
Stock_Prices_mom24mma%_change : -0.20664998077771007
Stock_Market_Volatility : -0.06064869381894056
Current_Account_Balance_over_GDP : -0.5495937259990399
Foreign_Exchange_Reserve_change_yryr% : -0.16274208158394188
Velocity_of_Money_mo12m%_change : -0.2901169164904943
Foreign_Exchange_Reserve_over_GDP : -0.4950915482099456
--------------------

