--------------------
id : 9400591850
explain variance ratio : 0.20159874724662563
Weight :
Term_Premium : -0.10566906113859299
Risk_Premium : -0.5492677646112452
Stock_Prices_mom24mma%_change : -0.41087360718096194
Current_Account_Balance_over_GDP : -0.6503732103932579
One-Day_Repo_Rate_EOP : -0.04147872283686982
Velocity_of_Money_mo12m%_change : -0.1556241029668893
Portfolio_Flows : -0.26343346888635755
--------------------

