--------------------
id : 9420473429
explain variance ratio : 0.23253549533882334
Weight :
Term_Premium : -0.24106352005877718
Risk_Premium : -0.31533473768420084
Stock_Prices_mom24mma%_change : -0.6729832083214418
Current_Account_Balance_over_GDP : -0.5150849194485692
Bank_Lending_mo12m%_change : -0.1399432908977996
Broad_Money_mo12m%_change : -0.32349557170576587
--------------------

