--------------------
id : 9436235993
explain variance ratio : 0.22564894029945506
Weight :
Term_Premium : -0.20037239418573477
Risk_Premium : -0.3502828842656244
Stock_Prices_mom24mma%_change : -0.2948589772364062
Current_Account_Balance_over_GDP : -0.48854969134910875
One-Day_Repo_Rate_EOP : -0.3373673194924166
Bank_Lending_mo12m%_change : -0.2997837847781504
Broad_Money_mo12m%_change : -0.04331809988783743
Foreign_Exchange_Reserve_over_GDP : -0.5531425707801927
--------------------

