--------------------
id : 9458134254
explain variance ratio : 0.2180778458289876
Weight :
Term_Premium : -0.4002601835718777
Stock_Prices_mom%_change : -0.07418773402306461
Current_Account_Balance_over_GDP : -0.6588592513424814
One-Day_Repo_Rate_EOP : -0.38766363067301013
Bank_Lending_mo12m%_change : -0.3489992733682291
Foreign_Exchange_Reserve_change_yryr% : -0.3579229932957969
--------------------

