--------------------
id : 9459033267
explain variance ratio : 0.45850503028488365
Weight :
Term_Premium : 0.1694045716719228
Stock_Prices_mom%_change : 0.0881583282252697
One-Day_Repo_Rate_EOP : 0.5227863790770457
Foreign_Exchange_Reserve_change_yryr% : 0.5391726693104066
Broad_Money_mo12m%_change : 0.4857556921869277
Foreign_Exchange_Reserve_over_GDP : 0.4044240871775315
--------------------

