--------------------
id : 9482688756
explain variance ratio : 0.27116307705749537
Weight :
Term_Premium : -0.17110529240779293
Stock_Prices_mom24mma%_change : -0.16879058423835658
Current_Account_Balance_over_GDP : -0.6668991185617742
One-Day_Repo_Rate_EOP : -0.2145606151221548
Foreign_Exchange_Reserve_over_GDP : -0.4293627329734235
Bank_Lending_mo12m%_change : -0.516807187659037
--------------------

