--------------------
id : 9482162946
explain variance ratio : 0.2410132710197154
Weight :
Term_Premium : 0.11071778591771464
Risk_Premium : 0.6373947199148133
Stock_Prices_mom24mma%_change : 0.040317867678160174
One-Day_Repo_Rate_AVG : 0.1517828748688928
Bank_Lending_mo12m%_change : 0.46957520177584455
Foreign_Exchange_Reserve_over_GDP : 0.5799181849414539
--------------------

