--------------------
id : 9498257664
explain variance ratio : 0.46049100955642547
Weight :
Term_Premium : 0.1960114714541177
Stock_Prices_mom24mma%_change : 0.4154121126866589
One-Day_Repo_Rate_EOP : 0.5710841993242275
Foreign_Exchange_Reserve_over_GDP : 0.48937958934885073
Portfolio_Flows : 0.4726338270823981
--------------------

