--------------------
id : 9530154160
explain variance ratio : 0.2157403919762109
Weight :
Term_Premium : -0.01826304907548342
Stock_Market_Volatility : -0.5191014730858906
Current_Account_Balance_over_GDP : -0.5191705682522081
Bank_Lending_mo12m%_change : -0.3022006557942055
Foreign_Exchange_Reserve_change_yryr% : -0.3305793589027411
Broad_Money_mo12m%_change : -0.10570192030334852
Portfolio_Flows : -0.49887994336151986
--------------------

