--------------------
id : 9532890636
explain variance ratio : 0.21114934851933914
Weight :
Term_Premium : -0.4626998674297734
Stock_Prices_mom%_change : -0.2112892523786254
One-Day_Repo_Rate_EOP : -0.40664923028156086
Current_Account_Balance_over_GDP : -0.5767147949726428
Portfolio_Flows : -0.3808323210311399
Bank_Lending_mo12m%_change : -0.3134786699902614
--------------------

