--------------------
id : 9544607974
explain variance ratio : 0.23163331321946193
Weight :
Risk_Premium : -0.36314555050570607
Stock_Prices_mom24mma%_change : -0.371147110501454
Stock_Market_Volatility : -0.3232593054248064
One-Day_Repo_Rate_AVG : -0.06856273818591022
Current_Account_Balance_over_GDP : -0.5509813401541191
Foreign_Exchange_Reserve_change_yryr% : -0.2699854089367689
Portfolio_Flows : -0.3407755862657541
Bank_Lending_mo12m%_change : -0.3585765545479767
--------------------

