--------------------
id : 9545950415
explain variance ratio : 0.2593143814766538
Weight :
Risk_Premium : 0.36330078700516916
Stock_Prices_mom24mma%_change : 0.5664333873133176
Current_Account_Balance_over_GDP : 0.42226127980236267
Bank_Lending_mo12m%_change : 0.09979986537813823
Broad_Money_mo12m%_change : 0.31717932525917825
Foreign_Exchange_Reserve_over_GDP : 0.5082306857879546
--------------------

