--------------------
id : 9567628471
explain variance ratio : 0.22396140304773088
Weight :
Risk_Premium : -0.2739286521354263
Stock_Market_Volatility : -0.5927462170650795
Current_Account_Balance_over_GDP : -0.4239979213607584
One-Day_Repo_Rate_EOP : -0.10834722331636171
Broad_Money_mo12m%_change : -0.1291755711330998
Portfolio_Flows : -0.6044959300095682
--------------------

