--------------------
id : 9569019022
explain variance ratio : 0.5143949791221538
Weight :
Term_Premium : 0.11047155946461067
Stock_Prices_mom24mma%_change : 0.39224871132744454
One-Day_Repo_Rate_AVG : 0.4094892372271525
Foreign_Exchange_Reserve_change_yryr% : 0.485369943168316
Foreign_Exchange_Reserve_over_GDP : 0.3028523642201113
Broad_Money_mo12m%_change : 0.44382013180405067
Portfolio_Flows : 0.37679663210683195
--------------------

