--------------------
id : 9582571342
explain variance ratio : 0.4550638106752655
Weight :
Term_Premium : 0.14299947014781914
Stock_Prices_mom%_change : 0.10847149046225713
Stock_Prices_mom24mma%_change : 0.3503052928151837
One-Day_Repo_Rate_EOP : 0.4694630992552534
Policy_Rate_&_Fed_Funds_Rate_Differential_AVG : 0.47986120238811736
Foreign_Exchange_Reserve_over_GDP : 0.33679074656875646
Portfolio_Flows : 0.349168931852852
Broad_Money_mo12m%_change : 0.3988257314350322
--------------------

