--------------------
id : 9586549367
explain variance ratio : 0.3413637682902793
Weight :
Term_Premium : 0.21716755771202564
Stock_Prices_mom24mma%_change : 0.5806318900348936
Current_Account_Balance_over_GDP : 0.14234956260276707
Foreign_Exchange_Reserve_over_GDP : 0.4741986913117009
Portfolio_Flows : 0.6087504113649307
--------------------

