--------------------
id : 9586974790
explain variance ratio : 0.2427886688131051
Weight :
Risk_Premium : -0.5060444946653051
Stock_Prices_mom24mma%_change : -0.01507354365960234
Stock_Market_Volatility : -0.026255296956686394
Current_Account_Balance_over_GDP : -0.5005481933794094
One-Day_Repo_Rate_AVG : -0.1491900282423127
Velocity_of_Money_mo12m%_change : -0.46598461937620517
Foreign_Exchange_Reserve_over_GDP : -0.5030453191956713
--------------------

