--------------------
id : 9595520465
explain variance ratio : 0.28594846703078075
Weight :
Risk_Premium : 0.6243412266468981
Stock_Prices_mom24mma%_change : 0.08177298992406778
One-Day_Repo_Rate_EOP : 0.18166030173138772
Foreign_Exchange_Reserve_over_GDP : 0.6189787355163734
Bank_Lending_mo12m%_change : 0.4328695768719927
--------------------

