--------------------
id : 9616874137
explain variance ratio : 0.30216111593419936
Weight :
Term_Premium : 0.33575816394711766
Stock_Prices_mom%_change : 0.04173188380448589
Current_Account_Balance_over_GDP : 0.14479571285152532
Foreign_Exchange_Reserve_change_yryr% : 0.6439681773304848
Foreign_Exchange_Reserve_over_GDP : 0.6707190867587266
--------------------

