--------------------
id : 9621522310
explain variance ratio : 0.27116307705749537
Weight :
Term_Premium : -0.1711052924077936
Stock_Prices_mom24mma%_change : -0.16879058423835674
Current_Account_Balance_over_GDP : -0.6668991185617736
One-Day_Repo_Rate_EOP : -0.21456061512215424
Bank_Lending_mo12m%_change : -0.5168071876590372
Foreign_Exchange_Reserve_over_GDP : -0.42936273297342376
--------------------

