--------------------
id : 9652897219
explain variance ratio : 0.4862973022669335
Weight :
Term_Premium : 0.11225729920324078
Stock_Prices_mom%_change : 0.15535307097115247
Stock_Prices_mom24mma%_change : 0.4373336407207116
One-Day_Repo_Rate_AVG : 0.37892432111115015
Foreign_Exchange_Reserve_change_yryr% : 0.4970960058391776
Portfolio_Flows : 0.38971886380877635
Broad_Money_mo12m%_change : 0.47899283486309174
--------------------

