--------------------
id : 9656825751
explain variance ratio : 0.2060581705134197
Weight :
Risk_Premium : -0.2838850678351164
Stock_Prices_mom24mma%_change : -0.6350111203788453
Stock_Market_Volatility : -0.14344334199952558
Current_Account_Balance_over_GDP : -0.5605046848842354
One-Day_Repo_Rate_EOP : -0.249212468481992
Bank_Lending_mo12m%_change : -0.20642937768643982
Broad_Money_mo12m%_change : -0.27696337067451327
--------------------

