--------------------
id : 9657906355
explain variance ratio : 0.2462982485198152
Weight :
Risk_Premium : -0.515421006805777
Stock_Prices_mom24mma%_change : -0.38122412889270973
Stock_Market_Volatility : -0.31695683408367326
Current_Account_Balance_over_GDP : -0.6585779509033266
Foreign_Exchange_Reserve_change_yryr% : -0.2237702089967673
Velocity_of_Money_mo12m%_change : -0.06891800033726335
--------------------

