--------------------
id : 9657397829
explain variance ratio : 0.40738106355815984
Weight :
Term_Premium : 0.15792133677817877
Stock_Prices_mom%_change : 0.1609246002114949
Stock_Prices_mom24mma%_change : 0.44654908661576553
One-Day_Repo_Rate_AVG : 0.47042154775529216
Broad_Money_mo12m%_change : 0.4752809667989731
Foreign_Exchange_Reserve_over_GDP : 0.3434458397359066
Portfolio_Flows : 0.4296679681496354
--------------------

