--------------------
id : 9664996119
explain variance ratio : 0.23466457668051108
Weight :
Risk_Premium : -0.5536662873790134
Stock_Prices_mom24mma%_change : -0.4168421209013468
Current_Account_Balance_over_GDP : -0.646874207798699
One-Day_Repo_Rate_AVG : -0.04995252900945422
Velocity_of_Money_mo12m%_change : -0.14684518233858115
Portfolio_Flows : -0.27783319639078646
--------------------

