--------------------
id : 9696490658
explain variance ratio : 0.20197435444078965
Weight :
Term_Premium : -0.12916772353996245
Risk_Premium : -0.37860475547570666
Stock_Prices_mom24mma%_change : -0.47624653105396547
Current_Account_Balance_over_GDP : -0.5840162668756212
One-Day_Repo_Rate_EOP : -0.16531490071631028
Bank_Lending_mo12m%_change : -0.33090876636041355
Broad_Money_mo12m%_change : -0.1068075050012072
Portfolio_Flows : -0.3519245783300954
--------------------

