--------------------
id : 9705443096
explain variance ratio : 0.23203280248304212
Weight :
Term_Premium : -0.3251941100981635
Stock_Prices_mom24mma%_change : -0.3115322768568974
Current_Account_Balance_over_GDP : -0.8168221796956705
Portfolio_Flows : -0.09244414842732282
Velocity_of_Money_mo12m%_change : -0.34849969499639477
--------------------

