--------------------
id : 9715703415
explain variance ratio : 0.21023662319313463
Weight :
Risk_Premium : -0.14993119242990258
Stock_Prices_mom%_change : -0.18043659158617076
Stock_Market_Volatility : -0.6831134658364095
One-Day_Repo_Rate_EOP : -0.10179772394177994
Bank_Lending_mo12m%_change : -0.1380760422742714
Portfolio_Flows : -0.6699936542210146
--------------------

