--------------------
id : 9727594621
explain variance ratio : 0.2659522728298372
Weight :
Term_Premium : -0.23768073851172808
Stock_Market_Volatility : -0.02949296522008693
Current_Account_Balance_over_GDP : -0.5675164184773083
One-Day_Repo_Rate_EOP : -0.35876075533657736
Foreign_Exchange_Reserve_over_GDP : -0.5605775982628243
Bank_Lending_mo12m%_change : -0.4214340079513611
--------------------

