--------------------
id : 9730310846
explain variance ratio : 0.23466457668051133
Weight :
Risk_Premium : -0.5536662873790152
Stock_Prices_mom24mma%_change : -0.4168421209013465
One-Day_Repo_Rate_AVG : -0.049952529009452004
Current_Account_Balance_over_GDP : -0.6468742077986991
Portfolio_Flows : -0.2778331963907853
Velocity_of_Money_mo12m%_change : -0.14684518233858088
--------------------

