--------------------
id : 9755783072
explain variance ratio : 0.23769124983176296
Weight :
Term_Premium : -0.12171804595069621
Risk_Premium : -0.5369767617581365
Stock_Prices_mom24mma%_change : -0.1670454459737905
Current_Account_Balance_over_GDP : -0.5345712430291258
Foreign_Exchange_Reserve_change_yryr% : -0.12427599306801608
Velocity_of_Money_mo12m%_change : -0.33090345176904123
Foreign_Exchange_Reserve_over_GDP : -0.5081618471330704
--------------------

