--------------------
id : 9766257578
explain variance ratio : 0.2019235173554083
Weight :
Term_Premium : -0.2756961802613112
Stock_Prices_mom24mma%_change : -0.5308404856166673
Stock_Market_Volatility : -0.19384759458339537
One-Day_Repo_Rate_AVG : -0.2732750580212558
Current_Account_Balance_over_GDP : -0.6398513177858298
Bank_Lending_mo12m%_change : -0.3091379531126438
Broad_Money_mo12m%_change : -0.15801223000247952
--------------------

