--------------------
id : 9769492017
explain variance ratio : 0.22317706970821086
Weight :
Term_Premium : -0.2115366156341269
Stock_Market_Volatility : -0.4448237603034769
Current_Account_Balance_over_GDP : -0.35586825270352823
One-Day_Repo_Rate_EOP : -0.40467525489726763
Bank_Lending_mo12m%_change : -0.1363396175075357
Portfolio_Flows : -0.6696202774744823
--------------------

