--------------------
id : 9798554190
explain variance ratio : 0.23651069479532588
Weight :
Risk_Premium : -0.5438711301990315
Stock_Prices_mom24mma%_change : -0.20664998077771074
Stock_Market_Volatility : -0.060648693818940405
Current_Account_Balance_over_GDP : -0.5495937259990397
Foreign_Exchange_Reserve_change_yryr% : -0.16274208158394277
Foreign_Exchange_Reserve_over_GDP : -0.4950915482099463
Velocity_of_Money_mo12m%_change : -0.2901169164904936
--------------------

