--------------------
id : 9811614085
explain variance ratio : 0.24115658489597816
Weight :
Risk_Premium : 0.6680431674415394
Stock_Prices_mom24mma%_change : 0.047811721493800474
One-Day_Repo_Rate_AVG : 0.10673545804963999
Foreign_Exchange_Reserve_change_yryr% : 0.06102005718196986
Foreign_Exchange_Reserve_over_GDP : 0.5495410630467631
Bank_Lending_mo12m%_change : 0.48406722711246464
--------------------

