--------------------
id : 9834801317
explain variance ratio : 0.24750185158040056
Weight :
Risk_Premium : 0.302925679834128
Stock_Prices_mom24mma%_change : 0.2651621801382121
One-Day_Repo_Rate_AVG : 0.3800881904412413
Current_Account_Balance_over_GDP : 0.4071326425625299
Bank_Lending_mo12m%_change : 0.2639762352275458
Velocity_of_Money_mo12m%_change : 0.22537846466760553
Foreign_Exchange_Reserve_over_GDP : 0.5633651193607996
Portfolio_Flows : 0.29973632872124767
--------------------

