--------------------
id : 9844443263
explain variance ratio : 0.2717085876747704
Weight :
Risk_Premium : -0.44616661777152533
Stock_Prices_mom24mma%_change : -0.23397801127140516
Current_Account_Balance_over_GDP : -0.5663706892455409
One-Day_Repo_Rate_EOP : -0.1562786330393971
Foreign_Exchange_Reserve_change_yryr% : -0.20141090140781484
Foreign_Exchange_Reserve_over_GDP : -0.4322142438555978
Bank_Lending_mo12m%_change : -0.4166717735209459
--------------------

