--------------------
id : 9848276136
explain variance ratio : 0.2540914355663246
Weight :
Risk_Premium : 0.41218147670960203
Stock_Prices_mom24mma%_change : 0.41294727632739314
Current_Account_Balance_over_GDP : 0.47937424086135194
Bank_Lending_mo12m%_change : 0.2592228757657962
Broad_Money_mo12m%_change : 0.13004823557826067
Foreign_Exchange_Reserve_over_GDP : 0.4544243914556729
Portfolio_Flows : 0.3730559528847061
--------------------

