--------------------
id : 9868966213
explain variance ratio : 0.20492162517798276
Weight :
Term_Premium : -0.1384484561124349
Stock_Prices_mom24mma%_change : -0.44611169485194324
Stock_Market_Volatility : -0.5110651123066248
Current_Account_Balance_over_GDP : -0.7207214793131731
One-Day_Repo_Rate_EOP : -0.011012153441529005
Broad_Money_mo12m%_change : -0.032682004721846264
--------------------

