--------------------
id : 9904051383
explain variance ratio : 0.23427401180540958
Weight :
Term_Premium : 0.2548307316537206
Risk_Premium : 0.1789932753635175
Stock_Prices_mom24mma%_change : 0.2884459597591428
One-Day_Repo_Rate_AVG : 0.5248644474378312
Current_Account_Balance_over_GDP : 0.3084432787872801
Bank_Lending_mo12m%_change : 0.12669940935123275
Velocity_of_Money_mo12m%_change : 0.18038645391856828
Foreign_Exchange_Reserve_over_GDP : 0.6329373400089154
--------------------

