--------------------
id : 9906958576
explain variance ratio : 0.27561537632988237
Weight :
Risk_Premium : 0.2915378334407739
Stock_Prices_mom24mma%_change : 0.10381676016739344
One-Day_Repo_Rate_EOP : 0.45969298981163015
Bank_Lending_mo12m%_change : 0.22966913543312834
Velocity_of_Money_mo12m%_change : 0.3836978767225353
Foreign_Exchange_Reserve_over_GDP : 0.702095545297837
--------------------

