--------------------
id : 9960546813
explain variance ratio : 0.23626384522201346
Weight :
Term_Premium : -0.14736119378495682
Risk_Premium : -0.3663923125161443
Stock_Prices_mom24mma%_change : -0.46544700018370333
Current_Account_Balance_over_GDP : -0.6021332821629883
One-Day_Repo_Rate_EOP : -0.18151423763967436
Bank_Lending_mo12m%_change : -0.3242268643163758
Foreign_Exchange_Reserve_change_yryr% : -0.3560413942459818
--------------------

