--------------------
id : 9962486825
explain variance ratio : 0.2693104505076386
Weight :
Risk_Premium : -0.34647684036489274
Stock_Prices_mom%_change : -0.22097753776199897
Stock_Prices_mom24mma%_change : -0.5737807357525281
Current_Account_Balance_over_GDP : -0.5323004430482605
Foreign_Exchange_Reserve_change_yryr% : -0.41233528047696727
Bank_Lending_mo12m%_change : -0.22030490003469982
--------------------

