--------------------
id : 9998128295
explain variance ratio : 0.203775085556362
Weight :
Term_Premium : -0.1751631166260342
Risk_Premium : -0.3453974424427103
Stock_Prices_mom%_change : -0.21667646623623704
Stock_Prices_mom24mma%_change : -0.4982600754959777
Current_Account_Balance_over_GDP : -0.5557348282787411
Policy_Rate_&_Fed_Funds_Rate_Differential_AVG : -0.17875527881905529
Portfolio_Flows : -0.3457155152907728
Bank_Lending_mo12m%_change : -0.30739685895201485
--------------------

