--------------------
id : 1971132983
corr_coef : -0.11840724441930768
explain variance ratio : 0.3328209065034192
Weight :
Term_Premium : 0.14572228248550867
Stock_Prices_mom%_change : 0.18423099571745863
Current_Account_Balance_over_GDP : 0.2147202283915
One-Day_Repo_Rate_AVG : 0.3420080241651319
Bank_Lending_mo12m%_change : 0.6198990181968923
Foreign_Exchange_Reserve_over_GDP : 0.6304561037604921
--------------------

