--------------------
id : 2652566278
corr_coef : 0.2947244053854989
explain variance ratio : 0.4342906838250353
Weight :
Term_Premium : -0.633593266815813
Stock_Prices_mom%_change : -0.038926600643996
Stock_Market_Volatility : -0.15944403981735505
One-Day_Repo_Rate_AVG : -0.6515558083150039
Foreign_Exchange_Reserve_change_yryr% : -0.38353216139676183
--------------------

