--------------------
id : 3235259259
corr_coef : 0.5529586960168255
explain variance ratio : 0.39454692372311617
Weight :
Term_Premium : 0.48273328229231527
Stock_Market_Volatility : 0.0071600285372190875
REER : 0.5159849249453938
Current_Account_Balance_change_yryr% : 0.10315685695472732
One-Day_Repo_Rate_EOP : 0.5631772739780003
Bank_Lending_mo12m%_change : 0.3137316015535605
Foreign_Exchange_Reserve_over_GDP : 0.2728357977104523
--------------------

