--------------------
id : 3254422374
corr_coef : 0.3216352668708445
explain variance ratio : 0.3746832844744926
Weight :
Term_Premium : -0.6004532905311393
Stock_Prices_mom%_change : -0.029081231618595327
Stock_Market_Volatility : -0.09755062136270212
REER : -0.2509461725133961
One-Day_Repo_Rate_AVG : -0.6216760198717485
Foreign_Exchange_Reserve_change_yryr% : -0.4238383523785004
--------------------

