--------------------
id : 3589688911
corr_coef : 0.3124670078018949
explain variance ratio : 0.4224707780098492
Weight :
Term_Premium : 0.5416572127393076
Stock_Prices_mom%_change : 0.015002852358711016
Stock_Market_Volatility : 0.14672365576331764
Current_Account_Balance_change_yryr% : 0.06869001834150104
One-Day_Repo_Rate_EOP : 0.5685886384574593
Policy_Rate_&_Fed_Funds_Rate_Differential_EOP : 0.5346547129161584
Foreign_Exchange_Reserve_change_yryr% : 0.2664348451346248
--------------------

