--------------------
id : 4409361083
corr_coef : 0.31921695687923096
explain variance ratio : 0.4296890107737043
Weight :
Term_Premium : 0.5281547732009921
Stock_Market_Volatility : 0.122584335975782
REER : 0.1726581088675282
Current_Account_Balance_change_yryr% : 0.06738927404684203
One-Day_Repo_Rate_EOP : 0.5573651028255286
Policy_Rate_&_Fed_Funds_Rate_Differential_AVG : 0.5258350296146215
Foreign_Exchange_Reserve_change_yryr% : 0.2907148828088979
--------------------

