--------------------
id : 5004750921
corr_coef : 0.2951891945189527
explain variance ratio : 0.3628783654832899
Weight :
Term_Premium : -0.6332958928489779
Stock_Prices_mom%_change : -0.039587178091316844
Stock_Market_Volatility : -0.1625593646628247
Current_Account_Balance_change_yryr% : -0.07047882618936847
One-Day_Repo_Rate_AVG : -0.6512383363520109
Foreign_Exchange_Reserve_change_yryr% : -0.37664968434373436
--------------------

