--------------------
id : 5137704947
corr_coef : -0.0238689059699561
explain variance ratio : 0.34197057650705437
Weight :
Term_Premium : -0.21617888422689283
Stock_Market_Volatility : -0.26729202991839596
Current_Account_Balance_over_GDP : -0.14118433316300882
One-Day_Repo_Rate_EOP : -0.3810271149985873
Bank_Lending_mo12m%_change : -0.5954708250747334
Foreign_Exchange_Reserve_over_GDP : -0.6017653022121713
--------------------

