--------------------
id : 6696503299
corr_coef : 0.3222788608734966
explain variance ratio : 0.3219137190444712
Weight :
Term_Premium : -0.6008224515937085
Stock_Prices_mom%_change : -0.02977550734533463
Stock_Market_Volatility : -0.10089092646236385
REER : -0.24969487533065648
Current_Account_Balance_change_yryr% : -0.0651987787868327
One-Day_Repo_Rate_AVG : -0.6220175297990775
Foreign_Exchange_Reserve_change_yryr% : -0.41766326494173084
--------------------

