--------------------
id : 7937223724
corr_coef : 0.29760765294482333
explain variance ratio : 0.3115834579288828
Weight :
Term_Premium : 0.49379913544951304
Stock_Prices_mom%_change : 0.042782801813023186
REER : 0.5487750702072618
Current_Account_Balance_change_yryr% : 0.018836428201818745
Foreign_Exchange_Reserve_change_yryr% : 0.6729213601825657
--------------------

