--------------------
id : 8535638393
corr_coef : 0.3266540802387036
explain variance ratio : 0.4305220794971294
Weight :
Term_Premium : 0.5302126079545422
Stock_Market_Volatility : 0.12139351001225707
REER : 0.16865987504524632
Current_Account_Balance_change_yryr% : 0.06734347030743468
One-Day_Repo_Rate_EOP : 0.5578101455321616
Policy_Rate_&_Fed_Funds_Rate_Differential_EOP : 0.5269727781891039
Foreign_Exchange_Reserve_change_yryr% : 0.28688750798643436
--------------------

