--------------------
id : 9256644648
corr_coef : 0.051502197348222443
explain variance ratio : 0.30439824405905475
Weight :
Term_Premium : -0.27308102089214337
Stock_Market_Volatility : -0.5296843885836662
REER : -0.4813767185339377
One-Day_Repo_Rate_EOP : -0.6359071432377076
Portfolio_Flows : -0.0935936138420152
--------------------

