--------------------
id : 1069649953
corr_coef : -0.041692105331831306
explain variance ratio : 0.3730033221459163
Weight :
Term_Premium : 0.5314963279358439
Stock_Prices_mom24mma%_change : 0.15283719349589775
Policy_Rate_&_Fed_Funds_Rate_Differential_AVG : 0.017404297189429707
REER : 0.5357479340769994
Current_Account_Balance_change_yryr% : 0.13504111660227042
Broad_Money_mo12m%_change : 0.3960633853434192
Foreign_Exchange_Reserve_change_yryr% : 0.4813744684377265
--------------------

