--------------------
id : 1105048962
corr_coef : -0.8444648893878188
explain variance ratio : 0.38295721776986846
Weight :
Risk_Premium : -0.6015405194528326
Stock_Prices_mom24mma%_change : -0.6384409241671434
Current_Account_Balance_change_yryr% : -0.14677219543396153
Velocity_of_Money_mo12m%_change : -0.457165301015415
--------------------

