--------------------
id : 1106043381
corr_coef : 0.09817865531761012
explain variance ratio : 0.4356642393177197
Weight :
Term_Premium : 0.5450790921237411
Stock_Prices_mom24mma%_change : 0.10333859775395937
Current_Account_Balance_change_yryr% : 0.11737067563045987
One-Day_Repo_Rate_EOP : 0.5322826056315921
Broad_Money_mo12m%_change : 0.48344349520378893
Foreign_Exchange_Reserve_change_yryr% : 0.4017358046440958
--------------------

