--------------------
id : 1130310454
corr_coef : 0.1885259936480622
explain variance ratio : 0.415749758404659
Weight :
Term_Premium : 0.494188944087691
Stock_Prices_mom24mma%_change : 0.01712766876067895
Policy_Rate_&_Fed_Funds_Rate_Differential_EOP : 0.1712254794869818
Current_Account_Balance_change_yryr% : 0.11671968439373473
REER : 0.4792780116525642
One-Day_Repo_Rate_EOP : 0.5403870494390429
Broad_Money_mo12m%_change : 0.43682571501541384
--------------------

