--------------------
id : 1215923469
corr_coef : -0.06301170273950751
explain variance ratio : 0.35166345602100824
Weight :
Term_Premium : 0.5001928541201939
Stock_Prices_mom24mma%_change : 0.2286342974800546
Current_Account_Balance_change_yryr% : 0.2461883688173165
Policy_Rate_&_Fed_Funds_Rate_Differential_AVG : 0.30107449861429775
One-Day_Repo_Rate_AVG : 0.575601849012146
Portfolio_Flows : 0.21144710087248444
Foreign_Exchange_Reserve_change_yryr% : 0.41261548079602445
--------------------

