--------------------
id : 1229887786
corr_coef : -0.04890416975357327
explain variance ratio : 0.3400730847460774
Weight :
Term_Premium : 0.5143187984179509
Stock_Prices_mom%_change : 0.041333642236756285
Stock_Prices_mom24mma%_change : 0.23172881278353738
Policy_Rate_&_Fed_Funds_Rate_Differential_EOP : 0.32183882139074593
One-Day_Repo_Rate_AVG : 0.5894660875661887
Portfolio_Flows : 0.21318597139385648
Foreign_Exchange_Reserve_change_yryr% : 0.4284515225732962
--------------------

