--------------------
id : 1303771349
corr_coef : -0.7908955227219574
explain variance ratio : 0.3253120214198431
Weight :
Risk_Premium : -0.5315223682620291
Stock_Prices_mom%_change : -0.3813027936936242
Stock_Prices_mom24mma%_change : -0.6635435281020983
Current_Account_Balance_change_yryr% : -0.1252458837603289
Velocity_of_Money_mo12m%_change : -0.34075740120131764
--------------------

