--------------------
id : 1334857158
corr_coef : -0.06730860140256102
explain variance ratio : 0.34302606810586916
Weight :
Term_Premium : 0.5127685640545095
Stock_Prices_mom%_change : 0.04372099969004972
Stock_Prices_mom24mma%_change : 0.24002157929476006
Policy_Rate_&_Fed_Funds_Rate_Differential_EOP : 0.3123635280785876
One-Day_Repo_Rate_EOP : 0.5905308960267763
Portfolio_Flows : 0.21030036643369793
Foreign_Exchange_Reserve_change_yryr% : 0.43246104844065475
--------------------

