--------------------
id : 1388714763
corr_coef : 0.11572264514481269
explain variance ratio : 0.4655351930188499
Weight :
Term_Premium : 0.4663430836820772
Stock_Prices_mom24mma%_change : 0.06466211526924182
Policy_Rate_&_Fed_Funds_Rate_Differential_EOP : 0.13629350701282178
REER : 0.47765931266081957
One-Day_Repo_Rate_AVG : 0.48773837529231134
Broad_Money_mo12m%_change : 0.3791501712784837
Foreign_Exchange_Reserve_change_yryr% : 0.38725317947313187
--------------------

