--------------------
id : 1394670730
corr_coef : 0.1534145413355083
explain variance ratio : 0.3081743986516581
Weight :
Term_Premium : 0.47498220307953576
Stock_Prices_mom%_change : 0.029424607796277313
Stock_Market_Volatility : 0.08538236676258247
One-Day_Repo_Rate_EOP : 0.6295036024553914
Policy_Rate_&_Fed_Funds_Rate_Differential_AVG : 0.4684170628893896
Current_Account_Balance_change_yryr% : 0.26924325866782417
Portfolio_Flows : 0.2793826909661017
--------------------

