--------------------
id : 1426469734
corr_coef : 0.11006053700263912
explain variance ratio : 0.4301081108803435
Weight :
Term_Premium : 0.5515938420139812
Stock_Prices_mom24mma%_change : 0.09245747206969923
One-Day_Repo_Rate_AVG : 0.5337277661796377
Portfolio_Flows : 0.035418677639269494
Broad_Money_mo12m%_change : 0.49343967372094666
Foreign_Exchange_Reserve_change_yryr% : 0.3969802597007573
--------------------

