--------------------
id : 1649549379
corr_coef : 0.178946783029376
explain variance ratio : 0.4630521472632787
Weight :
Term_Premium : 0.5782137717556649
Stock_Prices_mom24mma%_change : 0.021439873619558014
One-Day_Repo_Rate_AVG : 0.5688040815506447
Current_Account_Balance_change_yryr% : 0.1101956064658734
Broad_Money_mo12m%_change : 0.5740453040468247
--------------------

