--------------------
id : 1686248057
corr_coef : 0.18821103533070957
explain variance ratio : 0.41551938479258266
Weight :
Term_Premium : 0.49478294003182033
Stock_Prices_mom24mma%_change : 0.016698170625354503
Current_Account_Balance_change_yryr% : 0.11638584810311814
REER : 0.4783377006096187
Policy_Rate_&_Fed_Funds_Rate_Differential_AVG : 0.1688121509734095
One-Day_Repo_Rate_EOP : 0.5403467276117138
Broad_Money_mo12m%_change : 0.43827646928747827
--------------------

