--------------------
id : 1785427768
corr_coef : 0.05903775357887243
explain variance ratio : 0.31348445818338666
Weight :
Term_Premium : 0.49624353056647114
Stock_Prices_mom24mma%_change : 0.18913936956553734
Stock_Market_Volatility : 0.09832108243663851
Current_Account_Balance_change_yryr% : 0.281890493068653
Policy_Rate_&_Fed_Funds_Rate_Differential_AVG : 0.4074170865919635
One-Day_Repo_Rate_EOP : 0.6248993214246757
Portfolio_Flows : 0.2689823926452636
--------------------

