--------------------
id : 1852005457
corr_coef : 0.08316399850070001
explain variance ratio : 0.3402260468384215
Weight :
Term_Premium : -0.49033922109936745
Stock_Prices_mom24mma%_change : -0.1479263822129836
Policy_Rate_&_Fed_Funds_Rate_Differential_EOP : -0.362133785088257
Current_Account_Balance_change_yryr% : -0.2536854721546976
REER : -0.3486167537566739
One-Day_Repo_Rate_EOP : -0.6127057749637543
Portfolio_Flows : -0.2127111396673153
--------------------

