--------------------
id : 1895523534
corr_coef : 0.07235017924728904
explain variance ratio : 0.3112954497090916
Weight :
Term_Premium : 0.5044925199181807
Stock_Prices_mom%_change : 0.059386972932993
Stock_Prices_mom24mma%_change : 0.18280545854588204
One-Day_Repo_Rate_AVG : 0.6305201062299864
Policy_Rate_&_Fed_Funds_Rate_Differential_AVG : 0.403794611326475
Current_Account_Balance_change_yryr% : 0.28226349209051377
Portfolio_Flows : 0.26127433409079087
--------------------

