--------------------
id : 1953739951
corr_coef : 0.08684452563891835
explain variance ratio : 0.31237833888658917
Weight :
Term_Premium : 0.49214261951120253
Stock_Prices_mom24mma%_change : 0.17576956765541674
Stock_Market_Volatility : 0.1008644897757105
One-Day_Repo_Rate_AVG : 0.6244279063489965
Policy_Rate_&_Fed_Funds_Rate_Differential_AVG : 0.4191347719882651
Current_Account_Balance_change_yryr% : 0.27813029847243276
Portfolio_Flows : 0.2716365689736094
--------------------

