--------------------
id : 2019334666
corr_coef : 0.10814411852365843
explain variance ratio : 0.4684609437322622
Weight :
Term_Premium : 0.46416664136796626
Stock_Prices_mom24mma%_change : 0.0699601304383295
One-Day_Repo_Rate_EOP : 0.4907267664480519
REER : 0.47850795399987295
Policy_Rate_&_Fed_Funds_Rate_Differential_EOP : 0.13282203129595538
Broad_Money_mo12m%_change : 0.374157423723809
Foreign_Exchange_Reserve_change_yryr% : 0.3901753684118299
--------------------

