--------------------
id : 2047432610
corr_coef : -0.4176546743673275
explain variance ratio : 0.38972581479739266
Weight :
Risk_Premium : -0.3246368968132231
Stock_Prices_mom%_change : -0.25531031611166033
Stock_Market_Volatility : -0.40596099122264256
Current_Account_Balance_over_GDP : -0.5770426440946274
Bank_Lending_mo12m%_change : -0.5758862632640722
--------------------

