--------------------
id : 2110460114
corr_coef : -0.40645588081995426
explain variance ratio : 0.33115088743506205
Weight :
Risk_Premium : -0.2747643509387219
Stock_Prices_mom%_change : -0.16819523936553893
Stock_Prices_mom24mma%_change : -0.07089338672035095
Stock_Market_Volatility : -0.30978753549989824
Current_Account_Balance_over_GDP : -0.5408165200374111
Bank_Lending_mo12m%_change : -0.5475715787278198
Foreign_Exchange_Reserve_over_GDP : -0.45044820046300305
--------------------

