--------------------
id : 2130948853
corr_coef : -0.3384136893867747
explain variance ratio : 0.3783324163658135
Weight :
Risk_Premium : -0.2629060078620274
Stock_Prices_mom%_change : -0.15400728424134358
Stock_Market_Volatility : -0.2979019971140181
Current_Account_Balance_over_GDP : -0.5565818437708078
Foreign_Exchange_Reserve_over_GDP : -0.45837981893236385
Bank_Lending_mo12m%_change : -0.5463709182655664
--------------------

