--------------------
id : 2180950692
corr_coef : -0.3795698320169354
explain variance ratio : 0.40039987863492355
Weight :
Risk_Premium : -0.22317449850441787
Stock_Prices_mom%_change : -0.10057404348377608
Stock_Market_Volatility : -0.2821527501744203
Current_Account_Balance_over_GDP : -0.4899591852942948
Foreign_Exchange_Reserve_over_GDP : -0.47784068268747953
Velocity_of_Money_mo12m%_change : -0.32303252924768944
Bank_Lending_mo12m%_change : -0.5364010573498076
--------------------

