--------------------
id : 2211010180
corr_coef : -0.22261364496317315
explain variance ratio : 0.33399055476163
Weight :
Term_Premium : -0.5693426298286205
Stock_Prices_mom%_change : -0.15332869264348503
Stock_Prices_mom24mma%_change : -0.3837255142417728
One-Day_Repo_Rate_AVG : -0.5946154363311468
Current_Account_Balance_change_yryr% : -0.32712104844985823
Portfolio_Flows : -0.21099363528254322
--------------------

