--------------------
id : 2245693580
corr_coef : 0.07273297562394357
explain variance ratio : 0.30051108867683635
Weight :
Term_Premium : 0.49749951327374753
Stock_Prices_mom%_change : 0.11579952153201489
Stock_Prices_mom24mma%_change : 0.21102305509232655
Stock_Market_Volatility : 0.1507661777934114
Policy_Rate_&_Fed_Funds_Rate_Differential_AVG : 0.42799500045527905
One-Day_Repo_Rate_EOP : 0.6343691096532955
Portfolio_Flows : 0.29363182263061677
--------------------

