--------------------
id : 2292641998
corr_coef : -0.23605646212056133
explain variance ratio : 0.3887394639506791
Weight :
Term_Premium : 0.5497077177723634
Stock_Prices_mom%_change : 0.06093784881979203
Stock_Prices_mom24mma%_change : 0.34588342303232045
Current_Account_Balance_change_yryr% : 0.25271169981763086
One-Day_Repo_Rate_EOP : 0.5468978347350282
Foreign_Exchange_Reserve_change_yryr% : 0.4599045731579353
--------------------

