--------------------
id : 2292093428
corr_coef : -0.22419467919351252
explain variance ratio : 0.4431826132852822
Weight :
Term_Premium : 0.5769171606731521
Stock_Prices_mom%_change : 0.06143964297035609
Stock_Prices_mom24mma%_change : 0.3505374914506486
One-Day_Repo_Rate_AVG : 0.5549216241485072
Foreign_Exchange_Reserve_change_yryr% : 0.48226260287562495
--------------------

