--------------------
id : 2348564131
corr_coef : -0.08092217539416831
explain variance ratio : 0.35459792721550265
Weight :
Term_Premium : 0.49896794671033406
Stock_Prices_mom24mma%_change : 0.23604132927998878
One-Day_Repo_Rate_EOP : 0.5769492288400402
Policy_Rate_&_Fed_Funds_Rate_Differential_AVG : 0.29120510922899534
Current_Account_Balance_change_yryr% : 0.24628690967036157
Portfolio_Flows : 0.20837416804377543
Foreign_Exchange_Reserve_change_yryr% : 0.416614467996862
--------------------

