--------------------
id : 2348803058
corr_coef : 0.058735927179233836
explain variance ratio : 0.3149322886889122
Weight :
Term_Premium : 0.49411442308688164
Stock_Prices_mom24mma%_change : 0.19019827116049837
Stock_Market_Volatility : 0.09814679605612762
One-Day_Repo_Rate_EOP : 0.6227430167168372
Policy_Rate_&_Fed_Funds_Rate_Differential_EOP : 0.4127651655990418
Current_Account_Balance_change_yryr% : 0.28170541406263794
Portfolio_Flows : 0.2692598630602044
--------------------

