--------------------
id : 2442975032
corr_coef : -0.3533612412516204
explain variance ratio : 0.4317740878173949
Weight :
Risk_Premium : -0.3265440028642853
Stock_Prices_mom%_change : -0.09841011321004323
Current_Account_Balance_over_GDP : -0.6050565516957186
Bank_Lending_mo12m%_change : -0.5193269540593562
Foreign_Exchange_Reserve_over_GDP : -0.49788607918767286
--------------------

