--------------------
id : 2531427214
corr_coef : -0.4267873818395355
explain variance ratio : 0.35453268856434084
Weight :
Risk_Premium : -0.48442824278360774
Stock_Prices_mom%_change : -0.1623599620350158
Stock_Market_Volatility : -0.17285202093642799
Current_Account_Balance_over_GDP : -0.6781408979963903
Foreign_Exchange_Reserve_over_GDP : -0.49921500542793845
--------------------

