--------------------
id : 2595161281
corr_coef : 0.08561209157958455
explain variance ratio : 0.46415385920464075
Weight :
Term_Premium : 0.47379993013020283
Stock_Prices_mom24mma%_change : 0.0992290955858669
One-Day_Repo_Rate_AVG : 0.4722489555811344
REER : 0.47618028597132217
Current_Account_Balance_change_yryr% : 0.11419669725464349
Broad_Money_mo12m%_change : 0.3834512003685223
Foreign_Exchange_Reserve_change_yryr% : 0.3947464544168747
--------------------

