--------------------
id : 2624719743
corr_coef : -0.4801225001687929
explain variance ratio : 0.3006664726985722
Weight :
Term_Premium : -0.524281290204182
Stock_Prices_mom24mma%_change : -0.5082777439970488
Stock_Market_Volatility : -0.07022691421900257
Current_Account_Balance_change_yryr% : -0.3299907995964226
Portfolio_Flows : -0.20789719639863918
Foreign_Exchange_Reserve_change_yryr% : -0.556539191908067
--------------------

