--------------------
id : 2631994604
corr_coef : -0.05888444657849969
explain variance ratio : 0.342943627216589
Weight :
Term_Premium : 0.5114403166884656
Stock_Prices_mom24mma%_change : 0.23288481567130148
Stock_Market_Volatility : 0.03794331655159651
One-Day_Repo_Rate_EOP : 0.591249188795872
Policy_Rate_&_Fed_Funds_Rate_Differential_EOP : 0.3210142219354654
Portfolio_Flows : 0.2121773414488226
Foreign_Exchange_Reserve_change_yryr% : 0.43024273574752225
--------------------

