--------------------
id : 2702955986
corr_coef : -0.12209314123948628
explain variance ratio : 0.44003835434035277
Weight :
Term_Premium : 0.48960654525007263
Stock_Prices_mom24mma%_change : 0.24974336186587975
Current_Account_Balance_change_yryr% : 0.2091099667955721
REER : 0.40680384140921677
One-Day_Repo_Rate_EOP : 0.512120666155681
Foreign_Exchange_Reserve_change_yryr% : 0.47584636570004146
--------------------

