--------------------
id : 2880878358
corr_coef : -0.790941076070141
explain variance ratio : 0.328431022268056
Weight :
Risk_Premium : -0.5072589114031909
Stock_Prices_mom24mma%_change : -0.7571130565179318
Current_Account_Balance_over_GDP : -0.07197224076123931
Foreign_Exchange_Reserve_change_yryr% : -0.40532482407561754
--------------------

