--------------------
id : 2933620777
corr_coef : 0.0535012485555535
explain variance ratio : 0.34142377564863896
Weight :
Term_Premium : 0.49009355344442074
Stock_Market_Volatility : 0.016722590084034095
One-Day_Repo_Rate_AVG : 0.5973383325737677
Policy_Rate_&_Fed_Funds_Rate_Differential_AVG : 0.378611904898988
Current_Account_Balance_change_yryr% : 0.2395579830478758
Portfolio_Flows : 0.22597916830304293
Foreign_Exchange_Reserve_change_yryr% : 0.38847650380808213
--------------------

