--------------------
id : 2941765273
corr_coef : 0.04385415198507413
explain variance ratio : 0.31402593528142986
Weight :
Term_Premium : 0.5050546414870252
Stock_Prices_mom%_change : 0.0649123859913342
Stock_Prices_mom24mma%_change : 0.19877940358950183
One-Day_Repo_Rate_EOP : 0.628101801316405
Policy_Rate_&_Fed_Funds_Rate_Differential_EOP : 0.3970050934620709
Current_Account_Balance_change_yryr% : 0.28548641724872115
Portfolio_Flows : 0.2599337001634737
--------------------

