--------------------
id : 2966879181
corr_coef : 0.15888027629391546
explain variance ratio : 0.4743409213611251
Weight :
Term_Premium : 0.5191810616410586
Stock_Prices_mom24mma%_change : 0.055493112355412544
One-Day_Repo_Rate_AVG : 0.5246813722033333
REER : 0.4757189924878398
Current_Account_Balance_change_yryr% : 0.1201903636168334
Broad_Money_mo12m%_change : 0.4597028540886044
--------------------

