--------------------
id : 3058467397
corr_coef : -0.21750318232621382
explain variance ratio : 0.38981279386202783
Weight :
Term_Premium : -0.5364064071808254
Stock_Prices_mom24mma%_change : -0.3308088727456078
Current_Account_Balance_change_yryr% : -0.26090042579293415
One-Day_Repo_Rate_AVG : -0.5438503273849173
Portfolio_Flows : -0.1667197097595156
Foreign_Exchange_Reserve_change_yryr% : -0.45956064197255303
--------------------

