--------------------
id : 3072154232
corr_coef : -0.21536174673475833
explain variance ratio : 0.45351266773634064
Weight :
Term_Premium : 0.556919670423441
Stock_Prices_mom24mma%_change : 0.3384538876946437
One-Day_Repo_Rate_EOP : 0.5630598800148601
Portfolio_Flows : 0.15380767129051184
Foreign_Exchange_Reserve_change_yryr% : 0.4843513377391142
--------------------

