--------------------
id : 3089437682
corr_coef : -0.040407820727534564
explain variance ratio : 0.3400721144890853
Weight :
Term_Premium : 0.5123157619273987
Stock_Prices_mom24mma%_change : 0.22520458989943615
Stock_Market_Volatility : 0.04088825790344651
Policy_Rate_&_Fed_Funds_Rate_Differential_EOP : 0.33061319261733735
One-Day_Repo_Rate_AVG : 0.5899993992449654
Portfolio_Flows : 0.21577916978309808
Foreign_Exchange_Reserve_change_yryr% : 0.4256507709146844
--------------------

