--------------------
id : 3115234822
corr_coef : -0.10950715344532161
explain variance ratio : 0.431858125887865
Weight :
Term_Premium : 0.48765674290615746
Stock_Prices_mom24mma%_change : 0.24865393528003366
One-Day_Repo_Rate_EOP : 0.5188571987337265
REER : 0.41773014425222865
Portfolio_Flows : 0.12645241980951655
Foreign_Exchange_Reserve_change_yryr% : 0.4905717490820588
--------------------

