--------------------
id : 3157615651
corr_coef : 0.08185493283778403
explain variance ratio : 0.33873169142916204
Weight :
Term_Premium : -0.4926338620006779
Stock_Prices_mom24mma%_change : -0.14751987368508424
Current_Account_Balance_change_yryr% : -0.253931732769924
REER : -0.3495269838524727
Policy_Rate_&_Fed_Funds_Rate_Differential_AVG : -0.35527065660467205
One-Day_Repo_Rate_EOP : -0.6146329191758505
Portfolio_Flows : -0.2119161691583456
--------------------

