--------------------
id : 3158707558
corr_coef : 0.04324364924734937
explain variance ratio : 0.31258215870277084
Weight :
Term_Premium : 0.5074199545027369
Stock_Prices_mom%_change : 0.06501337444912947
Stock_Prices_mom24mma%_change : 0.19821213219313386
One-Day_Repo_Rate_EOP : 0.6302374528456154
Policy_Rate_&_Fed_Funds_Rate_Differential_AVG : 0.39090828515053666
Current_Account_Balance_change_yryr% : 0.285809931783982
Portfolio_Flows : 0.25945009171631056
--------------------

