--------------------
id : 3192126511
corr_coef : -0.3783650850116782
explain variance ratio : 0.46413598386257987
Weight :
Risk_Premium : -0.22374050592397537
Stock_Market_Volatility : -0.27008776339957574
Current_Account_Balance_over_GDP : -0.4931261367886032
Foreign_Exchange_Reserve_over_GDP : -0.4827005423928626
Velocity_of_Money_mo12m%_change : -0.3312576361852299
Bank_Lending_mo12m%_change : -0.5395256844018228
--------------------

