--------------------
id : 3243412652
corr_coef : -0.05966460060192273
explain variance ratio : 0.35320477310179443
Weight :
Term_Premium : 0.4975620431138981
Stock_Prices_mom24mma%_change : 0.2272659276776211
Policy_Rate_&_Fed_Funds_Rate_Differential_EOP : 0.3102790199484335
Current_Account_Balance_change_yryr% : 0.2456666850717903
One-Day_Repo_Rate_AVG : 0.5736569532049993
Portfolio_Flows : 0.21237632077219837
Foreign_Exchange_Reserve_change_yryr% : 0.4122754169358801
--------------------

