--------------------
id : 3328751023
corr_coef : -0.4102723768788605
explain variance ratio : 0.37982419020016067
Weight :
Risk_Premium : -0.26517907985348493
Stock_Prices_mom%_change : -0.07374799234781182
Stock_Prices_mom24mma%_change : -0.06903815225085169
Current_Account_Balance_over_GDP : -0.5171328093290022
Foreign_Exchange_Reserve_over_GDP : -0.47969287174242947
Velocity_of_Money_mo12m%_change : -0.35720626304969794
Bank_Lending_mo12m%_change : -0.5425376620287107
--------------------

