--------------------
id : 3341049924
corr_coef : -0.1853891656033499
explain variance ratio : 0.3965722036265209
Weight :
Term_Premium : -0.5963850876725525
Stock_Prices_mom24mma%_change : -0.34646502524835887
One-Day_Repo_Rate_AVG : -0.6154889162066748
Current_Account_Balance_change_yryr% : -0.33182377771454075
Portfolio_Flows : -0.18802443471910846
--------------------

