--------------------
id : 3355859850
corr_coef : -0.6029800802456375
explain variance ratio : 0.3178676713424778
Weight :
Risk_Premium : -0.2344511383453657
Stock_Prices_mom24mma%_change : -0.4726997422482455
Stock_Market_Volatility : -0.598662553301986
Current_Account_Balance_change_yryr% : -0.028104528001172926
Bank_Lending_mo12m%_change : -0.6019974253987986
--------------------

