--------------------
id : 3364120189
corr_coef : -0.06332681415563153
explain variance ratio : 0.3412492454522855
Weight :
Term_Premium : 0.514744249734372
Stock_Prices_mom24mma%_change : 0.23477592061070396
Stock_Market_Volatility : 0.03713375391221972
One-Day_Repo_Rate_EOP : 0.5930464776085986
Policy_Rate_&_Fed_Funds_Rate_Differential_AVG : 0.3105493998431644
Portfolio_Flows : 0.2109159286486147
Foreign_Exchange_Reserve_change_yryr% : 0.4311718050644766
--------------------

