--------------------
id : 3370410653
corr_coef : -0.061993985062121434
explain variance ratio : 0.37229021577587385
Weight :
Term_Premium : 0.6257010469210454
Stock_Prices_mom%_change : 0.0174394442156931
One-Day_Repo_Rate_EOP : 0.6729738853309539
Current_Account_Balance_change_yryr% : 0.34443098616818635
Portfolio_Flows : 0.19148762648569706
--------------------

