--------------------
id : 3475149579
corr_coef : -0.8792107422876053
explain variance ratio : 0.33379643563441247
Weight :
Risk_Premium : -0.5825918251324402
Stock_Prices_mom24mma%_change : -0.6741758100495143
Current_Account_Balance_change_yryr% : -0.11868875522449543
Bank_Lending_mo12m%_change : -0.4381628941571766
--------------------

