--------------------
id : 3605361307
corr_coef : -0.4799839103426645
explain variance ratio : 0.4125217809974372
Weight :
Risk_Premium : -0.3522606990139733
Stock_Market_Volatility : -0.29367939835740087
Current_Account_Balance_over_GDP : -0.5991138917529649
Velocity_of_Money_mo12m%_change : -0.3978635944828019
Foreign_Exchange_Reserve_over_GDP : -0.5219501085395656
--------------------

