--------------------
id : 3692395192
corr_coef : -0.4143828025804691
explain variance ratio : 0.30724477915668486
Weight :
Term_Premium : -0.59786764107688
Stock_Prices_mom24mma%_change : -0.47002460598945106
REER : -0.4182069494656313
Current_Account_Balance_change_yryr% : -0.4542518210539389
Portfolio_Flows : -0.20097110241390273
--------------------

