--------------------
id : 3826856643
corr_coef : 0.10016431157351707
explain variance ratio : 0.43230079756683026
Weight :
Term_Premium : 0.5495056178993781
Stock_Prices_mom24mma%_change : 0.10056186062935091
One-Day_Repo_Rate_EOP : 0.5357489999133558
Portfolio_Flows : 0.03803328168773874
Broad_Money_mo12m%_change : 0.486376334981649
Foreign_Exchange_Reserve_change_yryr% : 0.4036030567643212
--------------------

