--------------------
id : 3880773220
corr_coef : -0.5962518331346951
explain variance ratio : 0.3031622707954477
Weight :
Risk_Premium : -0.3925300612375358
Stock_Prices_mom%_change : -0.2058433734122248
Stock_Prices_mom24mma%_change : -0.2037300198640426
Stock_Market_Volatility : -0.3325844286259344
Current_Account_Balance_over_GDP : -0.5542710447877373
Velocity_of_Money_mo12m%_change : -0.38006361334461647
Foreign_Exchange_Reserve_over_GDP : -0.44695144278795246
--------------------

