--------------------
id : 3989754348
corr_coef : -0.05201610288592517
explain variance ratio : 0.3385776881633145
Weight :
Term_Premium : 0.5170430602587246
Stock_Prices_mom%_change : 0.04185813650154768
Stock_Prices_mom24mma%_change : 0.23307784742395143
One-Day_Repo_Rate_AVG : 0.5915316457104611
Policy_Rate_&_Fed_Funds_Rate_Differential_AVG : 0.3128645029343971
Portfolio_Flows : 0.21218802174080542
Foreign_Exchange_Reserve_change_yryr% : 0.42868571896383134
--------------------

