--------------------
id : 4171392623
corr_coef : -0.7176109081093579
explain variance ratio : 0.3087846028915021
Weight :
Risk_Premium : -0.38935981871300285
Stock_Prices_mom%_change : -0.539497789853818
Stock_Prices_mom24mma%_change : -0.6554833028195114
Current_Account_Balance_change_yryr% : -0.11539278662114763
Bank_Lending_mo12m%_change : -0.3381822154331212
--------------------

