--------------------
id : 4205924382
corr_coef : -0.3783650850116783
explain variance ratio : 0.46413598386257987
Weight :
Risk_Premium : -0.2237405059239754
Stock_Market_Volatility : -0.27008776339957563
Current_Account_Balance_over_GDP : -0.4931261367886033
Bank_Lending_mo12m%_change : -0.5395256844018228
Velocity_of_Money_mo12m%_change : -0.33125763618522985
Foreign_Exchange_Reserve_over_GDP : -0.4827005423928628
--------------------

