--------------------
id : 4330841349
corr_coef : 0.17243808599369873
explain variance ratio : 0.30787049427112895
Weight :
Term_Premium : 0.47059143088978855
Stock_Prices_mom%_change : 0.029205618535776412
Stock_Market_Volatility : 0.0889784180329636
One-Day_Repo_Rate_AVG : 0.6288073007148126
Policy_Rate_&_Fed_Funds_Rate_Differential_AVG : 0.47470154644576146
Current_Account_Balance_change_yryr% : 0.26511591944897106
Portfolio_Flows : 0.280618865666362
--------------------

