--------------------
id : 4405666268
corr_coef : 0.06306122887466846
explain variance ratio : 0.42164487429236347
Weight :
Term_Premium : 0.7034152741660061
Stock_Prices_mom24mma%_change : 0.023729424013912648
Current_Account_Balance_change_yryr% : 0.1107900576152254
Broad_Money_mo12m%_change : 0.7016904086843043
--------------------

