--------------------
id : 4429610631
corr_coef : -0.41438280258046956
explain variance ratio : 0.3072447791566847
Weight :
Term_Premium : -0.5978676410768805
Stock_Prices_mom24mma%_change : -0.4700246059894515
Current_Account_Balance_change_yryr% : -0.4542518210539384
REER : -0.41820694946563086
Portfolio_Flows : -0.20097110241390292
--------------------

