--------------------
id : 4492957064
corr_coef : -0.08259137065132613
explain variance ratio : 0.363492274792614
Weight :
Term_Premium : -0.5594152652481139
Stock_Prices_mom24mma%_change : -0.2652085208264243
One-Day_Repo_Rate_AVG : -0.602167169077019
REER : -0.3839752656827295
Current_Account_Balance_change_yryr% : -0.28523365499383796
Portfolio_Flows : -0.15911775317966811
--------------------

