--------------------
id : 4511560781
corr_coef : -0.4270498871891482
explain variance ratio : 0.4714312868464156
Weight :
Risk_Premium : -0.358641275149158
Stock_Market_Volatility : -0.3646233764856994
Current_Account_Balance_over_GDP : -0.6204114227042872
Bank_Lending_mo12m%_change : -0.5945720273083792
--------------------

