--------------------
id : 4692187232
corr_coef : -0.22183441964144485
explain variance ratio : 0.46025901004782244
Weight :
Term_Premium : 0.5593381453416234
Stock_Prices_mom24mma%_change : 0.331924787513589
One-Day_Repo_Rate_AVG : 0.5456223538470731
Current_Account_Balance_change_yryr% : 0.2541842140509414
Foreign_Exchange_Reserve_change_yryr% : 0.46330703308878923
--------------------

