--------------------
id : 4860545710
corr_coef : -0.6126358550161206
explain variance ratio : 0.3418106278570898
Weight :
Risk_Premium : -0.34726714663573777
Stock_Prices_mom%_change : -0.32583755753151755
Stock_Prices_mom24mma%_change : -0.29905361570513883
Stock_Market_Volatility : -0.41443995585695237
Current_Account_Balance_over_GDP : -0.48170828744836514
Bank_Lending_mo12m%_change : -0.5291493160686324
--------------------

