--------------------
id : 4915554022
corr_coef : 0.11503971090350212
explain variance ratio : 0.4651359808156577
Weight :
Term_Premium : 0.4672410217077543
Stock_Prices_mom24mma%_change : 0.06499568424850899
One-Day_Repo_Rate_AVG : 0.4878801402020582
Policy_Rate_&_Fed_Funds_Rate_Differential_AVG : 0.13168982004197544
REER : 0.4771760913960149
Broad_Money_mo12m%_change : 0.38053310765861037
Foreign_Exchange_Reserve_change_yryr% : 0.38676825171153334
--------------------

