--------------------
id : 4933227751
corr_coef : 0.1700146104590922
explain variance ratio : 0.5745339790616458
Weight :
Term_Premium : 0.5866890589661111
Stock_Prices_mom24mma%_change : 0.02392117018580797
One-Day_Repo_Rate_EOP : 0.5686101567126103
Broad_Money_mo12m%_change : 0.5761130231036797
--------------------

