--------------------
id : 4989628954
corr_coef : 0.15247791664315793
explain variance ratio : 0.40865089492865003
Weight :
Term_Premium : 0.5155268712205763
Stock_Prices_mom24mma%_change : 0.06329202937467004
One-Day_Repo_Rate_EOP : 0.5284572644796
REER : 0.4793648741393493
Current_Account_Balance_change_yryr% : 0.12428883104275144
Portfolio_Flows : 0.03325636453656279
Broad_Money_mo12m%_change : 0.4523435661343049
--------------------

