--------------------
id : 4997216104
corr_coef : 0.1724380859936991
explain variance ratio : 0.30787049427112867
Weight :
Term_Premium : 0.47059143088978833
Stock_Prices_mom%_change : 0.029205618535776745
Stock_Market_Volatility : 0.08897841803296422
Current_Account_Balance_change_yryr% : 0.26511591944897117
Policy_Rate_&_Fed_Funds_Rate_Differential_AVG : 0.47470154644576223
One-Day_Repo_Rate_AVG : 0.6288073007148118
Portfolio_Flows : 0.28061886566636296
--------------------

