--------------------
id : 5023525946
corr_coef : -0.10554365866404075
explain variance ratio : 0.5079405260677003
Weight :
Term_Premium : 0.5032436261600148
Stock_Prices_mom24mma%_change : 0.24385465394084982
One-Day_Repo_Rate_AVG : 0.512420966577505
REER : 0.42608893757003
Foreign_Exchange_Reserve_change_yryr% : 0.4931062063824856
--------------------

