--------------------
id : 5049252930
corr_coef : -0.05247511605885093
explain variance ratio : 0.4367792263407888
Weight :
Term_Premium : 0.684039892181842
Stock_Prices_mom%_change : 0.0010228371908687084
One-Day_Repo_Rate_EOP : 0.7118146519691072
Portfolio_Flows : 0.15939975203880935
--------------------

