--------------------
id : 5064159707
corr_coef : -0.23856090334884433
explain variance ratio : 0.348497050268227
Weight :
Term_Premium : 0.4803599042448173
Stock_Prices_mom24mma%_change : 0.33550465337743784
Current_Account_Balance_change_yryr% : 0.2484017282565355
REER : 0.47565460345267213
Portfolio_Flows : 0.1400746930204561
Foreign_Exchange_Reserve_change_yryr% : 0.5908632243968712
--------------------

