--------------------
id : 5112720483
corr_coef : -0.11158033823935799
explain variance ratio : 0.5131132859283914
Weight :
Term_Premium : 0.4998762523003686
Stock_Prices_mom24mma%_change : 0.2464436904687589
One-Day_Repo_Rate_EOP : 0.5176939911207268
REER : 0.4231176558773626
Foreign_Exchange_Reserve_change_yryr% : 0.49229424194948257
--------------------

