--------------------
id : 5261132688
corr_coef : -0.7176109081093566
explain variance ratio : 0.3087846028915021
Weight :
Risk_Premium : -0.3893598187130016
Stock_Prices_mom%_change : -0.5394977898538197
Stock_Prices_mom24mma%_change : -0.6554833028195113
Current_Account_Balance_change_yryr% : -0.11539278662114758
Bank_Lending_mo12m%_change : -0.33818221543312105
--------------------

