--------------------
id : 5347373451
corr_coef : 0.0421377945998958
explain variance ratio : 0.4293970234087584
Weight :
Term_Premium : 0.6264904927568671
Stock_Prices_mom24mma%_change : 0.09351092386393622
REER : 0.5407567775232553
Current_Account_Balance_change_yryr% : 0.14879089431288708
Broad_Money_mo12m%_change : 0.5331123211253006
--------------------

