--------------------
id : 5406307720
corr_coef : 0.15971337223110332
explain variance ratio : 0.40683278984479004
Weight :
Term_Premium : 0.517027674686286
Stock_Prices_mom24mma%_change : 0.05701871819706805
Current_Account_Balance_change_yryr% : 0.12254400679925392
REER : 0.4763386199502465
One-Day_Repo_Rate_AVG : 0.5263230057150496
Portfolio_Flows : 0.03138889439598168
Broad_Money_mo12m%_change : 0.4577276110186135
--------------------

