--------------------
id : 5426318855
corr_coef : -0.5999501514626516
explain variance ratio : 0.3958119208417386
Weight :
Risk_Premium : -0.44065119769743416
Stock_Prices_mom24mma%_change : -0.13529871537190374
Current_Account_Balance_over_GDP : -0.611614882934139
Velocity_of_Money_mo12m%_change : -0.43694180318618164
Foreign_Exchange_Reserve_over_GDP : -0.47173072317626
--------------------

