--------------------
id : 5451886420
corr_coef : 0.15979284518232695
explain variance ratio : 0.5638275340407114
Weight :
Term_Premium : 0.526691094801788
Stock_Prices_mom24mma%_change : 0.050399974935850245
One-Day_Repo_Rate_AVG : 0.5271263905669166
REER : 0.4745258310860342
Broad_Money_mo12m%_change : 0.46585334299858977
--------------------

