--------------------
id : 5509199521
corr_coef : 0.20554643626869917
explain variance ratio : 0.41152982399161964
Weight :
Term_Premium : 0.4942518729688967
Stock_Prices_mom24mma%_change : 0.002893241686172221
One-Day_Repo_Rate_AVG : 0.5447897827560536
REER : 0.47470144758551025
Policy_Rate_&_Fed_Funds_Rate_Differential_EOP : 0.1901233575495291
Portfolio_Flows : 0.0559186111689252
Broad_Money_mo12m%_change : 0.44078970192501965
--------------------

