--------------------
id : 5529417448
corr_coef : -0.40418038924843075
explain variance ratio : 0.4416881439938788
Weight :
Risk_Premium : -0.26098031365355384
Stock_Prices_mom24mma%_change : -0.05316510241715333
Current_Account_Balance_over_GDP : -0.5182216415477041
Bank_Lending_mo12m%_change : -0.5438815617789461
Velocity_of_Money_mo12m%_change : -0.36072195003973706
Foreign_Exchange_Reserve_over_GDP : -0.48433624633955774
--------------------

