--------------------
id : 5565500655
corr_coef : -0.2072617900308686
explain variance ratio : 0.30060867264413976
Weight :
Term_Premium : 0.4796631085369808
Stock_Prices_mom24mma%_change : 0.3004842944962459
Policy_Rate_&_Fed_Funds_Rate_Differential_AVG : 0.11888764459155199
REER : 0.47903898640709275
Current_Account_Balance_change_yryr% : 0.2526925267104198
Portfolio_Flows : 0.16978286597750367
Foreign_Exchange_Reserve_change_yryr% : 0.5859523307406851
--------------------

