--------------------
id : 5573743255
corr_coef : -0.12023657609452022
explain variance ratio : 0.3816278878776144
Weight :
Term_Premium : 0.4756385932457299
Stock_Prices_mom24mma%_change : 0.2514470696250142
One-Day_Repo_Rate_EOP : 0.5121342042076598
REER : 0.4000962715577094
Current_Account_Balance_change_yryr% : 0.2148185618148491
Portfolio_Flows : 0.13616671290593846
Foreign_Exchange_Reserve_change_yryr% : 0.47275304542077096
--------------------

