--------------------
id : 5681817324
corr_coef : -0.005454569227046935
explain variance ratio : 0.3831311147382102
Weight :
Term_Premium : 0.464979415633941
Stock_Prices_mom24mma%_change : 0.175959882918036
One-Day_Repo_Rate_AVG : 0.5396200861554379
REER : 0.39705645651323374
Policy_Rate_&_Fed_Funds_Rate_Differential_EOP : 0.26970513278619407
Portfolio_Flows : 0.16598464166921098
Foreign_Exchange_Reserve_change_yryr% : 0.45132785830000316
--------------------

