--------------------
id : 5734205550
corr_coef : 0.045133545004849326
explain variance ratio : 0.5303397196361128
Weight :
Term_Premium : 0.639157053948134
Stock_Prices_mom24mma%_change : 0.0834677448030694
REER : 0.5371545497729184
Broad_Money_mo12m%_change : 0.5440371178734817
--------------------

