--------------------
id : 5771792238
corr_coef : -0.038455770071456945
explain variance ratio : 0.3857389684183476
Weight :
Term_Premium : 0.4784607196735435
Stock_Prices_mom24mma%_change : 0.18798181565143268
One-Day_Repo_Rate_AVG : 0.5337974731574081
Policy_Rate_&_Fed_Funds_Rate_Differential_AVG : 0.23078778363919994
REER : 0.3951470387380363
Current_Account_Balance_change_yryr% : 0.20386023916930146
Foreign_Exchange_Reserve_change_yryr% : 0.44702936586977526
--------------------

