--------------------
id : 5831338938
corr_coef : 0.15130276735276227
explain variance ratio : 0.3094577440896415
Weight :
Term_Premium : 0.47368395804884594
Stock_Prices_mom%_change : 0.02944939677837144
Stock_Market_Volatility : 0.08474635764083843
One-Day_Repo_Rate_EOP : 0.6277003414179685
Policy_Rate_&_Fed_Funds_Rate_Differential_EOP : 0.47193913889434075
Current_Account_Balance_change_yryr% : 0.26968435469458374
Portfolio_Flows : 0.27948233428891456
--------------------

