--------------------
id : 5870865483
corr_coef : -0.4791742346469002
explain variance ratio : 0.3475861122385928
Weight :
Risk_Premium : -0.34666984842869625
Stock_Prices_mom%_change : -0.14851358334042086
Stock_Market_Volatility : -0.3231654612135497
Current_Account_Balance_over_GDP : -0.5901464908499796
Velocity_of_Money_mo12m%_change : -0.3775858460480168
Foreign_Exchange_Reserve_over_GDP : -0.5123317915512408
--------------------

