--------------------
id : 5923894757
corr_coef : -0.07647910666655977
explain variance ratio : 0.3090660919631029
Weight :
Term_Premium : -0.1518687365293401
Stock_Prices_mom%_change : -0.4970898611268557
Current_Account_Balance_change_yryr% : -0.5407155461600656
Portfolio_Flows : -0.661410806511873
--------------------

