--------------------
id : 5940737667
corr_coef : 0.1885259936480622
explain variance ratio : 0.41574975840465933
Weight :
Term_Premium : 0.49418894408769104
Stock_Prices_mom24mma%_change : 0.017127668760679282
One-Day_Repo_Rate_EOP : 0.5403870494390429
REER : 0.479278011652564
Policy_Rate_&_Fed_Funds_Rate_Differential_EOP : 0.17122547948698136
Current_Account_Balance_change_yryr% : 0.11671968439373451
Broad_Money_mo12m%_change : 0.43682571501541423
--------------------

