--------------------
id : 5964484480
corr_coef : 0.08684452563891709
explain variance ratio : 0.3123783388865889
Weight :
Term_Premium : 0.4921426195112032
Stock_Prices_mom24mma%_change : 0.17576956765541762
Stock_Market_Volatility : 0.10086448977571073
Current_Account_Balance_change_yryr% : 0.278130298472433
Policy_Rate_&_Fed_Funds_Rate_Differential_AVG : 0.41913477198826476
One-Day_Repo_Rate_AVG : 0.6244279063489957
Portfolio_Flows : 0.2716365689736096
--------------------

