--------------------
id : 6170332954
corr_coef : -0.3771487730437636
explain variance ratio : 0.3978549853031163
Weight :
Risk_Premium : -0.22177294131393632
Stock_Market_Volatility : -0.2712581748214212
Current_Account_Balance_over_GDP : -0.49230001245937116
Bank_Lending_mo12m%_change : -0.5400857359913199
Velocity_of_Money_mo12m%_change : -0.33129684693393646
Portfolio_Flows : -0.01002528070331743
Foreign_Exchange_Reserve_over_GDP : -0.48303804566843994
--------------------

