--------------------
id : 6222070547
corr_coef : -0.6126358550161208
explain variance ratio : 0.3418106278570899
Weight :
Risk_Premium : -0.34726714663573766
Stock_Prices_mom%_change : -0.32583755753151855
Stock_Prices_mom24mma%_change : -0.29905361570513966
Stock_Market_Volatility : -0.41443995585695204
Current_Account_Balance_over_GDP : -0.48170828744836547
Bank_Lending_mo12m%_change : -0.5291493160686321
--------------------

