--------------------
id : 6241541919
corr_coef : 0.15247791664315782
explain variance ratio : 0.40865089492865025
Weight :
Term_Premium : 0.5155268712205763
Stock_Prices_mom24mma%_change : 0.06329202937467038
Current_Account_Balance_change_yryr% : 0.12428883104275157
REER : 0.4793648741393496
One-Day_Repo_Rate_EOP : 0.5284572644795998
Portfolio_Flows : 0.033256364536562805
Broad_Money_mo12m%_change : 0.4523435661343047
--------------------

