--------------------
id : 6264259992
corr_coef : -0.46703796639694767
explain variance ratio : 0.3543808500986355
Weight :
Term_Premium : -0.5680929181578198
Stock_Prices_mom24mma%_change : -0.5009460990678322
Stock_Market_Volatility : -0.005986284685098459
Current_Account_Balance_change_yryr% : -0.3160880074141562
Foreign_Exchange_Reserve_change_yryr% : -0.5712932505572521
--------------------

