--------------------
id : 6296310824
corr_coef : -0.41027237687886015
explain variance ratio : 0.37982419020016056
Weight :
Risk_Premium : -0.2651790798534847
Stock_Prices_mom%_change : -0.07374799234781126
Stock_Prices_mom24mma%_change : -0.06903815225085125
Current_Account_Balance_over_GDP : -0.5171328093290022
Bank_Lending_mo12m%_change : -0.5425376620287107
Velocity_of_Money_mo12m%_change : -0.35720626304969777
Foreign_Exchange_Reserve_over_GDP : -0.47969287174242964
--------------------

