--------------------
id : 6311071912
corr_coef : -0.0461948278242274
explain variance ratio : 0.3905138481468214
Weight :
Term_Premium : 0.47435853157456215
Stock_Prices_mom24mma%_change : 0.19141398007457688
Policy_Rate_&_Fed_Funds_Rate_Differential_EOP : 0.23552839090810523
Current_Account_Balance_change_yryr% : 0.20369815250004208
REER : 0.392291327130736
One-Day_Repo_Rate_EOP : 0.5361546131252226
Foreign_Exchange_Reserve_change_yryr% : 0.44724026762054
--------------------

