--------------------
id : 6497914530
corr_coef : -0.09420225605401031
explain variance ratio : 0.3669374996021019
Weight :
Term_Premium : -0.5561454900724156
Stock_Prices_mom24mma%_change : -0.27037434826140916
One-Day_Repo_Rate_EOP : -0.6041644855927633
REER : -0.3826232608895585
Current_Account_Balance_change_yryr% : -0.2848140676386055
Portfolio_Flows : -0.1583210886905343
--------------------

