--------------------
id : 6548722211
corr_coef : 0.08155261398048394
explain variance ratio : 0.4637089418376332
Weight :
Term_Premium : 0.4744312488619235
Stock_Prices_mom24mma%_change : 0.10200556273689432
REER : 0.4771934794456224
One-Day_Repo_Rate_EOP : 0.4801718795100228
Portfolio_Flows : 0.04487528003525315
Broad_Money_mo12m%_change : 0.37990812797358386
Foreign_Exchange_Reserve_change_yryr% : 0.3998590102996343
--------------------

