--------------------
id : 6609449276
corr_coef : 0.20578580168940028
explain variance ratio : 0.4114225116848569
Weight :
Term_Premium : 0.49453803412998254
Stock_Prices_mom24mma%_change : 0.0019290397976493567
REER : 0.4734636264155941
Policy_Rate_&_Fed_Funds_Rate_Differential_AVG : 0.18909071177192915
One-Day_Repo_Rate_AVG : 0.5449642408229269
Portfolio_Flows : 0.05506573852770644
Broad_Money_mo12m%_change : 0.4421391743014632
--------------------

