--------------------
id : 6626393575
corr_coef : -0.5278160726996304
explain variance ratio : 0.3938347498694139
Weight :
Risk_Premium : -0.40240426811578567
Stock_Prices_mom%_change : -0.06914758813881927
Current_Account_Balance_over_GDP : -0.6297056664418009
Velocity_of_Money_mo12m%_change : -0.4195289107417758
Foreign_Exchange_Reserve_over_GDP : -0.5106424216217154
--------------------

