--------------------
id : 6838600844
corr_coef : 0.19795319941077602
explain variance ratio : 0.4143300014766483
Weight :
Term_Premium : 0.4941230024666203
Stock_Prices_mom24mma%_change : 0.009395254777642914
Policy_Rate_&_Fed_Funds_Rate_Differential_EOP : 0.17596900712834135
Current_Account_Balance_change_yryr% : 0.11478349557169054
REER : 0.47571953680781254
One-Day_Repo_Rate_AVG : 0.5393153225706573
Broad_Money_mo12m%_change : 0.44095776491123745
--------------------

