--------------------
id : 6960897777
corr_coef : 0.16907964624129496
explain variance ratio : 0.30882015890120884
Weight :
Term_Premium : 0.47013257966596056
Stock_Prices_mom%_change : 0.029374125115397942
Stock_Market_Volatility : 0.08833497757226953
One-Day_Repo_Rate_AVG : 0.6268183857604281
Policy_Rate_&_Fed_Funds_Rate_Differential_EOP : 0.47705284387245483
Current_Account_Balance_change_yryr% : 0.2662067459981155
Portfolio_Flows : 0.2810030495539704
--------------------

