--------------------
id : 6983248281
corr_coef : -0.4041803892484302
explain variance ratio : 0.4416881439938785
Weight :
Risk_Premium : -0.2609803136535535
Stock_Prices_mom24mma%_change : -0.05316510241715333
Current_Account_Balance_over_GDP : -0.5182216415477042
Foreign_Exchange_Reserve_over_GDP : -0.48433624633955785
Velocity_of_Money_mo12m%_change : -0.3607219500397372
Bank_Lending_mo12m%_change : -0.5438815617789463
--------------------

