--------------------
id : 6995104732
corr_coef : -0.42122001454289315
explain variance ratio : 0.43860776819047365
Weight :
Risk_Premium : -0.4962816266170799
Stock_Market_Volatility : -0.11711887682278055
Current_Account_Balance_over_GDP : -0.687789772372811
Foreign_Exchange_Reserve_over_GDP : -0.5166555378522838
--------------------

