--------------------
id : 7045608266
corr_coef : -0.5347605807512449
explain variance ratio : 0.312315642267036
Weight :
Risk_Premium : 0.32862498557708786
Stock_Prices_mom24mma%_change : 0.6706399575982405
REER : 0.5607420422469809
Broad_Money_mo12m%_change : 0.357513675519937
--------------------

