--------------------
id : 7108637107
corr_coef : 0.1955306288893348
explain variance ratio : 0.4125938134120595
Weight :
Term_Premium : 0.49529381871187883
Stock_Prices_mom24mma%_change : 0.01022150742097283
REER : 0.47748968844359185
Policy_Rate_&_Fed_Funds_Rate_Differential_AVG : 0.18292864222945918
One-Day_Repo_Rate_EOP : 0.545718855325847
Portfolio_Flows : 0.055539470973878874
Broad_Money_mo12m%_change : 0.4384364963364299
--------------------

