--------------------
id : 7328840994
corr_coef : -0.19315678480795315
explain variance ratio : 0.37659221568957635
Weight :
Term_Premium : 0.6349977168035985
Stock_Prices_mom24mma%_change : 0.3755500271624793
Stock_Market_Volatility : 0.06380178925496587
One-Day_Repo_Rate_EOP : 0.6468111011370178
Portfolio_Flows : 0.1824960489606861
--------------------

