--------------------
id : 7328278668
corr_coef : -0.37956983201693567
explain variance ratio : 0.40039987863492355
Weight :
Risk_Premium : -0.2231744985044183
Stock_Prices_mom%_change : -0.10057404348377552
Stock_Market_Volatility : -0.2821527501744198
Current_Account_Balance_over_GDP : -0.4899591852942952
Bank_Lending_mo12m%_change : -0.5364010573498073
Velocity_of_Money_mo12m%_change : -0.3230325292476894
Foreign_Exchange_Reserve_over_GDP : -0.4778406826874791
--------------------

