--------------------
id : 7344098764
corr_coef : -0.04991627781664684
explain variance ratio : 0.3890596793649071
Weight :
Term_Premium : 0.47625913228720235
Stock_Prices_mom24mma%_change : 0.1931883326802727
One-Day_Repo_Rate_EOP : 0.5366505619687278
Policy_Rate_&_Fed_Funds_Rate_Differential_AVG : 0.22422303321106157
REER : 0.39361792864158246
Current_Account_Balance_change_yryr% : 0.20398453416422221
Foreign_Exchange_Reserve_change_yryr% : 0.44837590124721577
--------------------

