--------------------
id : 7422619284
corr_coef : 0.07273297562394374
explain variance ratio : 0.30051108867683657
Weight :
Term_Premium : 0.49749951327374836
Stock_Prices_mom%_change : 0.1157995215320139
Stock_Prices_mom24mma%_change : 0.21102305509232577
Stock_Market_Volatility : 0.1507661777934102
One-Day_Repo_Rate_EOP : 0.6343691096532966
Policy_Rate_&_Fed_Funds_Rate_Differential_AVG : 0.42799500045527866
Portfolio_Flows : 0.2936318226306155
--------------------

