--------------------
id : 7439700922
corr_coef : -0.1013132723141772
explain variance ratio : 0.3328245480130526
Weight :
Term_Premium : 0.5530560948961206
Stock_Prices_mom%_change : 0.02114063239390518
Stock_Prices_mom24mma%_change : 0.24949961341229904
Stock_Market_Volatility : 0.0030537241107106983
Policy_Rate_&_Fed_Funds_Rate_Differential_AVG : 0.27154261740893293
One-Day_Repo_Rate_EOP : 0.5984885841679695
Foreign_Exchange_Reserve_change_yryr% : 0.4466527384755776
--------------------

