--------------------
id : 7544403458
corr_coef : -0.07346074730100462
explain variance ratio : 0.4193350115118231
Weight :
Term_Premium : 0.5882259257213032
Stock_Prices_mom24mma%_change : 0.26582088870132137
REER : 0.41155009371497564
One-Day_Repo_Rate_EOP : 0.6277584377041604
Portfolio_Flows : 0.14098006842735733
--------------------

