--------------------
id : 7571355323
corr_coef : 0.1036063478436871
explain variance ratio : 0.33828407439622793
Weight :
Term_Premium : -0.48920248365546776
Stock_Prices_mom24mma%_change : -0.13804624288718537
Policy_Rate_&_Fed_Funds_Rate_Differential_EOP : -0.37046692143357574
Current_Account_Balance_change_yryr% : -0.25178538935334427
REER : -0.34731304206405944
One-Day_Repo_Rate_AVG : -0.6117693637589148
Portfolio_Flows : -0.21469615511226509
--------------------

