--------------------
id : 7583630123
corr_coef : -0.39132610455914013
explain variance ratio : 0.39883280614722527
Weight :
Risk_Premium : -0.2360360052002671
Stock_Prices_mom24mma%_change : -0.0647514046905
Stock_Market_Volatility : -0.27237658555122496
Current_Account_Balance_over_GDP : -0.48980297772019676
Foreign_Exchange_Reserve_over_GDP : -0.4732478816643989
Velocity_of_Money_mo12m%_change : -0.3361745813985434
Bank_Lending_mo12m%_change : -0.5376070980011931
--------------------

