--------------------
id : 7583476053
corr_coef : -0.04308603062100631
explain variance ratio : 0.33855992493164294
Weight :
Term_Premium : 0.5151188655607513
Stock_Prices_mom24mma%_change : 0.22613036615162097
Stock_Market_Volatility : 0.040266431421804263
One-Day_Repo_Rate_AVG : 0.5922431288906997
Policy_Rate_&_Fed_Funds_Rate_Differential_AVG : 0.32203164171755294
Portfolio_Flows : 0.21470836169333585
Foreign_Exchange_Reserve_change_yryr% : 0.42584063190530275
--------------------

