--------------------
id : 7653379897
corr_coef : 0.15971337223110363
explain variance ratio : 0.4068327898447901
Weight :
Term_Premium : 0.5170276746862855
Stock_Prices_mom24mma%_change : 0.05701871819706816
One-Day_Repo_Rate_AVG : 0.5263230057150499
REER : 0.4763386199502463
Current_Account_Balance_change_yryr% : 0.12254400679925384
Portfolio_Flows : 0.031388894395981776
Broad_Money_mo12m%_change : 0.4577276110186134
--------------------

