--------------------
id : 7694861538
corr_coef : 0.10384873656925143
explain variance ratio : 0.3370280579966116
Weight :
Term_Premium : -0.49083029239603554
Stock_Prices_mom24mma%_change : -0.13675232949209504
One-Day_Repo_Rate_AVG : -0.6139623431242845
Policy_Rate_&_Fed_Funds_Rate_Differential_AVG : -0.3652836287533908
REER : -0.3477536834954241
Current_Account_Balance_change_yryr% : -0.2515886670645906
Portfolio_Flows : -0.21394638219663206
--------------------

