--------------------
id : 7789365573
corr_coef : -0.222431201692256
explain variance ratio : 0.39423310216990315
Weight :
Term_Premium : 0.532033648306924
Stock_Prices_mom24mma%_change : 0.33204608711637085
Current_Account_Balance_change_yryr% : 0.25934187256051466
One-Day_Repo_Rate_EOP : 0.5484538510332487
Portfolio_Flows : 0.1651762395996577
Foreign_Exchange_Reserve_change_yryr% : 0.459720098968114
--------------------

