--------------------
id : 7930642692
corr_coef : 0.10384873656925103
explain variance ratio : 0.3370280579966113
Weight :
Term_Premium : -0.4908302923960358
Stock_Prices_mom24mma%_change : -0.13675232949209537
Current_Account_Balance_change_yryr% : -0.25158866706459104
REER : -0.3477536834954241
Policy_Rate_&_Fed_Funds_Rate_Differential_AVG : -0.36528362875339077
One-Day_Repo_Rate_AVG : -0.6139623431242838
Portfolio_Flows : -0.21394638219663234
--------------------

