--------------------
id : 7989876112
corr_coef : 0.18821103533070954
explain variance ratio : 0.4155193847925829
Weight :
Term_Premium : 0.4947829400318204
Stock_Prices_mom24mma%_change : 0.016698170625354614
One-Day_Repo_Rate_EOP : 0.540346727611714
Policy_Rate_&_Fed_Funds_Rate_Differential_AVG : 0.1688121509734094
REER : 0.4783377006096186
Current_Account_Balance_change_yryr% : 0.11638584810311794
Broad_Money_mo12m%_change : 0.43827646928747854
--------------------

