--------------------
id : 7990057914
corr_coef : 0.09833716383554865
explain variance ratio : 0.37396320587534365
Weight :
Term_Premium : 0.540798414090311
Stock_Prices_mom24mma%_change : 0.10639030715806308
Current_Account_Balance_change_yryr% : 0.12153221573504022
One-Day_Repo_Rate_EOP : 0.5346369337766601
Portfolio_Flows : 0.0489174239516363
Broad_Money_mo12m%_change : 0.47923012252264163
Foreign_Exchange_Reserve_change_yryr% : 0.40442183761699857
--------------------

