--------------------
id : 8013113102
corr_coef : 0.17930006031249124
explain variance ratio : 0.38589261476066017
Weight :
Term_Premium : 0.5776619490919
Stock_Prices_mom24mma%_change : 0.022059974253129
One-Day_Repo_Rate_AVG : 0.5695881864398906
Current_Account_Balance_change_yryr% : 0.11117410694546363
Portfolio_Flows : 0.008661818931328447
Broad_Money_mo12m%_change : 0.573545655386817
--------------------

