--------------------
id : 8046146826
corr_coef : -0.23562087691705455
explain variance ratio : 0.41392301533508447
Weight :
Term_Premium : 0.4967211650506813
Stock_Prices_mom24mma%_change : 0.33174048045090365
REER : 0.4837551763171667
Current_Account_Balance_change_yryr% : 0.2380207547228035
Foreign_Exchange_Reserve_change_yryr% : 0.5937536421180347
--------------------

