--------------------
id : 8052659364
corr_coef : 0.15165776799422356
explain variance ratio : 0.47642328583164933
Weight :
Term_Premium : 0.517851078324407
Stock_Prices_mom24mma%_change : 0.06168229040979445
One-Day_Repo_Rate_EOP : 0.5267151995509447
REER : 0.4787526427814026
Current_Account_Balance_change_yryr% : 0.12182297141709339
Broad_Money_mo12m%_change : 0.45447961995560515
--------------------

