--------------------
id : 8075605709
corr_coef : -0.23856090334884425
explain variance ratio : 0.348497050268227
Weight :
Term_Premium : 0.4803599042448176
Stock_Prices_mom24mma%_change : 0.33550465337743796
REER : 0.4756546034526724
Current_Account_Balance_change_yryr% : 0.24840172825653567
Portfolio_Flows : 0.14007469302045564
Foreign_Exchange_Reserve_change_yryr% : 0.5908632243968716
--------------------

