--------------------
id : 8112500981
corr_coef : 0.11503971090350193
explain variance ratio : 0.4651359808156578
Weight :
Term_Premium : 0.4672410217077543
Stock_Prices_mom24mma%_change : 0.0649956842485091
REER : 0.477176091396015
Policy_Rate_&_Fed_Funds_Rate_Differential_AVG : 0.13168982004197527
One-Day_Repo_Rate_AVG : 0.48788014020205783
Broad_Money_mo12m%_change : 0.3805331076586102
Foreign_Exchange_Reserve_change_yryr% : 0.38676825171153345
--------------------

