--------------------
id : 8266785929
corr_coef : 0.1505077405713169
explain variance ratio : 0.37277784989938806
Weight :
Term_Premium : 0.5313005469977251
Stock_Prices_mom24mma%_change : 0.04527202787868523
One-Day_Repo_Rate_AVG : 0.5560634945269509
Policy_Rate_&_Fed_Funds_Rate_Differential_AVG : 0.1473805335416438
Portfolio_Flows : 0.06489809864938324
Broad_Money_mo12m%_change : 0.4819949679106525
Foreign_Exchange_Reserve_change_yryr% : 0.3849826338156422
--------------------

