--------------------
id : 8276903581
corr_coef : -0.22400568359512768
explain variance ratio : 0.3750163086301646
Weight :
Term_Premium : 0.5523211665607097
Stock_Prices_mom%_change : 0.08547115891792645
Stock_Prices_mom24mma%_change : 0.3550583830800131
One-Day_Repo_Rate_AVG : 0.5527120836581831
Portfolio_Flows : 0.16609070012227223
Foreign_Exchange_Reserve_change_yryr% : 0.47800919078818305
--------------------

