--------------------
id : 8396790569
corr_coef : -0.3835726078709946
explain variance ratio : 0.38090721863359417
Weight :
Risk_Premium : -0.27410412902882314
Stock_Prices_mom24mma%_change : -0.01166204581575081
Stock_Market_Volatility : -0.27381498299750606
Current_Account_Balance_over_GDP : -0.5605785486487218
Foreign_Exchange_Reserve_over_GDP : -0.482823932018476
Bank_Lending_mo12m%_change : -0.5498990995518432
--------------------

