--------------------
id : 8405560514
corr_coef : -0.5026194946607945
explain variance ratio : 0.4485876750828809
Weight :
Risk_Premium : -0.4802404706528142
Stock_Prices_mom%_change : -0.1734408610146554
Current_Account_Balance_over_GDP : -0.6797087290760693
Bank_Lending_mo12m%_change : -0.5265770614976059
--------------------

