--------------------
id : 8424612788
corr_coef : -0.6618091019287213
explain variance ratio : 0.3727904119562372
Weight :
Risk_Premium : -0.4984048902683697
Stock_Prices_mom%_change : -0.250055147163769
Stock_Prices_mom24mma%_change : -0.2545568360236836
Current_Account_Balance_over_GDP : -0.6046621404404527
Bank_Lending_mo12m%_change : -0.5085759548829076
--------------------

