--------------------
id : 8428630245
corr_coef : 0.08185493283778394
explain variance ratio : 0.3387316914291624
Weight :
Term_Premium : -0.4926338620006779
Stock_Prices_mom24mma%_change : -0.1475198736850848
One-Day_Repo_Rate_EOP : -0.6146329191758514
Policy_Rate_&_Fed_Funds_Rate_Differential_AVG : -0.355270656604672
REER : -0.34952698385247294
Current_Account_Balance_change_yryr% : -0.25393173276992403
Portfolio_Flows : -0.21191616915834538
--------------------

