--------------------
id : 8448980519
corr_coef : -0.6412186329137691
explain variance ratio : 0.332272031719346
Weight :
Risk_Premium : -0.45388386955865956
Stock_Prices_mom%_change : -0.12925933204109985
Stock_Prices_mom24mma%_change : -0.1851282660492518
Current_Account_Balance_over_GDP : -0.6007335638258928
Velocity_of_Money_mo12m%_change : -0.42499705782285235
Foreign_Exchange_Reserve_over_GDP : -0.448893828515502
--------------------

