--------------------
id : 8448302907
corr_coef : 0.08316399850070046
explain variance ratio : 0.34022604683842145
Weight :
Term_Premium : -0.49033922109936706
Stock_Prices_mom24mma%_change : -0.14792638221298338
One-Day_Repo_Rate_EOP : -0.6127057749637548
REER : -0.3486167537566737
Policy_Rate_&_Fed_Funds_Rate_Differential_EOP : -0.3621337850882571
Current_Account_Balance_change_yryr% : -0.2536854721546974
Portfolio_Flows : -0.21271113966731542
--------------------

