--------------------
id : 8495555960
corr_coef : -0.03540196901688225
explain variance ratio : 0.38708197441202696
Weight :
Term_Premium : 0.4767143632160832
Stock_Prices_mom24mma%_change : 0.18662472279062492
One-Day_Repo_Rate_AVG : 0.5329751757110702
REER : 0.393999457373294
Policy_Rate_&_Fed_Funds_Rate_Differential_EOP : 0.2408842031811158
Current_Account_Balance_change_yryr% : 0.2036714857972252
Foreign_Exchange_Reserve_change_yryr% : 0.44621658972192074
--------------------

