--------------------
id : 8550080504
corr_coef : -0.017832381101116918
explain variance ratio : 0.38635310117416727
Weight :
Term_Premium : 0.4633253110901933
Stock_Prices_mom24mma%_change : 0.18140203460052395
One-Day_Repo_Rate_EOP : 0.5424101283655807
REER : 0.3957809572937224
Policy_Rate_&_Fed_Funds_Rate_Differential_EOP : 0.263580599769926
Portfolio_Flows : 0.16414162668891333
Foreign_Exchange_Reserve_change_yryr% : 0.45293977331308405
--------------------

