--------------------
id : 8605681848
corr_coef : -0.23533286438363699
explain variance ratio : 0.339181577894654
Weight :
Term_Premium : -0.5233843636330519
Stock_Prices_mom%_change : -0.0831518165935421
Stock_Prices_mom24mma%_change : -0.3480137071648448
One-Day_Repo_Rate_EOP : -0.5427507832899323
Current_Account_Balance_change_yryr% : -0.25892675218401084
Portfolio_Flows : -0.17472032427210085
Foreign_Exchange_Reserve_change_yryr% : -0.4537536506242745
--------------------

