--------------------
id : 8626116443
corr_coef : 0.10709436192731142
explain variance ratio : 0.46798975627929434
Weight :
Term_Premium : 0.4652200259118948
Stock_Prices_mom24mma%_change : 0.07057664145869735
REER : 0.4781109722144725
Policy_Rate_&_Fed_Funds_Rate_Differential_AVG : 0.12719592430320353
One-Day_Repo_Rate_EOP : 0.49066130482735376
Broad_Money_mo12m%_change : 0.3756066684458962
Foreign_Exchange_Reserve_change_yryr% : 0.3898608403312984
--------------------

