--------------------
id : 8878229898
corr_coef : -0.4267873818395351
explain variance ratio : 0.3545326885643407
Weight :
Risk_Premium : -0.48442824278360697
Stock_Prices_mom%_change : -0.1623599620350168
Stock_Market_Volatility : -0.1728520209364292
Current_Account_Balance_over_GDP : -0.6781408979963902
Foreign_Exchange_Reserve_over_GDP : -0.499215005427939
--------------------

