--------------------
id : 8898220616
corr_coef : -0.02148690155575742
explain variance ratio : 0.38478024713563663
Weight :
Term_Premium : 0.46555557825513055
Stock_Prices_mom24mma%_change : 0.18291054145457353
REER : 0.39736946596127676
Policy_Rate_&_Fed_Funds_Rate_Differential_AVG : 0.2528219734196018
One-Day_Repo_Rate_EOP : 0.5433144944862371
Portfolio_Flows : 0.1628366801466294
Foreign_Exchange_Reserve_change_yryr% : 0.4541738327316793
--------------------

