--------------------
id : 8927790243
corr_coef : -0.05067710354542989
explain variance ratio : 0.36996019014685816
Weight :
Term_Premium : 0.6269410641139184
Stock_Prices_mom%_change : 0.015816434486938258
One-Day_Repo_Rate_AVG : 0.6726336151202357
Current_Account_Balance_change_yryr% : 0.34285040982581955
Portfolio_Flows : 0.19160469415016487
--------------------

