--------------------
id : 9144597575
corr_coef : -0.39400872533437953
explain variance ratio : 0.44196180885788244
Weight :
Risk_Premium : -0.2507185924804548
Stock_Prices_mom%_change : -0.06001737519538608
Current_Account_Balance_over_GDP : -0.5207954718226464
Bank_Lending_mo12m%_change : -0.5450361502051693
Velocity_of_Money_mo12m%_change : -0.3524000281760638
Foreign_Exchange_Reserve_over_GDP : -0.4909786081891358
--------------------

