--------------------
id : 9149346859
corr_coef : 0.07985384530973731
explain variance ratio : 0.4673911032093739
Weight :
Term_Premium : 0.4708143173906808
Stock_Prices_mom24mma%_change : 0.10315899610605828
Current_Account_Balance_change_yryr% : 0.11480673370257741
REER : 0.4766161558284589
One-Day_Repo_Rate_EOP : 0.47636721995525433
Broad_Money_mo12m%_change : 0.37804572158223454
Foreign_Exchange_Reserve_change_yryr% : 0.39686806133481584
--------------------

