--------------------
id : 9164814230
corr_coef : -0.33841368938677446
explain variance ratio : 0.37833241636581344
Weight :
Risk_Premium : -0.2629060078620276
Stock_Prices_mom%_change : -0.1540072842413429
Stock_Market_Volatility : -0.2979019971140174
Current_Account_Balance_over_GDP : -0.5565818437708078
Bank_Lending_mo12m%_change : -0.5463709182655664
Foreign_Exchange_Reserve_over_GDP : -0.4583798189323644
--------------------

