--------------------
id : 9169442192
corr_coef : -0.19911385533420414
explain variance ratio : 0.3015581781370816
Weight :
Term_Premium : 0.4780353845443791
Stock_Prices_mom24mma%_change : 0.2932365877033617
Policy_Rate_&_Fed_Funds_Rate_Differential_EOP : 0.14421863113470135
Current_Account_Balance_change_yryr% : 0.25315182370432543
REER : 0.47829433860256987
Portfolio_Flows : 0.17576952441836705
Foreign_Exchange_Reserve_change_yryr% : 0.5839085675778998
--------------------

