--------------------
id : 9213783950
corr_coef : -0.4176546743673279
explain variance ratio : 0.3897258147973921
Weight :
Risk_Premium : -0.32463689681322283
Stock_Prices_mom%_change : -0.2553103161116598
Stock_Market_Volatility : -0.4059609912226431
Current_Account_Balance_over_GDP : -0.5770426440946271
Bank_Lending_mo12m%_change : -0.5758862632640724
--------------------

