--------------------
id : 9365139601
corr_coef : 0.08740939129313398
explain variance ratio : 0.46051812539520187
Weight :
Term_Premium : 0.47747224975837926
Stock_Prices_mom24mma%_change : 0.09791286302961744
REER : 0.47665896877558117
One-Day_Repo_Rate_AVG : 0.47613061127253514
Portfolio_Flows : 0.043559213242999245
Broad_Money_mo12m%_change : 0.3854383179985169
Foreign_Exchange_Reserve_change_yryr% : 0.3975790341795989
--------------------

