--------------------
id : 9438431024
corr_coef : -0.3043754273395703
explain variance ratio : 0.32114676043224094
Weight :
Term_Premium : -0.5421592941776742
Stock_Prices_mom%_change : -0.26163468224075204
Stock_Prices_mom24mma%_change : -0.45410305067006873
Stock_Market_Volatility : -0.19343758158395577
One-Day_Repo_Rate_EOP : -0.5753965320753658
Portfolio_Flows : -0.25080220306902723
--------------------

