--------------------
id : 9493188224
corr_coef : 0.15165776799422337
explain variance ratio : 0.4764232858316495
Weight :
Term_Premium : 0.5178510783244074
Stock_Prices_mom24mma%_change : 0.06168229040979478
Current_Account_Balance_change_yryr% : 0.12182297141709345
REER : 0.478752642781403
One-Day_Repo_Rate_EOP : 0.5267151995509448
Broad_Money_mo12m%_change : 0.45447961995560526
--------------------

