--------------------
id : 9497814057
corr_coef : -0.753135545201015
explain variance ratio : 0.42598582946900343
Weight :
Risk_Premium : -0.5840866140681366
Stock_Market_Volatility : -0.25185691679749234
Current_Account_Balance_over_GDP : -0.6513099935417576
Velocity_of_Money_mo12m%_change : -0.41377072520940494
--------------------

