--------------------
id : 9550194834
corr_coef : -0.23101401545831798
explain variance ratio : 0.3353827725320383
Weight :
Term_Premium : -0.5275391531809522
Stock_Prices_mom%_change : -0.0837764262992069
Stock_Prices_mom24mma%_change : -0.34730799423174075
One-Day_Repo_Rate_AVG : -0.5378545635266665
Current_Account_Balance_change_yryr% : -0.2605338344736341
Portfolio_Flows : -0.17654785626458452
Foreign_Exchange_Reserve_change_yryr% : -0.4535708913023059
--------------------

