--------------------
id : 9630709879
corr_coef : -0.049916277816647515
explain variance ratio : 0.38905967936490693
Weight :
Term_Premium : 0.47625913228720257
Stock_Prices_mom24mma%_change : 0.1931883326802729
Current_Account_Balance_change_yryr% : 0.20398453416422224
REER : 0.3936179286415822
Policy_Rate_&_Fed_Funds_Rate_Differential_AVG : 0.2242230332110613
One-Day_Repo_Rate_EOP : 0.5366505619687271
Foreign_Exchange_Reserve_change_yryr% : 0.4483759012472159
--------------------

