--------------------
id : 9633568791
corr_coef : 0.1100605370026388
explain variance ratio : 0.43010811088034345
Weight :
Term_Premium : 0.5515938420139814
Stock_Prices_mom24mma%_change : 0.09245747206969956
One-Day_Repo_Rate_AVG : 0.5337277661796375
Portfolio_Flows : 0.0354186776392693
Broad_Money_mo12m%_change : 0.49343967372094666
Foreign_Exchange_Reserve_change_yryr% : 0.39698025970075745
--------------------

