--------------------
id : 9694972938
corr_coef : -0.040361810167036334
explain variance ratio : 0.3731044782855765
Weight :
Term_Premium : 0.5309662645036549
Stock_Prices_mom24mma%_change : 0.1498136273077313
Policy_Rate_&_Fed_Funds_Rate_Differential_EOP : 0.028147034306034546
Current_Account_Balance_change_yryr% : 0.13498820303667478
REER : 0.5368820122107018
Broad_Money_mo12m%_change : 0.3957135680278349
Foreign_Exchange_Reserve_change_yryr% : 0.4814406604929703
--------------------

