--------------------
id : 9802454209
corr_coef : 0.08155261398048419
explain variance ratio : 0.4637089418376333
Weight :
Term_Premium : 0.47443124886192345
Stock_Prices_mom24mma%_change : 0.10200556273689365
One-Day_Repo_Rate_EOP : 0.4801718795100227
REER : 0.47719347944562196
Portfolio_Flows : 0.04487528003525297
Broad_Money_mo12m%_change : 0.379908127973584
Foreign_Exchange_Reserve_change_yryr% : 0.3998590102996339
--------------------

