--------------------
id : 9848720971
corr_coef : -0.037623139056531606
explain variance ratio : 0.36893730961781446
Weight :
Term_Premium : 0.5395423564433869
Stock_Prices_mom24mma%_change : 0.14542163384168716
REER : 0.5383443434930919
Policy_Rate_&_Fed_Funds_Rate_Differential_EOP : 0.033686610031692266
Portfolio_Flows : 0.019876997210126812
Broad_Money_mo12m%_change : 0.40098862215684605
Foreign_Exchange_Reserve_change_yryr% : 0.48539695511051406
--------------------

