--------------------
id : 9859185374
corr_coef : -0.1163905196972658
explain variance ratio : 0.4355820637327664
Weight :
Term_Premium : 0.4929766788226017
Stock_Prices_mom24mma%_change : 0.24756953710749063
One-Day_Repo_Rate_AVG : 0.5066644015215025
REER : 0.40963182707572376
Current_Account_Balance_change_yryr% : 0.209578993957139
Foreign_Exchange_Reserve_change_yryr% : 0.4767105140468336
--------------------

