--------------------
id : 9893410715
corr_coef : -0.7693154706407566
explain variance ratio : 0.41589884466389715
Weight :
Risk_Premium : -0.6229325063893987
Stock_Prices_mom%_change : -0.10025796754089367
Current_Account_Balance_over_GDP : -0.6582034574717628
Velocity_of_Money_mo12m%_change : -0.41069653151713875
--------------------

