--------------------
id : 9971616569
corr_coef : 0.0841529097208493
explain variance ratio : 0.31353743324331096
Weight :
Term_Premium : 0.49094490030660076
Stock_Prices_mom24mma%_change : 0.17817413891254197
Stock_Market_Volatility : 0.10074563260577833
One-Day_Repo_Rate_AVG : 0.6219912513662236
Policy_Rate_&_Fed_Funds_Rate_Differential_EOP : 0.42257600341058366
Current_Account_Balance_change_yryr% : 0.2786520963149229
Portfolio_Flows : 0.27200516976942485
--------------------

